circular21Timestamp;circular21XPos;circular21YPos;circular21newCorr;circular21smoothCorr
15.508;-2.681709;2.457453;;
15.552;-2.674637;2.503083;;
15.776;-2.593154;2.80535;;
15.9880859;;;-0.590072699256741;-0.590072699256741
15.776;-2.593154;2.80535;;
16.014;-2.447553;3.100108;;
16.07;-2.39552;3.178408;;
16.0773229;;;-0.334647336846159;-0.46236001805145
16.014;-2.447553;3.100108;;
16.07;-2.39552;3.178408;;
16.158;-2.318845;3.278343;;
16.1660571;;;-0.63448299284309;-0.519734342981997
16.014;-2.447553;3.100108;;
16.07;-2.39552;3.178408;;
16.158;-2.318845;3.278343;;
16.2552938;;;-0.63448299284309;-0.54842150544727
16.07;-2.39552;3.178408;;
16.158;-2.318845;3.278343;;
16.268;-2.213211;3.393904;;
16.27;-2.212783;3.394372;;
16.292;-2.190647;3.415968;;
16.314;-2.168105;3.437137;;
16.315;-2.167894;3.437335;;
16.336;-2.14487;3.458148;;
16.3445303;;;-0.792931617076253;-0.597323527773067
16.158;-2.318845;3.278343;;
16.268;-2.213211;3.393904;;
16.27;-2.212783;3.394372;;
16.292;-2.190647;3.415968;;
16.314;-2.168105;3.437137;;
16.315;-2.167894;3.437335;;
16.336;-2.14487;3.458148;;
16.379;-2.096935;3.499052;;
16.424;-2.047618;3.537978;;
16.4342681;;;-0.82858895626026;-0.635867765854266
16.268;-2.213211;3.393904;;
16.27;-2.212783;3.394372;;
16.292;-2.190647;3.415968;;
16.314;-2.168105;3.437137;;
16.315;-2.167894;3.437335;;
16.336;-2.14487;3.458148;;
16.379;-2.096935;3.499052;;
16.424;-2.047618;3.537978;;
16.492;-1.970738;3.592883;;
16.515;-1.944304;3.610295;;
16.516;-1.944062;3.610455;;
16.5240053;;;-0.5417046220192;-0.622415888163542
16.314;-2.168105;3.437137;;
16.315;-2.167894;3.437335;;
16.336;-2.14487;3.458148;;
16.379;-2.096935;3.499052;;
16.424;-2.047618;3.537978;;
16.492;-1.970738;3.592883;;
16.515;-1.944304;3.610295;;
16.516;-1.944062;3.610455;;
16.536;-1.918279;3.626714;;
16.538;-1.917713;3.627072;;
16.558;-1.891616;3.642851;;
16.56;-1.891294;3.643045;;
16.58;-1.864705;3.658444;;
16.582;-1.864378;3.658633;;
16.608;-1.840659;3.671767;;
16.613;-1.8365;3.67407;;
16.618255;;;-0.776283080070709;-0.641649287151938
16.424;-2.047618;3.537978;;
16.492;-1.970738;3.592883;;
16.515;-1.944304;3.610295;;
16.516;-1.944062;3.610455;;
16.536;-1.918279;3.626714;;
16.538;-1.917713;3.627072;;
16.558;-1.891616;3.642851;;
16.56;-1.891294;3.643045;;
16.58;-1.864705;3.658444;;
16.582;-1.864378;3.658633;;
16.608;-1.840659;3.671767;;
16.613;-1.8365;3.67407;;
16.626;-1.808238;3.689008;;
16.627;-1.807784;3.689248;;
16.647;-1.780013;3.703242;;
16.648;-1.779667;3.703417;;
16.669;-1.752521;3.716455;;
16.671;-1.751968;3.716721;;
16.692;-1.722939;3.729987;;
16.693;-1.722655;3.730117;;
16.702478;;;-0.766779776394073;-0.655552674845509
16.492;-1.970738;3.592883;;
16.515;-1.944304;3.610295;;
16.516;-1.944062;3.610455;;
16.536;-1.918279;3.626714;;
16.538;-1.917713;3.627072;;
16.558;-1.891616;3.642851;;
16.56;-1.891294;3.643045;;
16.58;-1.864705;3.658444;;
16.582;-1.864378;3.658633;;
16.608;-1.840659;3.671767;;
16.613;-1.8365;3.67407;;
16.626;-1.808238;3.689008;;
16.627;-1.807784;3.689248;;
16.647;-1.780013;3.703242;;
16.648;-1.779667;3.703417;;
16.669;-1.752521;3.716455;;
16.671;-1.751968;3.716721;;
16.692;-1.722939;3.729987;;
16.693;-1.722655;3.730117;;
16.714;-1.695494;3.741914;;
16.715;-1.695247;3.742021;;
16.736;-1.66666;3.753811;;
16.738;-1.666364;3.753933;;
16.76;-1.636628;3.76553;;
16.761;-1.636287;3.765662;;
16.7801839;;;-0.632548373602141;-0.653252244721172
16.558;-1.891616;3.642851;;
16.56;-1.891294;3.643045;;
16.58;-1.864705;3.658444;;
16.582;-1.864378;3.658633;;
16.608;-1.840659;3.671767;;
16.613;-1.8365;3.67407;;
16.626;-1.808238;3.689008;;
16.627;-1.807784;3.689248;;
16.647;-1.780013;3.703242;;
16.648;-1.779667;3.703417;;
16.669;-1.752521;3.716455;;
16.671;-1.751968;3.716721;;
16.692;-1.722939;3.729987;;
16.693;-1.722655;3.730117;;
16.714;-1.695494;3.741914;;
16.715;-1.695247;3.742021;;
16.736;-1.66666;3.753811;;
16.738;-1.666364;3.753933;;
16.76;-1.636628;3.76553;;
16.761;-1.636287;3.765662;;
16.782;-1.607447;3.776273;;
16.783;-1.607153;3.776381;;
16.804;-1.578446;3.786332;;
16.806;-1.577852;3.786538;;
16.827;-1.5472;3.796504;;
16.828;-1.546942;3.796588;;
16.849;-1.518307;3.805298;;
16.85;-1.51806;3.805374;;
16.8588923;;;-0.00677146089736158;-0.594481264373553
16.626;-1.808238;3.689008;;
16.627;-1.807784;3.689248;;
16.647;-1.780013;3.703242;;
16.648;-1.779667;3.703417;;
16.669;-1.752521;3.716455;;
16.671;-1.751968;3.716721;;
16.692;-1.722939;3.729987;;
16.693;-1.722655;3.730117;;
16.714;-1.695494;3.741914;;
16.715;-1.695247;3.742021;;
16.736;-1.66666;3.753811;;
16.738;-1.666364;3.753933;;
16.76;-1.636628;3.76553;;
16.761;-1.636287;3.765662;;
16.782;-1.607447;3.776273;;
16.783;-1.607153;3.776381;;
16.804;-1.578446;3.786332;;
16.806;-1.577852;3.786538;;
16.827;-1.5472;3.796504;;
16.828;-1.546942;3.796588;;
16.849;-1.518307;3.805298;;
16.85;-1.51806;3.805374;;
16.87;-1.488175;3.813856;;
16.872;-1.487804;3.813962;;
16.893;-1.457042;3.822052;;
16.894;-1.45674;3.822131;;
16.915;-1.42726;3.829289;;
16.916;-1.42726;3.829289;;
16.937601;;;0.00130127848157885;-0.540719993670069
16.714;-1.695494;3.741914;;
16.715;-1.695247;3.742021;;
16.736;-1.66666;3.753811;;
16.738;-1.666364;3.753933;;
16.76;-1.636628;3.76553;;
16.761;-1.636287;3.765662;;
16.782;-1.607447;3.776273;;
16.783;-1.607153;3.776381;;
16.804;-1.578446;3.786332;;
16.806;-1.577852;3.786538;;
16.827;-1.5472;3.796504;;
16.828;-1.546942;3.796588;;
16.849;-1.518307;3.805298;;
16.85;-1.51806;3.805374;;
16.87;-1.488175;3.813856;;
16.872;-1.487804;3.813962;;
16.893;-1.457042;3.822052;;
16.894;-1.45674;3.822131;;
16.915;-1.42726;3.829289;;
16.916;-1.42726;3.829289;;
16.937;-1.396501;3.836144;;
16.939;-1.39614;3.836224;;
16.959;-1.364707;3.842582;;
16.961;-1.364387;3.84265;;
16.981;-1.350268;3.8453;;
16.982;-1.336603;3.847733;;
17.003;-1.318675;3.850766;;
17.005;-1.30546;3.852858;;
17.0153066;;;0.00611162932405018;-0.509741905836414
16.804;-1.578446;3.786332;;
16.806;-1.577852;3.786538;;
16.827;-1.5472;3.796504;;
16.828;-1.546942;3.796588;;
16.849;-1.518307;3.805298;;
16.85;-1.51806;3.805374;;
16.87;-1.488175;3.813856;;
16.872;-1.487804;3.813962;;
16.893;-1.457042;3.822052;;
16.894;-1.45674;3.822131;;
16.915;-1.42726;3.829289;;
16.916;-1.42726;3.829289;;
16.937;-1.396501;3.836144;;
16.939;-1.39614;3.836224;;
16.959;-1.364707;3.842582;;
16.961;-1.364387;3.84265;;
16.981;-1.350268;3.8453;;
16.982;-1.336603;3.847733;;
17.003;-1.318675;3.850766;;
17.005;-1.30546;3.852858;;
17.025;-1.288015;3.855468;;
17.026;-1.287838;3.855494;;
17.046;-1.256572;3.859674;;
17.047;-1.256253;3.859717;;
17.068;-1.225698;3.863205;;
17.07;-1.225061;3.863278;;
17.089;-1.209644;3.864815;;
17.091;-1.209469;3.864833;;
17.0935135;;;0.0315721950752306;-0.449191434207475
16.87;-1.488175;3.813856;;
16.872;-1.487804;3.813962;;
16.893;-1.457042;3.822052;;
16.894;-1.45674;3.822131;;
16.915;-1.42726;3.829289;;
16.916;-1.42726;3.829289;;
16.937;-1.396501;3.836144;;
16.939;-1.39614;3.836224;;
16.959;-1.364707;3.842582;;
16.961;-1.364387;3.84265;;
16.981;-1.350268;3.8453;;
16.982;-1.336603;3.847733;;
17.003;-1.318675;3.850766;;
17.005;-1.30546;3.852858;;
17.025;-1.288015;3.855468;;
17.026;-1.287838;3.855494;;
17.046;-1.256572;3.859674;;
17.047;-1.256253;3.859717;;
17.068;-1.225698;3.863205;;
17.07;-1.225061;3.863278;;
17.089;-1.209644;3.864815;;
17.091;-1.209469;3.864833;;
17.111;-1.167105;3.8683;;
17.112;-1.167105;3.8683;;
17.132;-1.131772;3.870345;;
17.154;-1.101275;3.871503;;
17.155;-1.101001;3.871513;;
17.1712199;;;0.0201700256492451;-0.389677523435445
16.937;-1.396501;3.836144;;
16.939;-1.39614;3.836224;;
16.959;-1.364707;3.842582;;
16.961;-1.364387;3.84265;;
16.981;-1.350268;3.8453;;
16.982;-1.336603;3.847733;;
17.003;-1.318675;3.850766;;
17.005;-1.30546;3.852858;;
17.025;-1.288015;3.855468;;
17.026;-1.287838;3.855494;;
17.046;-1.256572;3.859674;;
17.047;-1.256253;3.859717;;
17.068;-1.225698;3.863205;;
17.07;-1.225061;3.863278;;
17.089;-1.209644;3.864815;;
17.091;-1.209469;3.864833;;
17.111;-1.167105;3.8683;;
17.112;-1.167105;3.8683;;
17.132;-1.131772;3.870345;;
17.154;-1.101275;3.871503;;
17.155;-1.101001;3.871513;;
17.175;-1.069149;3.872108;;
17.177;-1.068802;3.872114;;
17.199;-1.037839;3.872094;;
17.2;-1.037555;3.872094;;
17.202;-1.037502;3.872094;;
17.222;-1.005977;3.871466;;
17.2504296;;;0.00510097683662258;-0.317129105807002
17.026;-1.287838;3.855494;;
17.046;-1.256572;3.859674;;
17.047;-1.256253;3.859717;;
17.068;-1.225698;3.863205;;
17.07;-1.225061;3.863278;;
17.089;-1.209644;3.864815;;
17.091;-1.209469;3.864833;;
17.111;-1.167105;3.8683;;
17.112;-1.167105;3.8683;;
17.132;-1.131772;3.870345;;
17.154;-1.101275;3.871503;;
17.155;-1.101001;3.871513;;
17.175;-1.069149;3.872108;;
17.177;-1.068802;3.872114;;
17.199;-1.037839;3.872094;;
17.2;-1.037555;3.872094;;
17.202;-1.037502;3.872094;;
17.222;-1.005977;3.871466;;
17.251;-0.9613947;3.869511;;
17.254;-0.9585297;3.869386;;
17.279;-0.9267433;3.867222;;
17.28;-0.9265015;3.867206;;
17.281;-0.9264347;3.867201;;
17.301;-0.8961501;3.864553;;
17.323;-0.865736;3.861328;;
17.325;-0.8654754;3.8613;;
17.326;-0.8653951;3.861292;;
17.328135;;;0.40954729412999;-0.256572739145586
17.111;-1.167105;3.8683;;
17.112;-1.167105;3.8683;;
17.132;-1.131772;3.870345;;
17.154;-1.101275;3.871503;;
17.155;-1.101001;3.871513;;
17.175;-1.069149;3.872108;;
17.177;-1.068802;3.872114;;
17.199;-1.037839;3.872094;;
17.2;-1.037555;3.872094;;
17.202;-1.037502;3.872094;;
17.222;-1.005977;3.871466;;
17.251;-0.9613947;3.869511;;
17.254;-0.9585297;3.869386;;
17.279;-0.9267433;3.867222;;
17.28;-0.9265015;3.867206;;
17.281;-0.9264347;3.867201;;
17.301;-0.8961501;3.864553;;
17.323;-0.865736;3.861328;;
17.325;-0.8654754;3.8613;;
17.326;-0.8653951;3.861292;;
17.346;-0.833993;3.857352;;
17.347;-0.833993;3.857352;;
17.37;-0.8029174;3.852844;;
17.371;-0.8026468;3.852804;;
17.393;-0.7711916;3.847615;;
17.394;-0.7709025;3.847568;;
17.4058409;;;0.927958078242968;-0.11019381960365
17.199;-1.037839;3.872094;;
17.2;-1.037555;3.872094;;
17.202;-1.037502;3.872094;;
17.222;-1.005977;3.871466;;
17.251;-0.9613947;3.869511;;
17.254;-0.9585297;3.869386;;
17.279;-0.9267433;3.867222;;
17.28;-0.9265015;3.867206;;
17.281;-0.9264347;3.867201;;
17.301;-0.8961501;3.864553;;
17.323;-0.865736;3.861328;;
17.325;-0.8654754;3.8613;;
17.326;-0.8653951;3.861292;;
17.346;-0.833993;3.857352;;
17.347;-0.833993;3.857352;;
17.37;-0.8029174;3.852844;;
17.371;-0.8026468;3.852804;;
17.393;-0.7711916;3.847615;;
17.394;-0.7709025;3.847568;;
17.415;-0.7418453;3.84221;;
17.416;-0.7415004;3.842146;;
17.436;-0.710723;3.835867;;
17.438;-0.7100661;3.835733;;
17.459;-0.6804457;3.8291;;
17.46;-0.6801786;3.82904;;
17.481;-0.6501397;3.821717;;
17.482;-0.6498643;3.82165;;
17.4840483;;;0.981824766653806;0.0167669627857672
17.279;-0.9267433;3.867222;;
17.28;-0.9265015;3.867206;;
17.281;-0.9264347;3.867201;;
17.301;-0.8961501;3.864553;;
17.323;-0.865736;3.861328;;
17.325;-0.8654754;3.8613;;
17.326;-0.8653951;3.861292;;
17.346;-0.833993;3.857352;;
17.347;-0.833993;3.857352;;
17.37;-0.8029174;3.852844;;
17.371;-0.8026468;3.852804;;
17.393;-0.7711916;3.847615;;
17.394;-0.7709025;3.847568;;
17.415;-0.7418453;3.84221;;
17.416;-0.7415004;3.842146;;
17.436;-0.710723;3.835867;;
17.438;-0.7100661;3.835733;;
17.459;-0.6804457;3.8291;;
17.46;-0.6801786;3.82904;;
17.481;-0.6501397;3.821717;;
17.482;-0.6498643;3.82165;;
17.503;-0.6191844;3.813542;;
17.504;-0.6188992;3.813467;;
17.525;-0.5891138;3.804979;;
17.546;-0.5590527;3.795794;;
17.551;-0.5588597;3.795735;;
17.556;-0.5587004;3.795686;;
17.5602501;;;0.987235958325964;0.163726882652157
17.346;-0.833993;3.857352;;
17.347;-0.833993;3.857352;;
17.37;-0.8029174;3.852844;;
17.371;-0.8026468;3.852804;;
17.393;-0.7711916;3.847615;;
17.394;-0.7709025;3.847568;;
17.415;-0.7418453;3.84221;;
17.416;-0.7415004;3.842146;;
17.436;-0.710723;3.835867;;
17.438;-0.7100661;3.835733;;
17.459;-0.6804457;3.8291;;
17.46;-0.6801786;3.82904;;
17.481;-0.6501397;3.821717;;
17.482;-0.6498643;3.82165;;
17.503;-0.6191844;3.813542;;
17.504;-0.6188992;3.813467;;
17.525;-0.5891138;3.804979;;
17.546;-0.5590527;3.795794;;
17.551;-0.5588597;3.795735;;
17.556;-0.5587004;3.795686;;
17.568;-0.5442445;3.79104;;
17.588;-0.5027238;3.776863;;
17.59;-0.5022049;3.776686;;
17.61;-0.4700775;3.764845;;
17.611;-0.4697499;3.764724;;
17.631;-0.4408963;3.753429;;
17.632;-0.440529;3.753285;;
17.6404626;;;0.974183455078309;0.308807151941522
17.415;-0.7418453;3.84221;;
17.416;-0.7415004;3.842146;;
17.436;-0.710723;3.835867;;
17.438;-0.7100661;3.835733;;
17.459;-0.6804457;3.8291;;
17.46;-0.6801786;3.82904;;
17.481;-0.6501397;3.821717;;
17.482;-0.6498643;3.82165;;
17.503;-0.6191844;3.813542;;
17.504;-0.6188992;3.813467;;
17.525;-0.5891138;3.804979;;
17.546;-0.5590527;3.795794;;
17.551;-0.5588597;3.795735;;
17.556;-0.5587004;3.795686;;
17.568;-0.5442445;3.79104;;
17.588;-0.5027238;3.776863;;
17.59;-0.5022049;3.776686;;
17.61;-0.4700775;3.764845;;
17.611;-0.4697499;3.764724;;
17.631;-0.4408963;3.753429;;
17.632;-0.440529;3.753285;;
17.652;-0.4121725;3.741554;;
17.654;-0.4114788;3.741267;;
17.675;-0.3836192;3.729118;;
17.677;-0.3832911;3.728975;;
17.696;-0.3548009;3.715902;;
17.697;-0.3544812;3.715755;;
17.7181687;;;0.984160692635939;0.443532907461362
17.503;-0.6191844;3.813542;;
17.504;-0.6188992;3.813467;;
17.525;-0.5891138;3.804979;;
17.546;-0.5590527;3.795794;;
17.551;-0.5588597;3.795735;;
17.556;-0.5587004;3.795686;;
17.568;-0.5442445;3.79104;;
17.588;-0.5027238;3.776863;;
17.59;-0.5022049;3.776686;;
17.61;-0.4700775;3.764845;;
17.611;-0.4697499;3.764724;;
17.631;-0.4408963;3.753429;;
17.632;-0.440529;3.753285;;
17.652;-0.4121725;3.741554;;
17.654;-0.4114788;3.741267;;
17.675;-0.3836192;3.729118;;
17.677;-0.3832911;3.728975;;
17.696;-0.3548009;3.715902;;
17.697;-0.3544812;3.715755;;
17.719;-0.3265224;3.702271;;
17.72;-0.3265094;3.702265;;
17.742;-0.3120016;3.695014;;
17.742;-0.302951;3.690379;;
17.763;-0.2698645;3.672906;;
17.765;-0.2695252;3.672726;;
17.786;-0.2436506;3.658352;;
17.787;-0.2428813;3.657924;;
17.7963756;;;0.989015368639279;0.526515143256082
17.556;-0.5587004;3.795686;;
17.568;-0.5442445;3.79104;;
17.588;-0.5027238;3.776863;;
17.59;-0.5022049;3.776686;;
17.61;-0.4700775;3.764845;;
17.611;-0.4697499;3.764724;;
17.631;-0.4408963;3.753429;;
17.632;-0.440529;3.753285;;
17.652;-0.4121725;3.741554;;
17.654;-0.4114788;3.741267;;
17.675;-0.3836192;3.729118;;
17.677;-0.3832911;3.728975;;
17.696;-0.3548009;3.715902;;
17.697;-0.3544812;3.715755;;
17.719;-0.3265224;3.702271;;
17.72;-0.3265094;3.702265;;
17.742;-0.3120016;3.695014;;
17.742;-0.302951;3.690379;;
17.763;-0.2698645;3.672906;;
17.765;-0.2695252;3.672726;;
17.786;-0.2436506;3.658352;;
17.787;-0.2428813;3.657924;;
17.808;-0.215108;3.641794;;
17.809;-0.2148376;3.641637;;
17.829;-0.2028058;3.634419;;
17.831;-0.1904829;3.62687;;
17.853;-0.1758049;3.617703;;
17.8745828;;;0.97569986385123;0.60771502537022
17.652;-0.4121725;3.741554;;
17.654;-0.4114788;3.741267;;
17.675;-0.3836192;3.729118;;
17.677;-0.3832911;3.728975;;
17.696;-0.3548009;3.715902;;
17.697;-0.3544812;3.715755;;
17.719;-0.3265224;3.702271;;
17.72;-0.3265094;3.702265;;
17.742;-0.3120016;3.695014;;
17.742;-0.302951;3.690379;;
17.763;-0.2698645;3.672906;;
17.765;-0.2695252;3.672726;;
17.786;-0.2436506;3.658352;;
17.787;-0.2428813;3.657924;;
17.808;-0.215108;3.641794;;
17.809;-0.2148376;3.641637;;
17.829;-0.2028058;3.634419;;
17.831;-0.1904829;3.62687;;
17.853;-0.1758049;3.617703;;
17.875;-0.1354234;3.59132;;
17.876;-0.1354048;3.591308;;
17.897;-0.1111476;3.574634;;
17.898;-0.1105584;3.574229;;
17.919;-0.09755632;3.565013;;
17.921;-0.08624632;3.556835;;
17.943;-0.05879075;3.536392;;
17.9537927;;;0.820165740290201;0.675552867950732
17.742;-0.3120016;3.695014;;
17.742;-0.302951;3.690379;;
17.763;-0.2698645;3.672906;;
17.765;-0.2695252;3.672726;;
17.786;-0.2436506;3.658352;;
17.787;-0.2428813;3.657924;;
17.808;-0.215108;3.641794;;
17.809;-0.2148376;3.641637;;
17.829;-0.2028058;3.634419;;
17.831;-0.1904829;3.62687;;
17.853;-0.1758049;3.617703;;
17.875;-0.1354234;3.59132;;
17.876;-0.1354048;3.591308;;
17.897;-0.1111476;3.574634;;
17.898;-0.1105584;3.574229;;
17.919;-0.09755632;3.565013;;
17.921;-0.08624632;3.556835;;
17.943;-0.05879075;3.536392;;
17.964;-0.03518305;3.518076;;
17.965;-0.03490227;3.517858;;
17.986;-0.02202786;3.507571;;
17.988;-0.01152469;3.499012;;
18.009;0.0136533;3.477926;;
18.018;0.01395137;3.477676;;
18.031;0.03688981;3.45768;;
18.0314986;;;-0.719725816567176;0.612944700313865
17.808;-0.215108;3.641794;;
17.809;-0.2148376;3.641637;;
17.829;-0.2028058;3.634419;;
17.831;-0.1904829;3.62687;;
17.853;-0.1758049;3.617703;;
17.875;-0.1354234;3.59132;;
17.876;-0.1354048;3.591308;;
17.897;-0.1111476;3.574634;;
17.898;-0.1105584;3.574229;;
17.919;-0.09755632;3.565013;;
17.921;-0.08624632;3.556835;;
17.943;-0.05879075;3.536392;;
17.964;-0.03518305;3.518076;;
17.965;-0.03490227;3.517858;;
17.986;-0.02202786;3.507571;;
17.988;-0.01152469;3.499012;;
18.009;0.0136533;3.477926;;
18.018;0.01395137;3.477676;;
18.031;0.03688981;3.45768;;
18.033;0.0373246;3.4573;;
18.076;0.07118942;3.426345;;
18.077;0.08141859;3.416633;;
18.078;0.08370952;3.414458;;
18.079;0.0843683;3.413833;;
18.098;0.09444364;3.404068;;
18.1092037;;;-0.888777813684192;0.537199047036079
17.897;-0.1111476;3.574634;;
17.898;-0.1105584;3.574229;;
17.919;-0.09755632;3.565013;;
17.921;-0.08624632;3.556835;;
17.943;-0.05879075;3.536392;;
17.964;-0.03518305;3.518076;;
17.965;-0.03490227;3.517858;;
17.986;-0.02202786;3.507571;;
17.988;-0.01152469;3.499012;;
18.009;0.0136533;3.477926;;
18.018;0.01395137;3.477676;;
18.031;0.03688981;3.45768;;
18.033;0.0373246;3.4573;;
18.076;0.07118942;3.426345;;
18.077;0.08141859;3.416633;;
18.078;0.08370952;3.414458;;
18.079;0.0843683;3.413833;;
18.098;0.09444364;3.404068;;
18.165;0.1602867;3.335882;;
18.166;0.167869;3.327494;;
18.187;0.1813104;3.312383;;
18.1884139;;;-0.74840835222769;0.474406602947386
17.897;-0.1111476;3.574634;;
17.898;-0.1105584;3.574229;;
17.919;-0.09755632;3.565013;;
17.921;-0.08624632;3.556835;;
17.943;-0.05879075;3.536392;;
17.964;-0.03518305;3.518076;;
17.965;-0.03490227;3.517858;;
17.986;-0.02202786;3.507571;;
17.988;-0.01152469;3.499012;;
18.009;0.0136533;3.477926;;
18.018;0.01395137;3.477676;;
18.031;0.03688981;3.45768;;
18.033;0.0373246;3.4573;;
18.076;0.07118942;3.426345;;
18.077;0.08141859;3.416633;;
18.078;0.08370952;3.414458;;
18.079;0.0843683;3.413833;;
18.098;0.09444364;3.404068;;
18.165;0.1602867;3.335882;;
18.166;0.167869;3.327494;;
18.187;0.1813104;3.312383;;
18.2661198;;;-0.74840835222769;0.377910299084246
18.009;0.0136533;3.477926;;
18.018;0.01395137;3.477676;;
18.031;0.03688981;3.45768;;
18.033;0.0373246;3.4573;;
18.076;0.07118942;3.426345;;
18.077;0.08141859;3.416633;;
18.078;0.08370952;3.414458;;
18.079;0.0843683;3.413833;;
18.098;0.09444364;3.404068;;
18.165;0.1602867;3.335882;;
18.166;0.167869;3.327494;;
18.187;0.1813104;3.312383;;
18.189;0.1905356;3.301762;;
18.299;0.2788545;3.189822;;
18.3443269;;;-0.89745460696854;0.22579257531662
18.165;0.1602867;3.335882;;
18.166;0.167869;3.327494;;
18.187;0.1813104;3.312383;;
18.189;0.1905356;3.301762;;
18.299;0.2788545;3.189822;;
18.389;0.3486578;3.084723;;
18.39;0.354797;3.074569;;
18.41;0.3647408;3.057813;;
18.434065;;;-0.19327062122628;0.127867959659946
18.299;0.2788545;3.189822;;
18.389;0.3486578;3.084723;;
18.39;0.354797;3.074569;;
18.41;0.3647408;3.057813;;
18.459;0.4025994;2.989307;;
18.499;0.4239099;2.947026;;
18.5233009;;;0.718130460383895;0.105442501498107
18.299;0.2788545;3.189822;;
18.389;0.3486578;3.084723;;
18.39;0.354797;3.074569;;
18.41;0.3647408;3.057813;;
18.459;0.4025994;2.989307;;
18.499;0.4239099;2.947026;;
18.6120357;;;0.718130460383895;0.0841047519402393
18.389;0.3486578;3.084723;;
18.39;0.354797;3.074569;;
18.41;0.3647408;3.057813;;
18.459;0.4025994;2.989307;;
18.499;0.4239099;2.947026;;
18.659;0.5111612;2.72905;;
18.66;0.5112686;2.728782;;
18.661;0.5112917;2.728724;;
18.7017749;;;0.387358199189485;0.0343712108197014
18.499;0.4239099;2.947026;;
18.659;0.5111612;2.72905;;
18.66;0.5112686;2.728782;;
18.661;0.5112917;2.728724;;
18.704;0.5292739;2.668444;;
18.705;0.5293459;2.668202;;
18.726;0.5372726;2.638563;;
18.727;0.5373403;2.63831;;
18.747;0.5448679;2.607846;;
18.748;0.5449448;2.607535;;
18.769;0.5518637;2.577021;;
18.77;0.5519314;2.576722;;
18.7804823;;;0.0463550326812495;-0.044183817176801
18.659;0.5111612;2.72905;;
18.66;0.5112686;2.728782;;
18.661;0.5112917;2.728724;;
18.704;0.5292739;2.668444;;
18.705;0.5293459;2.668202;;
18.726;0.5372726;2.638563;;
18.727;0.5373403;2.63831;;
18.747;0.5448679;2.607846;;
18.748;0.5449448;2.607535;;
18.769;0.5518637;2.577021;;
18.77;0.5519314;2.576722;;
18.791;0.5581475;2.546665;;
18.812;0.5612716;2.530402;;
18.813;0.5613033;2.530237;;
18.835;0.5665948;2.500338;;
18.836;0.5684711;2.488791;;
18.837;0.5691761;2.484452;;
18.858;0.5737381;2.453618;;
18.859;0.5737381;2.453618;;
18.8697188;;;-0.0158393330000377;-0.126812083581073
18.659;0.5111612;2.72905;;
18.66;0.5112686;2.728782;;
18.661;0.5112917;2.728724;;
18.704;0.5292739;2.668444;;
18.705;0.5293459;2.668202;;
18.726;0.5372726;2.638563;;
18.727;0.5373403;2.63831;;
18.747;0.5448679;2.607846;;
18.748;0.5449448;2.607535;;
18.769;0.5518637;2.577021;;
18.77;0.5519314;2.576722;;
18.791;0.5581475;2.546665;;
18.812;0.5612716;2.530402;;
18.813;0.5613033;2.530237;;
18.835;0.5665948;2.500338;;
18.836;0.5684711;2.488791;;
18.837;0.5691761;2.484452;;
18.858;0.5737381;2.453618;;
18.859;0.5737381;2.453618;;
18.88;0.5777522;2.422319;;
18.881;0.5778001;2.421946;;
18.902;0.5795507;2.406528;;
18.924;0.5825739;2.376061;;
18.926;0.5838;2.361685;;
18.947;0.5861599;2.328539;;
18.9474247;;;0.0128869065258477;-0.194085319728103
18.726;0.5372726;2.638563;;
18.727;0.5373403;2.63831;;
18.747;0.5448679;2.607846;;
18.748;0.5449448;2.607535;;
18.769;0.5518637;2.577021;;
18.77;0.5519314;2.576722;;
18.791;0.5581475;2.546665;;
18.812;0.5612716;2.530402;;
18.813;0.5613033;2.530237;;
18.835;0.5665948;2.500338;;
18.836;0.5684711;2.488791;;
18.837;0.5691761;2.484452;;
18.858;0.5737381;2.453618;;
18.859;0.5737381;2.453618;;
18.88;0.5777522;2.422319;;
18.881;0.5778001;2.421946;;
18.902;0.5795507;2.406528;;
18.924;0.5825739;2.376061;;
18.926;0.5838;2.361685;;
18.947;0.5861599;2.328539;;
18.948;0.586183;2.328216;;
18.949;0.586185;2.328187;;
18.971;0.5877563;2.297464;;
18.992;0.5883444;2.28165;;
18.993;0.5887126;2.268207;;
18.994;0.5887724;2.266027;;
19.014;0.589066;2.249526;;
19.014;0.589066;2.249526;;
19.0256314;;;0.832545494230558;-0.064729377161625
18.812;0.5612716;2.530402;;
18.813;0.5613033;2.530237;;
18.835;0.5665948;2.500338;;
18.836;0.5684711;2.488791;;
18.837;0.5691761;2.484452;;
18.858;0.5737381;2.453618;;
18.859;0.5737381;2.453618;;
18.88;0.5777522;2.422319;;
18.881;0.5778001;2.421946;;
18.902;0.5795507;2.406528;;
18.924;0.5825739;2.376061;;
18.926;0.5838;2.361685;;
18.947;0.5861599;2.328539;;
18.948;0.586183;2.328216;;
18.949;0.586185;2.328187;;
18.971;0.5877563;2.297464;;
18.992;0.5883444;2.28165;;
18.993;0.5887126;2.268207;;
18.994;0.5887724;2.266027;;
19.014;0.589066;2.249526;;
19.014;0.589066;2.249526;;
19.036;0.5891601;2.218662;;
19.059;0.5881823;2.17118;;
19.064;0.5881764;2.170892;;
19.069;0.588172;2.170682;;
19.081;0.587607;2.156469;;
19.102;0.5857954;2.123098;;
19.103;0.5857819;2.12285;;
19.1048413;;;0.888544720532509;0.0833808340231002
18.88;0.5777522;2.422319;;
18.881;0.5778001;2.421946;;
18.902;0.5795507;2.406528;;
18.924;0.5825739;2.376061;;
18.926;0.5838;2.361685;;
18.947;0.5861599;2.328539;;
18.948;0.586183;2.328216;;
18.949;0.586185;2.328187;;
18.971;0.5877563;2.297464;;
18.992;0.5883444;2.28165;;
18.993;0.5887126;2.268207;;
18.994;0.5887724;2.266027;;
19.014;0.589066;2.249526;;
19.014;0.589066;2.249526;;
19.036;0.5891601;2.218662;;
19.059;0.5881823;2.17118;;
19.064;0.5881764;2.170892;;
19.069;0.588172;2.170682;;
19.081;0.587607;2.156469;;
19.102;0.5857954;2.123098;;
19.103;0.5857819;2.12285;;
19.105;0.5848956;2.10998;;
19.126;0.5821782;2.077072;;
19.127;0.5821462;2.076665;;
19.148;0.580763;2.062446;;
19.171;0.5771199;2.029881;;
19.172;0.5755232;2.017245;;
19.1820464;;;0.577571808299111;0.193879180733667
18.947;0.5861599;2.328539;;
18.948;0.586183;2.328216;;
18.949;0.586185;2.328187;;
18.971;0.5877563;2.297464;;
18.992;0.5883444;2.28165;;
18.993;0.5887126;2.268207;;
18.994;0.5887724;2.266027;;
19.014;0.589066;2.249526;;
19.014;0.589066;2.249526;;
19.036;0.5891601;2.218662;;
19.059;0.5881823;2.17118;;
19.064;0.5881764;2.170892;;
19.069;0.588172;2.170682;;
19.081;0.587607;2.156469;;
19.102;0.5857954;2.123098;;
19.103;0.5857819;2.12285;;
19.105;0.5848956;2.10998;;
19.126;0.5821782;2.077072;;
19.127;0.5821462;2.076665;;
19.148;0.580763;2.062446;;
19.171;0.5771199;2.029881;;
19.172;0.5755232;2.017245;;
19.193;0.5709189;1.984354;;
19.195;0.5708226;1.983666;;
19.217;0.5659302;1.953183;;
19.218;0.5658865;1.952911;;
19.239;0.5603542;1.922197;;
19.24;0.5602977;1.921883;;
19.2607543;;;-0.0486849712107405;0.252189462485079
19.036;0.5891601;2.218662;;
19.059;0.5881823;2.17118;;
19.064;0.5881764;2.170892;;
19.069;0.588172;2.170682;;
19.081;0.587607;2.156469;;
19.102;0.5857954;2.123098;;
19.103;0.5857819;2.12285;;
19.105;0.5848956;2.10998;;
19.126;0.5821782;2.077072;;
19.127;0.5821462;2.076665;;
19.148;0.580763;2.062446;;
19.171;0.5771199;2.029881;;
19.172;0.5755232;2.017245;;
19.193;0.5709189;1.984354;;
19.195;0.5708226;1.983666;;
19.217;0.5659302;1.953183;;
19.218;0.5658865;1.952911;;
19.239;0.5603542;1.922197;;
19.24;0.5602977;1.921883;;
19.262;0.5540304;1.890583;;
19.264;0.5540243;1.890552;;
19.285;0.5474022;1.860464;;
19.286;0.5473461;1.860209;;
19.306;0.5400958;1.830019;;
19.307;0.5400054;1.829642;;
19.328;0.5320373;1.799077;;
19.329;0.5319666;1.798806;;
19.33846;;;0.000320729527190089;0.327004073859724
19.126;0.5821782;2.077072;;
19.127;0.5821462;2.076665;;
19.148;0.580763;2.062446;;
19.171;0.5771199;2.029881;;
19.172;0.5755232;2.017245;;
19.193;0.5709189;1.984354;;
19.195;0.5708226;1.983666;;
19.217;0.5659302;1.953183;;
19.218;0.5658865;1.952911;;
19.239;0.5603542;1.922197;;
19.24;0.5602977;1.921883;;
19.262;0.5540304;1.890583;;
19.264;0.5540243;1.890552;;
19.285;0.5474022;1.860464;;
19.286;0.5473461;1.860209;;
19.306;0.5400958;1.830019;;
19.307;0.5400054;1.829642;;
19.328;0.5320373;1.799077;;
19.329;0.5319666;1.798806;;
19.349;0.5282049;1.785162;;
19.371;0.5192873;1.754504;;
19.372;0.5192013;1.754208;;
19.394;0.5101743;1.725264;;
19.395;0.505304;1.710401;;
19.396;0.5044063;1.707661;;
19.416;0.500026;1.694739;;
19.4176704;;;-0.0110204070685102;0.342191591706204
19.193;0.5709189;1.984354;;
19.195;0.5708226;1.983666;;
19.217;0.5659302;1.953183;;
19.218;0.5658865;1.952911;;
19.239;0.5603542;1.922197;;
19.24;0.5602977;1.921883;;
19.262;0.5540304;1.890583;;
19.264;0.5540243;1.890552;;
19.285;0.5474022;1.860464;;
19.286;0.5473461;1.860209;;
19.306;0.5400958;1.830019;;
19.307;0.5400054;1.829642;;
19.328;0.5320373;1.799077;;
19.329;0.5319666;1.798806;;
19.349;0.5282049;1.785162;;
19.371;0.5192873;1.754504;;
19.372;0.5192013;1.754208;;
19.394;0.5101743;1.725264;;
19.395;0.505304;1.710401;;
19.396;0.5044063;1.707661;;
19.416;0.500026;1.694739;;
19.417;0.4953962;1.681479;;
19.439;0.4893629;1.664664;;
19.44;0.4836846;1.649352;;
19.46;0.4784673;1.635692;;
19.462;0.4737216;1.623605;;
19.483;0.4668405;1.606475;;
19.4948753;;;-0.241135419920291;0.262252768347522
19.239;0.5603542;1.922197;;
19.24;0.5602977;1.921883;;
19.262;0.5540304;1.890583;;
19.264;0.5540243;1.890552;;
19.285;0.5474022;1.860464;;
19.286;0.5473461;1.860209;;
19.306;0.5400958;1.830019;;
19.307;0.5400054;1.829642;;
19.328;0.5320373;1.799077;;
19.329;0.5319666;1.798806;;
19.349;0.5282049;1.785162;;
19.371;0.5192873;1.754504;;
19.372;0.5192013;1.754208;;
19.394;0.5101743;1.725264;;
19.395;0.505304;1.710401;;
19.396;0.5044063;1.707661;;
19.416;0.500026;1.694739;;
19.417;0.4953962;1.681479;;
19.439;0.4893629;1.664664;;
19.44;0.4836846;1.649352;;
19.46;0.4784673;1.635692;;
19.462;0.4737216;1.623605;;
19.483;0.4668405;1.606475;;
19.506;0.4546673;1.577515;;
19.529;0.4351324;1.534009;;
19.53;0.4349726;1.533653;;
19.5730817;;;-0.264270635759786;0.180386010335549
19.239;0.5603542;1.922197;;
19.24;0.5602977;1.921883;;
19.262;0.5540304;1.890583;;
19.264;0.5540243;1.890552;;
19.285;0.5474022;1.860464;;
19.286;0.5473461;1.860209;;
19.306;0.5400958;1.830019;;
19.307;0.5400054;1.829642;;
19.328;0.5320373;1.799077;;
19.329;0.5319666;1.798806;;
19.349;0.5282049;1.785162;;
19.371;0.5192873;1.754504;;
19.372;0.5192013;1.754208;;
19.394;0.5101743;1.725264;;
19.395;0.505304;1.710401;;
19.396;0.5044063;1.707661;;
19.416;0.500026;1.694739;;
19.417;0.4953962;1.681479;;
19.439;0.4893629;1.664664;;
19.44;0.4836846;1.649352;;
19.46;0.4784673;1.635692;;
19.462;0.4737216;1.623605;;
19.483;0.4668405;1.606475;;
19.506;0.4546673;1.577515;;
19.529;0.4351324;1.534009;;
19.53;0.4349726;1.533653;;
19.6512888;;;-0.264270635759786;0.12608360742311
19.439;0.4893629;1.664664;;
19.44;0.4836846;1.649352;;
19.46;0.4784673;1.635692;;
19.462;0.4737216;1.623605;;
19.483;0.4668405;1.606475;;
19.506;0.4546673;1.577515;;
19.529;0.4351324;1.534009;;
19.53;0.4349726;1.533653;;
19.664;0.3463447;1.368967;;
19.665;0.3462103;1.368717;;
19.666;0.346179;1.368659;;
19.683;0.3293725;1.341874;;
19.691;0.3293725;1.341874;;
19.73;0.303321;1.302495;;
19.7299975;;;0.0176000662167732;0.123687360217737
19.506;0.4546673;1.577515;;
19.529;0.4351324;1.534009;;
19.53;0.4349726;1.533653;;
19.664;0.3463447;1.368967;;
19.665;0.3462103;1.368717;;
19.666;0.346179;1.368659;;
19.683;0.3293725;1.341874;;
19.691;0.3293725;1.341874;;
19.73;0.303321;1.302495;;
19.73;0.2940857;1.289095;;
19.732;0.2950107;1.290437;;
19.733;0.2942396;1.289318;;
19.753;0.2762441;1.264003;;
19.775;0.2577252;1.238965;;
19.777;0.2575421;1.238718;;
19.778;0.2575176;1.238684;;
19.797;0.2387187;1.214262;;
19.798;0.2385121;1.213994;;
19.8082044;;;0.0278675017596503;0.127329596447711
19.664;0.3463447;1.368967;;
19.665;0.3462103;1.368717;;
19.666;0.346179;1.368659;;
19.683;0.3293725;1.341874;;
19.691;0.3293725;1.341874;;
19.73;0.303321;1.302495;;
19.73;0.2940857;1.289095;;
19.732;0.2950107;1.290437;;
19.733;0.2942396;1.289318;;
19.753;0.2762441;1.264003;;
19.775;0.2577252;1.238965;;
19.777;0.2575421;1.238718;;
19.778;0.2575176;1.238684;;
19.797;0.2387187;1.214262;;
19.798;0.2385121;1.213994;;
19.82;0.2190781;1.189722;;
19.843;0.1989651;1.165538;;
19.844;0.1989651;1.165538;;
19.845;0.1989651;1.165538;;
19.865;0.1789166;1.142354;;
19.866;0.1787128;1.142118;;
19.8864118;;;0.156848976562213;0.139326435617408
19.664;0.3463447;1.368967;;
19.665;0.3462103;1.368717;;
19.666;0.346179;1.368659;;
19.683;0.3293725;1.341874;;
19.691;0.3293725;1.341874;;
19.73;0.303321;1.302495;;
19.73;0.2940857;1.289095;;
19.732;0.2950107;1.290437;;
19.733;0.2942396;1.289318;;
19.753;0.2762441;1.264003;;
19.775;0.2577252;1.238965;;
19.777;0.2575421;1.238718;;
19.778;0.2575176;1.238684;;
19.797;0.2387187;1.214262;;
19.798;0.2385121;1.213994;;
19.82;0.2190781;1.189722;;
19.843;0.1989651;1.165538;;
19.844;0.1989651;1.165538;;
19.845;0.1989651;1.165538;;
19.865;0.1789166;1.142354;;
19.866;0.1787128;1.142118;;
19.887;0.157659;1.11869;;
19.888;0.157647;1.118676;;
19.909;0.1359838;1.095479;;
19.91;0.1357713;1.095252;;
19.932;0.1147358;1.073573;;
19.954;0.09255145;1.051551;;
19.955;0.0921986;1.051201;;
19.956;0.09203683;1.051041;;
19.9641177;;;0.344716533757775;0.0986740222446758
19.753;0.2762441;1.264003;;
19.775;0.2577252;1.238965;;
19.777;0.2575421;1.238718;;
19.778;0.2575176;1.238684;;
19.797;0.2387187;1.214262;;
19.798;0.2385121;1.213994;;
19.82;0.2190781;1.189722;;
19.843;0.1989651;1.165538;;
19.844;0.1989651;1.165538;;
19.845;0.1989651;1.165538;;
19.865;0.1789166;1.142354;;
19.866;0.1787128;1.142118;;
19.887;0.157659;1.11869;;
19.888;0.157647;1.118676;;
19.909;0.1359838;1.095479;;
19.91;0.1357713;1.095252;;
19.932;0.1147358;1.073573;;
19.954;0.09255145;1.051551;;
19.955;0.0921986;1.051201;;
19.956;0.09203683;1.051041;;
19.976;0.06897316;1.029029;;
20.007;0.04645729;1.008336;;
20.008;0.04631212;1.008202;;
20.009;0.04628262;1.008175;;
20.01;0.04627512;1.008168;;
20.019;0.02299953;0.9875882;;
20.04;0.006615691;0.9735469;;
20.042;0.006447472;0.9734028;;
20.0423246;;;0.795504750286443;0.0909206913908369
19.82;0.2190781;1.189722;;
19.843;0.1989651;1.165538;;
19.844;0.1989651;1.165538;;
19.845;0.1989651;1.165538;;
19.865;0.1789166;1.142354;;
19.866;0.1787128;1.142118;;
19.887;0.157659;1.11869;;
19.888;0.157647;1.118676;;
19.909;0.1359838;1.095479;;
19.91;0.1357713;1.095252;;
19.932;0.1147358;1.073573;;
19.954;0.09255145;1.051551;;
19.955;0.0921986;1.051201;;
19.956;0.09203683;1.051041;;
19.976;0.06897316;1.029029;;
20.007;0.04645729;1.008336;;
20.008;0.04631212;1.008202;;
20.009;0.04628262;1.008175;;
20.01;0.04627512;1.008168;;
20.019;0.02299953;0.9875882;;
20.04;0.006615691;0.9735469;;
20.042;0.006447472;0.9734028;;
20.063;-0.01317608;0.9570839;;
20.064;-0.01332806;0.9569575;;
20.085;-0.03767171;0.9374235;;
20.087;-0.04978544;0.9279808;;
20.109;-0.06287656;0.9179673;;
20.11;-0.07615768;0.9080247;;
20.1200302;;;0.678484734343798;0.0993301018945608
19.909;0.1359838;1.095479;;
19.91;0.1357713;1.095252;;
19.932;0.1147358;1.073573;;
19.954;0.09255145;1.051551;;
19.955;0.0921986;1.051201;;
19.956;0.09203683;1.051041;;
19.976;0.06897316;1.029029;;
20.007;0.04645729;1.008336;;
20.008;0.04631212;1.008202;;
20.009;0.04628262;1.008175;;
20.01;0.04627512;1.008168;;
20.019;0.02299953;0.9875882;;
20.04;0.006615691;0.9735469;;
20.042;0.006447472;0.9734028;;
20.063;-0.01317608;0.9570839;;
20.064;-0.01332806;0.9569575;;
20.085;-0.03767171;0.9374235;;
20.087;-0.04978544;0.9279808;;
20.109;-0.06287656;0.9179673;;
20.11;-0.07615768;0.9080247;;
20.131;-0.08774476;0.8995227;;
20.132;-0.09909107;0.8913592;;
20.153;-0.1130753;0.88147;;
20.155;-0.1233953;0.8743348;;
20.175;-0.1389572;0.8637533;;
20.197;-0.1655277;0.8463085;;
20.198;-0.1657812;0.8461421;;
20.1997414;;;0.0497705836249144;0.107534731464199
19.976;0.06897316;1.029029;;
20.007;0.04645729;1.008336;;
20.008;0.04631212;1.008202;;
20.009;0.04628262;1.008175;;
20.01;0.04627512;1.008168;;
20.019;0.02299953;0.9875882;;
20.04;0.006615691;0.9735469;;
20.042;0.006447472;0.9734028;;
20.063;-0.01317608;0.9570839;;
20.064;-0.01332806;0.9569575;;
20.085;-0.03767171;0.9374235;;
20.087;-0.04978544;0.9279808;;
20.109;-0.06287656;0.9179673;;
20.11;-0.07615768;0.9080247;;
20.131;-0.08774476;0.8995227;;
20.132;-0.09909107;0.8913592;;
20.153;-0.1130753;0.88147;;
20.155;-0.1233953;0.8743348;;
20.175;-0.1389572;0.8637533;;
20.197;-0.1655277;0.8463085;;
20.198;-0.1657812;0.8461421;;
20.219;-0.1918342;0.8297462;;
20.221;-0.2014878;0.8238662;;
20.244;-0.2186538;0.8135616;;
20.245;-0.2295593;0.8072004;;
20.266;-0.2458433;0.7978555;;
20.267;-0.2574686;0.7913713;;
20.276946;;;0.0101759126498699;0.108355996724422
20.04;0.006615691;0.9735469;;
20.042;0.006447472;0.9734028;;
20.063;-0.01317608;0.9570839;;
20.064;-0.01332806;0.9569575;;
20.085;-0.03767171;0.9374235;;
20.087;-0.04978544;0.9279808;;
20.109;-0.06287656;0.9179673;;
20.11;-0.07615768;0.9080247;;
20.131;-0.08774476;0.8995227;;
20.132;-0.09909107;0.8913592;;
20.153;-0.1130753;0.88147;;
20.155;-0.1233953;0.8743348;;
20.175;-0.1389572;0.8637533;;
20.197;-0.1655277;0.8463085;;
20.198;-0.1657812;0.8461421;;
20.219;-0.1918342;0.8297462;;
20.221;-0.2014878;0.8238662;;
20.244;-0.2186538;0.8135616;;
20.245;-0.2295593;0.8072004;;
20.266;-0.2458433;0.7978555;;
20.267;-0.2574686;0.7913713;;
20.288;-0.2884285;0.7746218;;
20.29;-0.2887479;0.774449;;
20.312;-0.3157323;0.7605646;;
20.313;-0.3159682;0.7604432;;
20.334;-0.3433822;0.7469795;;
20.334;-0.3435738;0.7468854;;
20.355655;;;-0.0239752735378844;0.107276424518641
20.131;-0.08774476;0.8995227;;
20.132;-0.09909107;0.8913592;;
20.153;-0.1130753;0.88147;;
20.155;-0.1233953;0.8743348;;
20.175;-0.1389572;0.8637533;;
20.197;-0.1655277;0.8463085;;
20.198;-0.1657812;0.8461421;;
20.219;-0.1918342;0.8297462;;
20.221;-0.2014878;0.8238662;;
20.244;-0.2186538;0.8135616;;
20.245;-0.2295593;0.8072004;;
20.266;-0.2458433;0.7978555;;
20.267;-0.2574686;0.7913713;;
20.288;-0.2884285;0.7746218;;
20.29;-0.2887479;0.774449;;
20.312;-0.3157323;0.7605646;;
20.313;-0.3159682;0.7604432;;
20.334;-0.3433822;0.7469795;;
20.334;-0.3435738;0.7468854;;
20.355;-0.3724543;0.73338;;
20.357;-0.3724762;0.7333697;;
20.38;-0.4019846;0.7202682;;
20.381;-0.4022376;0.720153;;
20.402;-0.4294564;0.7086801;;
20.403;-0.4296821;0.708585;;
20.423;-0.4594329;0.6967021;;
20.424;-0.4597346;0.6965817;;
20.4328588;;;-0.0681853582545612;0.121688929657452
20.197;-0.1655277;0.8463085;;
20.198;-0.1657812;0.8461421;;
20.219;-0.1918342;0.8297462;;
20.221;-0.2014878;0.8238662;;
20.244;-0.2186538;0.8135616;;
20.245;-0.2295593;0.8072004;;
20.266;-0.2458433;0.7978555;;
20.267;-0.2574686;0.7913713;;
20.288;-0.2884285;0.7746218;;
20.29;-0.2887479;0.774449;;
20.312;-0.3157323;0.7605646;;
20.313;-0.3159682;0.7604432;;
20.334;-0.3433822;0.7469795;;
20.334;-0.3435738;0.7468854;;
20.355;-0.3724543;0.73338;;
20.357;-0.3724762;0.7333697;;
20.38;-0.4019846;0.7202682;;
20.381;-0.4022376;0.720153;;
20.402;-0.4294564;0.7086801;;
20.403;-0.4296821;0.708585;;
20.423;-0.4594329;0.6967021;;
20.424;-0.4597346;0.6965817;;
20.45;-0.4736364;0.6912596;;
20.452;-0.4737522;0.6912152;;
20.468;-0.5025062;0.6806687;;
20.491;-0.5473993;0.6653978;;
20.511567;;;-0.251262621948522;0.12277293080839
20.288;-0.2884285;0.7746218;;
20.29;-0.2887479;0.774449;;
20.312;-0.3157323;0.7605646;;
20.313;-0.3159682;0.7604432;;
20.334;-0.3433822;0.7469795;;
20.334;-0.3435738;0.7468854;;
20.355;-0.3724543;0.73338;;
20.357;-0.3724762;0.7333697;;
20.38;-0.4019846;0.7202682;;
20.381;-0.4022376;0.720153;;
20.402;-0.4294564;0.7086801;;
20.403;-0.4296821;0.708585;;
20.423;-0.4594329;0.6967021;;
20.424;-0.4597346;0.6965817;;
20.45;-0.4736364;0.6912596;;
20.452;-0.4737522;0.6912152;;
20.468;-0.5025062;0.6806687;;
20.491;-0.5473993;0.6653978;;
20.513;-0.5776447;0.6559089;;
20.515;-0.5779923;0.6557999;;
20.535;-0.6080146;0.6470245;;
20.536;-0.6083091;0.6469384;;
20.557;-0.637736;0.6389389;;
20.558;-0.638036;0.6388574;;
20.579;-0.6689652;0.6310834;;
20.58;-0.6692602;0.6310093;;
20.5897754;;;-0.0622595583107621;0.139607187262476
20.355;-0.3724543;0.73338;;
20.357;-0.3724762;0.7333697;;
20.38;-0.4019846;0.7202682;;
20.381;-0.4022376;0.720153;;
20.402;-0.4294564;0.7086801;;
20.403;-0.4296821;0.708585;;
20.423;-0.4594329;0.6967021;;
20.424;-0.4597346;0.6965817;;
20.45;-0.4736364;0.6912596;;
20.452;-0.4737522;0.6912152;;
20.468;-0.5025062;0.6806687;;
20.491;-0.5473993;0.6653978;;
20.513;-0.5776447;0.6559089;;
20.515;-0.5779923;0.6557999;;
20.535;-0.6080146;0.6470245;;
20.536;-0.6083091;0.6469384;;
20.557;-0.637736;0.6389389;;
20.558;-0.638036;0.6388574;;
20.579;-0.6689652;0.6310834;;
20.58;-0.6692602;0.6310093;;
20.601;-0.6989576;0.6241468;;
20.602;-0.699243;0.6240808;;
20.624;-0.7291455;0.6177589;;
20.626;-0.7294393;0.6176968;;
20.647;-0.7611464;0.611631;;
20.648;-0.7615318;0.6115573;;
20.6669793;;;-0.0224043345580455;0.136273487197907
20.45;-0.4736364;0.6912596;;
20.452;-0.4737522;0.6912152;;
20.468;-0.5025062;0.6806687;;
20.491;-0.5473993;0.6653978;;
20.513;-0.5776447;0.6559089;;
20.515;-0.5779923;0.6557999;;
20.535;-0.6080146;0.6470245;;
20.536;-0.6083091;0.6469384;;
20.557;-0.637736;0.6389389;;
20.558;-0.638036;0.6388574;;
20.579;-0.6689652;0.6310834;;
20.58;-0.6692602;0.6310093;;
20.601;-0.6989576;0.6241468;;
20.602;-0.699243;0.6240808;;
20.624;-0.7291455;0.6177589;;
20.626;-0.7294393;0.6176968;;
20.647;-0.7611464;0.611631;;
20.648;-0.7615318;0.6115573;;
20.67;-0.7906017;0.6065737;;
20.672;-0.7914808;0.606423;;
20.692;-0.8219506;0.6017829;;
20.693;-0.8222442;0.6017382;;
20.713;-0.8540899;0.5975133;;
20.714;-0.8540899;0.5975133;;
20.735;-0.8847942;0.5940418;;
20.737;-0.8850703;0.5940105;;
20.7456872;;;-0.0906750752492075;0.126394939113836
20.535;-0.6080146;0.6470245;;
20.536;-0.6083091;0.6469384;;
20.557;-0.637736;0.6389389;;
20.558;-0.638036;0.6388574;;
20.579;-0.6689652;0.6310834;;
20.58;-0.6692602;0.6310093;;
20.601;-0.6989576;0.6241468;;
20.602;-0.699243;0.6240808;;
20.624;-0.7291455;0.6177589;;
20.626;-0.7294393;0.6176968;;
20.647;-0.7611464;0.611631;;
20.648;-0.7615318;0.6115573;;
20.67;-0.7906017;0.6065737;;
20.672;-0.7914808;0.606423;;
20.692;-0.8219506;0.6017829;;
20.693;-0.8222442;0.6017382;;
20.713;-0.8540899;0.5975133;;
20.714;-0.8540899;0.5975133;;
20.735;-0.8847942;0.5940418;;
20.737;-0.8850703;0.5940105;;
20.757;-0.9157398;0.5911294;;
20.759;-0.9160728;0.5910981;;
20.781;-0.9485942;0.5886821;;
20.782;-0.9488518;0.588663;;
20.802;-0.9787017;0.5870193;;
20.824;-0.994925;0.5863506;;
20.8243963;;;-0.0340815354188934;0.11048406311541
20.579;-0.6689652;0.6310834;;
20.58;-0.6692602;0.6310093;;
20.601;-0.6989576;0.6241468;;
20.602;-0.699243;0.6240808;;
20.624;-0.7291455;0.6177589;;
20.626;-0.7294393;0.6176968;;
20.647;-0.7611464;0.611631;;
20.648;-0.7615318;0.6115573;;
20.67;-0.7906017;0.6065737;;
20.672;-0.7914808;0.606423;;
20.692;-0.8219506;0.6017829;;
20.693;-0.8222442;0.6017382;;
20.713;-0.8540899;0.5975133;;
20.714;-0.8540899;0.5975133;;
20.735;-0.8847942;0.5940418;;
20.737;-0.8850703;0.5940105;;
20.757;-0.9157398;0.5911294;;
20.759;-0.9160728;0.5910981;;
20.781;-0.9485942;0.5886821;;
20.782;-0.9488518;0.588663;;
20.802;-0.9787017;0.5870193;;
20.824;-0.994925;0.5863506;;
20.825;-1.007827;0.5859455;;
20.846;-1.024881;0.5855471;;
20.848;-1.042657;0.5853193;;
20.868;-1.05715;0.5852817;;
20.87;-1.071817;0.5853816;;
20.9021017;;;-0.0990613748586522;0.0735025707307081
20.579;-0.6689652;0.6310834;;
20.58;-0.6692602;0.6310093;;
20.601;-0.6989576;0.6241468;;
20.602;-0.699243;0.6240808;;
20.624;-0.7291455;0.6177589;;
20.626;-0.7294393;0.6176968;;
20.647;-0.7611464;0.611631;;
20.648;-0.7615318;0.6115573;;
20.67;-0.7906017;0.6065737;;
20.672;-0.7914808;0.606423;;
20.692;-0.8219506;0.6017829;;
20.693;-0.8222442;0.6017382;;
20.713;-0.8540899;0.5975133;;
20.714;-0.8540899;0.5975133;;
20.735;-0.8847942;0.5940418;;
20.737;-0.8850703;0.5940105;;
20.757;-0.9157398;0.5911294;;
20.759;-0.9160728;0.5910981;;
20.781;-0.9485942;0.5886821;;
20.782;-0.9488518;0.588663;;
20.802;-0.9787017;0.5870193;;
20.824;-0.994925;0.5863506;;
20.825;-1.007827;0.5859455;;
20.846;-1.024881;0.5855471;;
20.848;-1.042657;0.5853193;;
20.868;-1.05715;0.5852817;;
20.87;-1.071817;0.5853816;;
20.9803089;;;-0.0990613748586522;-0.00104460636471653
20.735;-0.8847942;0.5940418;;
20.737;-0.8850703;0.5940105;;
20.757;-0.9157398;0.5911294;;
20.759;-0.9160728;0.5910981;;
20.781;-0.9485942;0.5886821;;
20.782;-0.9488518;0.588663;;
20.802;-0.9787017;0.5870193;;
20.824;-0.994925;0.5863506;;
20.825;-1.007827;0.5859455;;
20.846;-1.024881;0.5855471;;
20.848;-1.042657;0.5853193;;
20.868;-1.05715;0.5852817;;
20.87;-1.071817;0.5853816;;
20.984;-1.22968;0.5947016;;
20.986;-1.230298;0.5947381;;
20.987;-1.230358;0.5947417;;
20.989;-1.23037;0.5947424;;
20.991;-1.230372;0.5947425;;
20.992;-1.242311;0.5960836;;
20.994;-1.245055;0.5963919;;
20.995;-1.245055;0.5963919;;
20.996;-1.245055;0.5963919;;
20.997;-1.245055;0.5963919;;
20.998;-1.245055;0.5963919;;
21.012;-1.260566;0.5982811;;
21.014;-1.260805;0.5983102;;
21.034;-1.293209;0.6027473;;
21.0595188;;;-0.582317701201993;-0.106111475993532
20.825;-1.007827;0.5859455;;
20.846;-1.024881;0.5855471;;
20.848;-1.042657;0.5853193;;
20.868;-1.05715;0.5852817;;
20.87;-1.071817;0.5853816;;
20.984;-1.22968;0.5947016;;
20.986;-1.230298;0.5947381;;
20.987;-1.230358;0.5947417;;
20.989;-1.23037;0.5947424;;
20.991;-1.230372;0.5947425;;
20.992;-1.242311;0.5960836;;
20.994;-1.245055;0.5963919;;
20.995;-1.245055;0.5963919;;
20.996;-1.245055;0.5963919;;
20.997;-1.245055;0.5963919;;
20.998;-1.245055;0.5963919;;
21.012;-1.260566;0.5982811;;
21.014;-1.260805;0.5983102;;
21.034;-1.293209;0.6027473;;
21.101;-1.384639;0.61884;;
21.102;-1.384929;0.6188911;;
21.123;-1.41556;0.62549;;
21.124;-1.41585;0.6255525;;
21.1367232;;;-0.803687303154642;-0.177232966558496
20.984;-1.22968;0.5947016;;
20.986;-1.230298;0.5947381;;
20.987;-1.230358;0.5947417;;
20.989;-1.23037;0.5947424;;
20.991;-1.230372;0.5947425;;
20.992;-1.242311;0.5960836;;
20.994;-1.245055;0.5963919;;
20.995;-1.245055;0.5963919;;
20.996;-1.245055;0.5963919;;
20.997;-1.245055;0.5963919;;
20.998;-1.245055;0.5963919;;
21.012;-1.260566;0.5982811;;
21.014;-1.260805;0.5983102;;
21.034;-1.293209;0.6027473;;
21.101;-1.384639;0.61884;;
21.102;-1.384929;0.6188911;;
21.123;-1.41556;0.62549;;
21.124;-1.41585;0.6255525;;
21.145;-1.445747;0.6325928;;
21.147;-1.446057;0.6326658;;
21.167;-1.476047;0.6403311;;
21.168;-1.47635;0.6404086;;
21.189;-1.505962;0.648578;;
21.19;-1.50625;0.6486573;;
21.211;-1.536461;0.6576171;;
21.212;-1.536728;0.6576962;;
21.2149306;;;-0.787929031501733;-0.243741711904462
20.984;-1.22968;0.5947016;;
20.986;-1.230298;0.5947381;;
20.987;-1.230358;0.5947417;;
20.989;-1.23037;0.5947424;;
20.991;-1.230372;0.5947425;;
20.992;-1.242311;0.5960836;;
20.994;-1.245055;0.5963919;;
20.995;-1.245055;0.5963919;;
20.996;-1.245055;0.5963919;;
20.997;-1.245055;0.5963919;;
20.998;-1.245055;0.5963919;;
21.012;-1.260566;0.5982811;;
21.014;-1.260805;0.5983102;;
21.034;-1.293209;0.6027473;;
21.101;-1.384639;0.61884;;
21.102;-1.384929;0.6188911;;
21.123;-1.41556;0.62549;;
21.124;-1.41585;0.6255525;;
21.145;-1.445747;0.6325928;;
21.147;-1.446057;0.6326658;;
21.167;-1.476047;0.6403311;;
21.168;-1.47635;0.6404086;;
21.189;-1.505962;0.648578;;
21.19;-1.50625;0.6486573;;
21.211;-1.536461;0.6576171;;
21.212;-1.536728;0.6576962;;
21.232;-1.567356;0.6674341;;
21.233;-1.567646;0.6675262;;
21.253;-1.596615;0.6773549;;
21.254;-1.596922;0.6774591;;
21.274;-1.625847;0.6878856;;
21.2931372;;;-0.653452574140082;-0.296198153621312
21.101;-1.384639;0.61884;;
21.102;-1.384929;0.6188911;;
21.123;-1.41556;0.62549;;
21.124;-1.41585;0.6255525;;
21.145;-1.445747;0.6325928;;
21.147;-1.446057;0.6326658;;
21.167;-1.476047;0.6403311;;
21.168;-1.47635;0.6404086;;
21.189;-1.505962;0.648578;;
21.19;-1.50625;0.6486573;;
21.211;-1.536461;0.6576171;;
21.212;-1.536728;0.6576962;;
21.232;-1.567356;0.6674341;;
21.233;-1.567646;0.6675262;;
21.253;-1.596615;0.6773549;;
21.254;-1.596922;0.6774591;;
21.274;-1.625847;0.6878856;;
21.296;-1.654979;0.6990081;;
21.297;-1.655262;0.6991161;;
21.298;-1.655313;0.6991354;;
21.318;-1.683988;0.71072;;
21.34;-1.71326;0.7231965;;
21.342;-1.713546;0.7233185;;
21.342;-1.713593;0.7233387;;
21.363;-1.742342;0.7362642;;
21.3718459;;;0.36772418924758;-0.259872357996134
21.145;-1.445747;0.6325928;;
21.147;-1.446057;0.6326658;;
21.167;-1.476047;0.6403311;;
21.168;-1.47635;0.6404086;;
21.189;-1.505962;0.648578;;
21.19;-1.50625;0.6486573;;
21.211;-1.536461;0.6576171;;
21.212;-1.536728;0.6576962;;
21.232;-1.567356;0.6674341;;
21.233;-1.567646;0.6675262;;
21.253;-1.596615;0.6773549;;
21.254;-1.596922;0.6774591;;
21.274;-1.625847;0.6878856;;
21.296;-1.654979;0.6990081;;
21.297;-1.655262;0.6991161;;
21.298;-1.655313;0.6991354;;
21.318;-1.683988;0.71072;;
21.34;-1.71326;0.7231965;;
21.342;-1.713546;0.7233185;;
21.342;-1.713593;0.7233387;;
21.363;-1.742342;0.7362642;;
21.384;-1.756062;0.7426637;;
21.41;-1.807578;0.7681133;;
21.411;-1.807994;0.7683186;;
21.412;-1.808058;0.7683502;;
21.432;-1.827007;0.7782893;;
21.4495515;;;0.824432050609085;-0.170231135283
21.232;-1.567356;0.6674341;;
21.233;-1.567646;0.6675262;;
21.253;-1.596615;0.6773549;;
21.254;-1.596922;0.6774591;;
21.274;-1.625847;0.6878856;;
21.296;-1.654979;0.6990081;;
21.297;-1.655262;0.6991161;;
21.298;-1.655313;0.6991354;;
21.318;-1.683988;0.71072;;
21.34;-1.71326;0.7231965;;
21.342;-1.713546;0.7233185;;
21.342;-1.713593;0.7233387;;
21.363;-1.742342;0.7362642;;
21.384;-1.756062;0.7426637;;
21.41;-1.807578;0.7681133;;
21.411;-1.807994;0.7683186;;
21.412;-1.808058;0.7683502;;
21.432;-1.827007;0.7782893;;
21.453;-1.853397;0.7926626;;
21.454;-1.853614;0.7927803;;
21.475;-1.880941;0.80834;;
21.476;-1.881195;0.808485;;
21.497;-1.908109;0.8245043;;
21.498;-1.908432;0.8246961;;
21.518;-1.934491;0.8408895;;
21.519;-1.934765;0.8410597;;
21.5277592;;;0.930852203692447;-0.0874718217827324
21.318;-1.683988;0.71072;;
21.34;-1.71326;0.7231965;;
21.342;-1.713546;0.7233185;;
21.342;-1.713593;0.7233387;;
21.363;-1.742342;0.7362642;;
21.384;-1.756062;0.7426637;;
21.41;-1.807578;0.7681133;;
21.411;-1.807994;0.7683186;;
21.412;-1.808058;0.7683502;;
21.432;-1.827007;0.7782893;;
21.453;-1.853397;0.7926626;;
21.454;-1.853614;0.7927803;;
21.475;-1.880941;0.80834;;
21.476;-1.881195;0.808485;;
21.497;-1.908109;0.8245043;;
21.498;-1.908432;0.8246961;;
21.518;-1.934491;0.8408895;;
21.519;-1.934765;0.8410597;;
21.541;-1.960785;0.8579201;;
21.542;-1.960993;0.8580545;;
21.562;-1.987699;0.8761039;;
21.563;-1.987971;0.8762875;;
21.584;-2.012993;0.8939125;;
21.585;-2.013237;0.8940842;;
21.606;-2.026227;0.9035152;;
21.6064681;;;0.869896990526353;-0.0131133780256992
21.384;-1.756062;0.7426637;;
21.41;-1.807578;0.7681133;;
21.411;-1.807994;0.7683186;;
21.412;-1.808058;0.7683502;;
21.432;-1.827007;0.7782893;;
21.453;-1.853397;0.7926626;;
21.454;-1.853614;0.7927803;;
21.475;-1.880941;0.80834;;
21.476;-1.881195;0.808485;;
21.497;-1.908109;0.8245043;;
21.498;-1.908432;0.8246961;;
21.518;-1.934491;0.8408895;;
21.519;-1.934765;0.8410597;;
21.541;-1.960785;0.8579201;;
21.542;-1.960993;0.8580545;;
21.562;-1.987699;0.8761039;;
21.563;-1.987971;0.8762875;;
21.584;-2.012993;0.8939125;;
21.585;-2.013237;0.8940842;;
21.606;-2.026227;0.9035152;;
21.607;-2.038441;0.9125588;;
21.628;-2.063364;0.9315782;;
21.629;-2.063713;0.9318423;;
21.651;-2.087589;0.9507875;;
21.652;-2.087815;0.9509665;;
21.673;-2.111596;0.970578;;
21.675;-2.111875;0.970808;;
21.6841735;;;0.597470579829782;0.0442320932308833
21.475;-1.880941;0.80834;;
21.476;-1.881195;0.808485;;
21.497;-1.908109;0.8245043;;
21.498;-1.908432;0.8246961;;
21.518;-1.934491;0.8408895;;
21.519;-1.934765;0.8410597;;
21.541;-1.960785;0.8579201;;
21.542;-1.960993;0.8580545;;
21.562;-1.987699;0.8761039;;
21.563;-1.987971;0.8762875;;
21.584;-2.012993;0.8939125;;
21.585;-2.013237;0.8940842;;
21.606;-2.026227;0.9035152;;
21.607;-2.038441;0.9125588;;
21.628;-2.063364;0.9315782;;
21.629;-2.063713;0.9318423;;
21.651;-2.087589;0.9507875;;
21.652;-2.087815;0.9509665;;
21.673;-2.111596;0.970578;;
21.675;-2.111875;0.970808;;
21.696;-2.136326;0.9917832;;
21.697;-2.136558;0.9919823;;
21.718;-2.159289;1.012253;;
21.719;-2.15956;1.012495;;
21.739;-2.170824;1.02283;;
21.74;-2.179504;1.030946;;
21.761;-2.193576;1.044302;;
21.762;-2.193712;1.044431;;
21.7628821;;;0.0926431134878075;0.054792480639775
21.541;-1.960785;0.8579201;;
21.542;-1.960993;0.8580545;;
21.562;-1.987699;0.8761039;;
21.563;-1.987971;0.8762875;;
21.584;-2.012993;0.8939125;;
21.585;-2.013237;0.8940842;;
21.606;-2.026227;0.9035152;;
21.607;-2.038441;0.9125588;;
21.628;-2.063364;0.9315782;;
21.629;-2.063713;0.9318423;;
21.651;-2.087589;0.9507875;;
21.652;-2.087815;0.9509665;;
21.673;-2.111596;0.970578;;
21.675;-2.111875;0.970808;;
21.696;-2.136326;0.9917832;;
21.697;-2.136558;0.9919823;;
21.718;-2.159289;1.012253;;
21.719;-2.15956;1.012495;;
21.739;-2.170824;1.02283;;
21.74;-2.179504;1.030946;;
21.761;-2.193576;1.044302;;
21.762;-2.193712;1.044431;;
21.783;-2.215821;1.066112;;
21.784;-2.216042;1.066329;;
21.805;-2.238225;1.088936;;
21.806;-2.238425;1.089141;;
21.83;-2.256752;1.108545;;
21.835;-2.25936;1.111307;;
21.84159;;;-0.117960543560926;0.0532175499145856
21.628;-2.063364;0.9315782;;
21.629;-2.063713;0.9318423;;
21.651;-2.087589;0.9507875;;
21.652;-2.087815;0.9509665;;
21.673;-2.111596;0.970578;;
21.675;-2.111875;0.970808;;
21.696;-2.136326;0.9917832;;
21.697;-2.136558;0.9919823;;
21.718;-2.159289;1.012253;;
21.719;-2.15956;1.012495;;
21.739;-2.170824;1.02283;;
21.74;-2.179504;1.030946;;
21.761;-2.193576;1.044302;;
21.762;-2.193712;1.044431;;
21.783;-2.215821;1.066112;;
21.784;-2.216042;1.066329;;
21.805;-2.238225;1.088936;;
21.806;-2.238425;1.089141;;
21.83;-2.256752;1.108545;;
21.835;-2.25936;1.111307;;
21.848;-2.281076;1.135197;;
21.849;-2.281404;1.135557;;
21.869;-2.302618;1.15985;;
21.871;-2.302848;1.160114;;
21.891;-2.321671;1.182513;;
21.912;-2.341257;1.206703;;
21.914;-2.341458;1.206951;;
21.9187947;;;-0.568668066877382;0.0140836589130247
21.696;-2.136326;0.9917832;;
21.697;-2.136558;0.9919823;;
21.718;-2.159289;1.012253;;
21.719;-2.15956;1.012495;;
21.739;-2.170824;1.02283;;
21.74;-2.179504;1.030946;;
21.761;-2.193576;1.044302;;
21.762;-2.193712;1.044431;;
21.783;-2.215821;1.066112;;
21.784;-2.216042;1.066329;;
21.805;-2.238225;1.088936;;
21.806;-2.238425;1.089141;;
21.83;-2.256752;1.108545;;
21.835;-2.25936;1.111307;;
21.848;-2.281076;1.135197;;
21.849;-2.281404;1.135557;;
21.869;-2.302618;1.15985;;
21.871;-2.302848;1.160114;;
21.891;-2.321671;1.182513;;
21.912;-2.341257;1.206703;;
21.914;-2.341458;1.206951;;
21.934;-2.360649;1.23161;;
21.935;-2.360848;1.231866;;
21.955;-2.379349;1.256598;;
21.956;-2.379496;1.256795;;
21.979;-2.397613;1.281997;;
21.979;-2.397813;1.282275;;
21.9970016;;;-0.417102004093224;0.0278516336720888
21.783;-2.215821;1.066112;;
21.784;-2.216042;1.066329;;
21.805;-2.238225;1.088936;;
21.806;-2.238425;1.089141;;
21.83;-2.256752;1.108545;;
21.835;-2.25936;1.111307;;
21.848;-2.281076;1.135197;;
21.849;-2.281404;1.135557;;
21.869;-2.302618;1.15985;;
21.871;-2.302848;1.160114;;
21.891;-2.321671;1.182513;;
21.912;-2.341257;1.206703;;
21.914;-2.341458;1.206951;;
21.934;-2.360649;1.23161;;
21.935;-2.360848;1.231866;;
21.955;-2.379349;1.256598;;
21.956;-2.379496;1.256795;;
21.979;-2.397613;1.281997;;
21.979;-2.397813;1.282275;;
21.999;-2.415946;1.308561;;
22.001;-2.416143;1.308846;;
22.02;-2.433135;1.334524;;
22.022;-2.433334;1.334825;;
22.042;-2.449909;1.360938;;
22.043;-2.450113;1.361259;;
22.064;-2.466217;1.387733;;
22.066;-2.46641;1.388049;;
22.0752092;;;-0.53517290151657;0.0502278338085948
21.869;-2.302618;1.15985;;
21.871;-2.302848;1.160114;;
21.891;-2.321671;1.182513;;
21.912;-2.341257;1.206703;;
21.914;-2.341458;1.206951;;
21.934;-2.360649;1.23161;;
21.935;-2.360848;1.231866;;
21.955;-2.379349;1.256598;;
21.956;-2.379496;1.256795;;
21.979;-2.397613;1.281997;;
21.979;-2.397813;1.282275;;
21.999;-2.415946;1.308561;;
22.001;-2.416143;1.308846;;
22.02;-2.433135;1.334524;;
22.022;-2.433334;1.334825;;
22.042;-2.449909;1.360938;;
22.043;-2.450113;1.361259;;
22.064;-2.466217;1.387733;;
22.066;-2.46641;1.388049;;
22.086;-2.474042;1.401006;;
22.087;-2.481054;1.413171;;
22.108;-2.490107;1.429197;;
22.109;-2.496245;1.440346;;
22.13;-2.504641;1.455878;;
22.131;-2.511027;1.468009;;
22.151;-2.51931;1.484059;;
22.153;-2.519401;1.484237;;
22.1539174;;;-0.857321609100998;0.0444451190086561
21.934;-2.360649;1.23161;;
21.935;-2.360848;1.231866;;
21.955;-2.379349;1.256598;;
21.956;-2.379496;1.256795;;
21.979;-2.397613;1.281997;;
21.979;-2.397813;1.282275;;
21.999;-2.415946;1.308561;;
22.001;-2.416143;1.308846;;
22.02;-2.433135;1.334524;;
22.022;-2.433334;1.334825;;
22.042;-2.449909;1.360938;;
22.043;-2.450113;1.361259;;
22.064;-2.466217;1.387733;;
22.066;-2.46641;1.388049;;
22.086;-2.474042;1.401006;;
22.087;-2.481054;1.413171;;
22.108;-2.490107;1.429197;;
22.109;-2.496245;1.440346;;
22.13;-2.504641;1.455878;;
22.131;-2.511027;1.468009;;
22.151;-2.51931;1.484059;;
22.153;-2.519401;1.484237;;
22.173;-2.533191;1.512029;;
22.175;-2.533341;1.51233;;
22.195;-2.546372;1.53989;;
22.196;-2.546497;1.540155;;
22.216;-2.559603;1.569297;;
22.217;-2.559603;1.569297;;
22.2316235;;;-0.901574412826306;0.0237682991181374
22.02;-2.433135;1.334524;;
22.022;-2.433334;1.334825;;
22.042;-2.449909;1.360938;;
22.043;-2.450113;1.361259;;
22.064;-2.466217;1.387733;;
22.066;-2.46641;1.388049;;
22.086;-2.474042;1.401006;;
22.087;-2.481054;1.413171;;
22.108;-2.490107;1.429197;;
22.109;-2.496245;1.440346;;
22.13;-2.504641;1.455878;;
22.131;-2.511027;1.468009;;
22.151;-2.51931;1.484059;;
22.153;-2.519401;1.484237;;
22.173;-2.533191;1.512029;;
22.175;-2.533341;1.51233;;
22.195;-2.546372;1.53989;;
22.196;-2.546497;1.540155;;
22.216;-2.559603;1.569297;;
22.217;-2.559603;1.569297;;
22.237;-2.571736;1.597728;;
22.238;-2.571862;1.598025;;
22.259;-2.583616;1.627094;;
22.288;-2.59487;1.656532;;
22.289;-2.595011;1.6569;;
22.302;-2.605444;1.685852;;
22.303;-2.605607;1.686301;;
22.3093289;;;-0.65433404277784;-0.0614032202173143
22.086;-2.474042;1.401006;;
22.087;-2.481054;1.413171;;
22.108;-2.490107;1.429197;;
22.109;-2.496245;1.440346;;
22.13;-2.504641;1.455878;;
22.131;-2.511027;1.468009;;
22.151;-2.51931;1.484059;;
22.153;-2.519401;1.484237;;
22.173;-2.533191;1.512029;;
22.175;-2.533341;1.51233;;
22.195;-2.546372;1.53989;;
22.196;-2.546497;1.540155;;
22.216;-2.559603;1.569297;;
22.217;-2.559603;1.569297;;
22.237;-2.571736;1.597728;;
22.238;-2.571862;1.598025;;
22.259;-2.583616;1.627094;;
22.288;-2.59487;1.656532;;
22.289;-2.595011;1.6569;;
22.302;-2.605444;1.685852;;
22.303;-2.605607;1.686301;;
22.324;-2.615578;1.715717;;
22.325;-2.615675;1.716003;;
22.346;-2.625063;1.74554;;
22.346;-2.625177;1.745898;;
22.367;-2.634113;1.776006;;
22.368;-2.634194;1.776277;;
22.3885391;;;0.704504673948577;-0.0713971682723567
22.173;-2.533191;1.512029;;
22.175;-2.533341;1.51233;;
22.195;-2.546372;1.53989;;
22.196;-2.546497;1.540155;;
22.216;-2.559603;1.569297;;
22.217;-2.559603;1.569297;;
22.237;-2.571736;1.597728;;
22.238;-2.571862;1.598025;;
22.259;-2.583616;1.627094;;
22.288;-2.59487;1.656532;;
22.289;-2.595011;1.6569;;
22.302;-2.605444;1.685852;;
22.303;-2.605607;1.686301;;
22.324;-2.615578;1.715717;;
22.325;-2.615675;1.716003;;
22.346;-2.625063;1.74554;;
22.346;-2.625177;1.745898;;
22.367;-2.634113;1.776006;;
22.368;-2.634194;1.776277;;
22.389;-2.642308;1.805647;;
22.39;-2.642314;1.80567;;
22.41;-2.650365;1.837138;;
22.412;-2.650464;1.837526;;
22.432;-2.65401;1.852295;;
22.433;-2.656607;1.863554;;
22.453;-2.660688;1.881902;;
22.454;-2.660732;1.882099;;
22.4657432;;;0.85062747207029;-0.0780825625742031
22.237;-2.571736;1.597728;;
22.238;-2.571862;1.598025;;
22.259;-2.583616;1.627094;;
22.288;-2.59487;1.656532;;
22.289;-2.595011;1.6569;;
22.302;-2.605444;1.685852;;
22.303;-2.605607;1.686301;;
22.324;-2.615578;1.715717;;
22.325;-2.615675;1.716003;;
22.346;-2.625063;1.74554;;
22.346;-2.625177;1.745898;;
22.367;-2.634113;1.776006;;
22.368;-2.634194;1.776277;;
22.389;-2.642308;1.805647;;
22.39;-2.642314;1.80567;;
22.41;-2.650365;1.837138;;
22.412;-2.650464;1.837526;;
22.432;-2.65401;1.852295;;
22.433;-2.656607;1.863554;;
22.453;-2.660688;1.881902;;
22.454;-2.660732;1.882099;;
22.475;-2.667096;1.913048;;
22.497;-2.672735;1.943367;;
22.498;-2.672787;1.943646;;
22.5;-2.6728;1.943711;;
22.519;-2.677891;1.974335;;
22.5444516;;;0.928321224264597;-0.0732138764293494
22.324;-2.615578;1.715717;;
22.325;-2.615675;1.716003;;
22.346;-2.625063;1.74554;;
22.346;-2.625177;1.745898;;
22.367;-2.634113;1.776006;;
22.368;-2.634194;1.776277;;
22.389;-2.642308;1.805647;;
22.39;-2.642314;1.80567;;
22.41;-2.650365;1.837138;;
22.412;-2.650464;1.837526;;
22.432;-2.65401;1.852295;;
22.433;-2.656607;1.863554;;
22.453;-2.660688;1.881902;;
22.454;-2.660732;1.882099;;
22.475;-2.667096;1.913048;;
22.497;-2.672735;1.943367;;
22.498;-2.672787;1.943646;;
22.5;-2.6728;1.943711;;
22.519;-2.677891;1.974335;;
22.586;-2.689789;2.067841;;
22.608;-2.692562;2.098881;;
22.6226595;;;0.581448529116313;-0.0745490473221385
22.41;-2.650365;1.837138;;
22.412;-2.650464;1.837526;;
22.432;-2.65401;1.852295;;
22.433;-2.656607;1.863554;;
22.453;-2.660688;1.881902;;
22.454;-2.660732;1.882099;;
22.475;-2.667096;1.913048;;
22.497;-2.672735;1.943367;;
22.498;-2.672787;1.943646;;
22.5;-2.6728;1.943711;;
22.519;-2.677891;1.974335;;
22.586;-2.689789;2.067841;;
22.608;-2.692562;2.098881;;
22.628;-2.694761;2.130502;;
22.629;-2.694784;2.130833;;
22.65;-2.69637;2.162649;;
22.651;-2.696386;2.162952;;
22.672;-2.697327;2.193574;;
22.693;-2.697695;2.224769;;
22.694;-2.697698;2.225036;;
22.7003647;;;0.0379817552940803;-0.0791041605049491
22.432;-2.65401;1.852295;;
22.433;-2.656607;1.863554;;
22.453;-2.660688;1.881902;;
22.454;-2.660732;1.882099;;
22.475;-2.667096;1.913048;;
22.497;-2.672735;1.943367;;
22.498;-2.672787;1.943646;;
22.5;-2.6728;1.943711;;
22.519;-2.677891;1.974335;;
22.586;-2.689789;2.067841;;
22.608;-2.692562;2.098881;;
22.628;-2.694761;2.130502;;
22.629;-2.694784;2.130833;;
22.65;-2.69637;2.162649;;
22.651;-2.696386;2.162952;;
22.672;-2.697327;2.193574;;
22.693;-2.697695;2.224769;;
22.694;-2.697698;2.225036;;
22.714;-2.697477;2.255795;;
22.7785721;;;0.0276472135179918;-0.0669701807483726
22.519;-2.677891;1.974335;;
22.586;-2.689789;2.067841;;
22.608;-2.692562;2.098881;;
22.628;-2.694761;2.130502;;
22.629;-2.694784;2.130833;;
22.65;-2.69637;2.162649;;
22.651;-2.696386;2.162952;;
22.672;-2.697327;2.193574;;
22.693;-2.697695;2.224769;;
22.694;-2.697698;2.225036;;
22.714;-2.697477;2.255795;;
22.802;-2.690566;2.381581;;
22.8572805;;;-0.0200448442060477;-0.0212515788590948
22.65;-2.69637;2.162649;;
22.651;-2.696386;2.162952;;
22.672;-2.697327;2.193574;;
22.693;-2.697695;2.224769;;
22.694;-2.697698;2.225036;;
22.714;-2.697477;2.255795;;
22.802;-2.690566;2.381581;;
22.891;-2.676599;2.491258;;
22.913;-2.668344;2.537943;;
22.914;-2.668274;2.538337;;
22.935;-2.665259;2.553665;;
22.9354884;;;-0.833159504683152;-0.0559230372415887
22.714;-2.697477;2.255795;;
22.802;-2.690566;2.381581;;
22.891;-2.676599;2.491258;;
22.913;-2.668344;2.537943;;
22.914;-2.668274;2.538337;;
22.935;-2.665259;2.553665;;
22.98;-2.648059;2.629575;;
23.003;-2.640122;2.659932;;
23.0136953;;;-0.241952221542887;-0.0314879805771151
22.802;-2.690566;2.381581;;
22.891;-2.676599;2.491258;;
22.913;-2.668344;2.537943;;
22.914;-2.668274;2.538337;;
22.935;-2.665259;2.553665;;
22.98;-2.648059;2.629575;;
23.003;-2.640122;2.659932;;
23.024;-2.635921;2.675102;;
23.025;-2.63584;2.675394;;
23.048;-2.622157;2.721254;;
23.049;-2.622053;2.721602;;
23.069;-2.612882;2.749876;;
23.091;-2.607564;2.765521;;
23.092;-2.603608;2.776813;;
23.093;-2.602901;2.77883;;
23.102931;;;0.819323694385838;0.108232461380121
22.891;-2.676599;2.491258;;
22.913;-2.668344;2.537943;;
22.914;-2.668274;2.538337;;
22.935;-2.665259;2.553665;;
22.98;-2.648059;2.629575;;
23.003;-2.640122;2.659932;;
23.024;-2.635921;2.675102;;
23.025;-2.63584;2.675394;;
23.048;-2.622157;2.721254;;
23.049;-2.622053;2.721602;;
23.069;-2.612882;2.749876;;
23.091;-2.607564;2.765521;;
23.092;-2.603608;2.776813;;
23.093;-2.602901;2.77883;;
23.113;-2.597324;2.794291;;
23.135;-2.586324;2.823427;;
23.137;-2.580914;2.837169;;
23.138;-2.580336;2.838638;;
23.158;-2.574317;2.853492;;
23.159;-2.574259;2.853637;;
23.18;-2.562209;2.882171;;
23.192168;;;0.877487382856629;0.256487611020366
22.98;-2.648059;2.629575;;
23.003;-2.640122;2.659932;;
23.024;-2.635921;2.675102;;
23.025;-2.63584;2.675394;;
23.048;-2.622157;2.721254;;
23.049;-2.622053;2.721602;;
23.069;-2.612882;2.749876;;
23.091;-2.607564;2.765521;;
23.092;-2.603608;2.776813;;
23.093;-2.602901;2.77883;;
23.113;-2.597324;2.794291;;
23.135;-2.586324;2.823427;;
23.137;-2.580914;2.837169;;
23.138;-2.580336;2.838638;;
23.158;-2.574317;2.853492;;
23.159;-2.574259;2.853637;;
23.18;-2.562209;2.882171;;
23.202;-2.549498;2.910754;;
23.204;-2.542783;2.925297;;
23.204;-2.542783;2.925297;;
23.225;-2.536361;2.938856;;
23.246;-2.522542;2.967;;
23.248;-2.5224;2.967289;;
23.249;-2.517231;2.977438;;
23.268;-2.508131;2.994994;;
23.2703744;;;0.611330142859567;0.36195962649015
23.048;-2.622157;2.721254;;
23.049;-2.622053;2.721602;;
23.069;-2.612882;2.749876;;
23.091;-2.607564;2.765521;;
23.092;-2.603608;2.776813;;
23.093;-2.602901;2.77883;;
23.113;-2.597324;2.794291;;
23.135;-2.586324;2.823427;;
23.137;-2.580914;2.837169;;
23.138;-2.580336;2.838638;;
23.158;-2.574317;2.853492;;
23.159;-2.574259;2.853637;;
23.18;-2.562209;2.882171;;
23.202;-2.549498;2.910754;;
23.204;-2.542783;2.925297;;
23.204;-2.542783;2.925297;;
23.225;-2.536361;2.938856;;
23.246;-2.522542;2.967;;
23.248;-2.5224;2.967289;;
23.249;-2.517231;2.977438;;
23.268;-2.508131;2.994994;;
23.29;-2.492823;3.023349;;
23.293;-2.486;3.03558;;
23.315;-2.470026;3.063297;;
23.316;-2.469888;3.063536;;
23.317;-2.469842;3.063616;;
23.336;-2.462296;3.076279;;
23.3480806;;;0.839853922510176;0.37323873053695
23.135;-2.586324;2.823427;;
23.137;-2.580914;2.837169;;
23.138;-2.580336;2.838638;;
23.158;-2.574317;2.853492;;
23.159;-2.574259;2.853637;;
23.18;-2.562209;2.882171;;
23.202;-2.549498;2.910754;;
23.204;-2.542783;2.925297;;
23.204;-2.542783;2.925297;;
23.225;-2.536361;2.938856;;
23.246;-2.522542;2.967;;
23.248;-2.5224;2.967289;;
23.249;-2.517231;2.977438;;
23.268;-2.508131;2.994994;;
23.29;-2.492823;3.023349;;
23.293;-2.486;3.03558;;
23.315;-2.470026;3.063297;;
23.316;-2.469888;3.063536;;
23.317;-2.469842;3.063616;;
23.336;-2.462296;3.076279;;
23.359;-2.445008;3.104353;;
23.36;-2.444861;3.104591;;
23.361;-2.438556;3.114501;;
23.382;-2.419475;3.143651;;
23.383;-2.419295;3.143926;;
23.403;-2.410801;3.15647;;
23.426;-2.39311;3.181818;;
23.427;-2.386615;3.190851;;
23.4272913;;;0.753825505360334;0.365171899977787
23.202;-2.549498;2.910754;;
23.204;-2.542783;2.925297;;
23.204;-2.542783;2.925297;;
23.225;-2.536361;2.938856;;
23.246;-2.522542;2.967;;
23.248;-2.5224;2.967289;;
23.249;-2.517231;2.977438;;
23.268;-2.508131;2.994994;;
23.29;-2.492823;3.023349;;
23.293;-2.486;3.03558;;
23.315;-2.470026;3.063297;;
23.316;-2.469888;3.063536;;
23.317;-2.469842;3.063616;;
23.336;-2.462296;3.076279;;
23.359;-2.445008;3.104353;;
23.36;-2.444861;3.104591;;
23.361;-2.438556;3.114501;;
23.382;-2.419475;3.143651;;
23.383;-2.419295;3.143926;;
23.403;-2.410801;3.15647;;
23.426;-2.39311;3.181818;;
23.427;-2.386615;3.190851;;
23.428;-2.383594;3.195052;;
23.448;-2.374774;3.207067;;
23.47;-2.3555;3.232557;;
23.472;-2.346938;3.24355;;
23.492;-2.336669;3.256509;;
23.5049961;;;0.249802250163972;0.308628652136068
23.225;-2.536361;2.938856;;
23.246;-2.522542;2.967;;
23.248;-2.5224;2.967289;;
23.249;-2.517231;2.977438;;
23.268;-2.508131;2.994994;;
23.29;-2.492823;3.023349;;
23.293;-2.486;3.03558;;
23.315;-2.470026;3.063297;;
23.316;-2.469888;3.063536;;
23.317;-2.469842;3.063616;;
23.336;-2.462296;3.076279;;
23.359;-2.445008;3.104353;;
23.36;-2.444861;3.104591;;
23.361;-2.438556;3.114501;;
23.382;-2.419475;3.143651;;
23.383;-2.419295;3.143926;;
23.403;-2.410801;3.15647;;
23.426;-2.39311;3.181818;;
23.427;-2.386615;3.190851;;
23.428;-2.383594;3.195052;;
23.448;-2.374774;3.207067;;
23.47;-2.3555;3.232557;;
23.472;-2.346938;3.24355;;
23.492;-2.336669;3.256509;;
23.516;-2.306213;3.293388;;
23.5832035;;;0.208601289120234;0.277558048803061
23.359;-2.445008;3.104353;;
23.36;-2.444861;3.104591;;
23.361;-2.438556;3.114501;;
23.382;-2.419475;3.143651;;
23.383;-2.419295;3.143926;;
23.403;-2.410801;3.15647;;
23.426;-2.39311;3.181818;;
23.427;-2.386615;3.190851;;
23.428;-2.383594;3.195052;;
23.448;-2.374774;3.207067;;
23.47;-2.3555;3.232557;;
23.472;-2.346938;3.24355;;
23.492;-2.336669;3.256509;;
23.516;-2.306213;3.293388;;
23.649;-2.18779;3.418673;;
23.6614104;;;-0.81127240944194;0.206786868408393
23.448;-2.374774;3.207067;;
23.47;-2.3555;3.232557;;
23.472;-2.346938;3.24355;;
23.492;-2.336669;3.256509;;
23.516;-2.306213;3.293388;;
23.649;-2.18779;3.418673;;
23.738;-2.09359;3.501781;;
23.7501454;;;-0.932830389448515;0.126747068161184
23.448;-2.374774;3.207067;;
23.47;-2.3555;3.232557;;
23.472;-2.346938;3.24355;;
23.492;-2.336669;3.256509;;
23.516;-2.306213;3.293388;;
23.649;-2.18779;3.418673;;
23.738;-2.09359;3.501781;;
23.8403852;;;-0.932830389448515;0.0506816060576452
23.649;-2.18779;3.418673;;
23.738;-2.09359;3.501781;;
23.851;-1.954435;3.603696;;
23.9301227;;;-0.996004629025495;0.0371111790291166
23.738;-2.09359;3.501781;;
23.851;-1.954435;3.603696;;
23.986;-1.791953;3.697286;;
23.987;-1.791749;3.697404;;
23.987;-1.791651;3.697461;;
24.008;-1.763038;3.711477;;
24.0183564;;;-0.460710798144569;0.0188812976456431
23.851;-1.954435;3.603696;;
23.986;-1.791953;3.697286;;
23.987;-1.791749;3.697404;;
23.987;-1.791651;3.697461;;
24.008;-1.763038;3.711477;;
24.031;-1.734309;3.724875;;
24.032;-1.734309;3.724875;;
24.075;-1.677314;3.749486;;
24.1080941;;;0.566632096408028;-0.00217633551917442
23.851;-1.954435;3.603696;;
23.986;-1.791953;3.697286;;
23.987;-1.791749;3.697404;;
23.987;-1.791651;3.697461;;
24.008;-1.763038;3.711477;;
24.031;-1.734309;3.724875;;
24.032;-1.734309;3.724875;;
24.075;-1.677314;3.749486;;
24.1973299;;;0.566632096408028;-0.0280809427232246
23.851;-1.954435;3.603696;;
23.986;-1.791953;3.697286;;
23.987;-1.791749;3.697404;;
23.987;-1.791651;3.697461;;
24.008;-1.763038;3.711477;;
24.031;-1.734309;3.724875;;
24.032;-1.734309;3.724875;;
24.075;-1.677314;3.749486;;
24.2865664;;;0.566632096408028;-0.0318057799275195
24.031;-1.734309;3.724875;;
24.032;-1.734309;3.724875;;
24.075;-1.677314;3.749486;;
24.299;-1.375729;3.840396;;
24.301;-1.375431;3.840486;;
24.321;-1.346093;3.84606;;
24.323;-1.346093;3.84606;;
24.3768054;;;0.15057484125122;-0.0892457033657658
24.031;-1.734309;3.724875;;
24.032;-1.734309;3.724875;;
24.075;-1.677314;3.749486;;
24.299;-1.375729;3.840396;;
24.301;-1.375431;3.840486;;
24.321;-1.346093;3.84606;;
24.323;-1.346093;3.84606;;
24.4650391;;;0.15057484125122;-0.139516592041525
24.031;-1.734309;3.724875;;
24.032;-1.734309;3.724875;;
24.075;-1.677314;3.749486;;
24.299;-1.375729;3.840396;;
24.301;-1.375431;3.840486;;
24.321;-1.346093;3.84606;;
24.323;-1.346093;3.84606;;
24.5542753;;;0.15057484125122;-0.147785542784255
24.031;-1.734309;3.724875;;
24.032;-1.734309;3.724875;;
24.075;-1.677314;3.749486;;
24.299;-1.375729;3.840396;;
24.301;-1.375431;3.840486;;
24.321;-1.346093;3.84606;;
24.323;-1.346093;3.84606;;
24.6440131;;;0.15057484125122;-0.152621080106673
24.031;-1.734309;3.724875;;
24.032;-1.734309;3.724875;;
24.075;-1.677314;3.749486;;
24.299;-1.375729;3.840396;;
24.301;-1.375431;3.840486;;
24.321;-1.346093;3.84606;;
24.323;-1.346093;3.84606;;
24.7332493;;;0.15057484125122;-0.0724671425489091
24.031;-1.734309;3.724875;;
24.032;-1.734309;3.724875;;
24.075;-1.677314;3.749486;;
24.299;-1.375729;3.840396;;
24.301;-1.375431;3.840486;;
24.321;-1.346093;3.84606;;
24.323;-1.346093;3.84606;;
24.8224858;;;0.15057484125122;0.0178166266760687
24.031;-1.734309;3.724875;;
24.032;-1.734309;3.724875;;
24.075;-1.677314;3.749486;;
24.299;-1.375729;3.840396;;
24.301;-1.375431;3.840486;;
24.321;-1.346093;3.84606;;
24.323;-1.346093;3.84606;;
24.9112213;;;0.15057484125122;0.108100395901047
24.031;-1.734309;3.724875;;
24.032;-1.734309;3.724875;;
24.075;-1.677314;3.749486;;
24.299;-1.375729;3.840396;;
24.301;-1.375431;3.840486;;
24.321;-1.346093;3.84606;;
24.323;-1.346093;3.84606;;
24.9914332;;;0.15057484125122;0.203648685090773
24.299;-1.375729;3.840396;;
24.301;-1.375431;3.840486;;
24.321;-1.346093;3.84606;;
24.323;-1.346093;3.84606;;
25.0791657;;;0.0960207343804689;0.250042979467859
24.299;-1.375729;3.840396;;
24.301;-1.375431;3.840486;;
24.321;-1.346093;3.84606;;
24.323;-1.346093;3.84606;;
25.1689034;;;0.0960207343804689;0.210825365965563
25.227;-0.1330892;3.589596;;
25.2586415;;;0;0.163606024598227
25.227;-0.1330892;3.589596;;
25.337;-0.006477103;3.49484;;
25.3478772;;;0;0.116386683230891
25.227;-0.1330892;3.589596;;
25.337;-0.006477103;3.49484;;
25.4371137;;;0;0.10383877979329
25.227;-0.1330892;3.589596;;
25.337;-0.006477103;3.49484;;
25.472;0.1309465;3.367222;;
25.516;0.1743697;3.320238;;
25.517;0.1745435;3.32005;;
25.5268519;;;0.129296933803546;0.102065620839317
25.337;-0.006477103;3.49484;;
25.472;0.1309465;3.367222;;
25.516;0.1743697;3.320238;;
25.517;0.1745435;3.32005;;
25.56;0.2048937;3.284885;;
25.583;0.2353373;3.247483;;
25.584;0.2355891;3.247174;;
25.604;0.2439934;3.236441;;
25.606;0.2537869;3.223697;;
25.6160879;;;0.0269172851766335;0.0917608244997681
25.472;0.1309465;3.367222;;
25.516;0.1743697;3.320238;;
25.517;0.1745435;3.32005;;
25.56;0.2048937;3.284885;;
25.583;0.2353373;3.247483;;
25.584;0.2355891;3.247174;;
25.604;0.2439934;3.236441;;
25.606;0.2537869;3.223697;;
25.626;0.2635633;3.21071;;
25.628;0.2718328;3.199502;;
25.648;0.281727;3.185851;;
25.65;0.2901727;3.173938;;
25.68;0.2996344;3.160349;;
25.681;0.3087142;3.147015;;
25.693;0.3172751;3.134176;;
25.694;0.317425;3.133951;;
25.7053244;;;0.0778019600814153;0.0856964177356177
25.472;0.1309465;3.367222;;
25.516;0.1743697;3.320238;;
25.517;0.1745435;3.32005;;
25.56;0.2048937;3.284885;;
25.583;0.2353373;3.247483;;
25.584;0.2355891;3.247174;;
25.604;0.2439934;3.236441;;
25.606;0.2537869;3.223697;;
25.626;0.2635633;3.21071;;
25.628;0.2718328;3.199502;;
25.648;0.281727;3.185851;;
25.65;0.2901727;3.173938;;
25.68;0.2996344;3.160349;;
25.681;0.3087142;3.147015;;
25.693;0.3172751;3.134176;;
25.694;0.317425;3.133951;;
25.738;0.3504438;3.081802;;
25.739;0.3505815;3.081585;;
25.76;0.3669508;3.054015;;
25.761;0.3670985;3.053766;;
25.7830298;;;0.0867926325326701;0.0803812336757385
25.56;0.2048937;3.284885;;
25.583;0.2353373;3.247483;;
25.584;0.2355891;3.247174;;
25.604;0.2439934;3.236441;;
25.606;0.2537869;3.223697;;
25.626;0.2635633;3.21071;;
25.628;0.2718328;3.199502;;
25.648;0.281727;3.185851;;
25.65;0.2901727;3.173938;;
25.68;0.2996344;3.160349;;
25.681;0.3087142;3.147015;;
25.693;0.3172751;3.134176;;
25.694;0.317425;3.133951;;
25.738;0.3504438;3.081802;;
25.739;0.3505815;3.081585;;
25.76;0.3669508;3.054015;;
25.761;0.3670985;3.053766;;
25.786;0.3903441;3.01234;;
25.788;0.3905181;3.01203;;
25.809;0.4043055;2.986044;;
25.81;0.4044421;2.985787;;
25.831;0.4186375;2.957777;;
25.832;0.4188076;2.957442;;
25.852;0.4325291;2.929021;;
25.853;0.4325291;2.929021;;
25.8617387;;;0.563327254511625;0.114777268114106
25.648;0.281727;3.185851;;
25.65;0.2901727;3.173938;;
25.68;0.2996344;3.160349;;
25.681;0.3087142;3.147015;;
25.693;0.3172751;3.134176;;
25.694;0.317425;3.133951;;
25.738;0.3504438;3.081802;;
25.739;0.3505815;3.081585;;
25.76;0.3669508;3.054015;;
25.761;0.3670985;3.053766;;
25.786;0.3903441;3.01234;;
25.788;0.3905181;3.01203;;
25.809;0.4043055;2.986044;;
25.81;0.4044421;2.985787;;
25.831;0.4186375;2.957777;;
25.832;0.4188076;2.957442;;
25.852;0.4325291;2.929021;;
25.853;0.4325291;2.929021;;
25.874;0.4451192;2.901634;;
25.875;0.4452125;2.901431;;
25.897;0.4583919;2.871242;;
25.899;0.4585211;2.870946;;
25.919;0.4701086;2.842927;;
25.92;0.4702149;2.84267;;
25.94;0.4813755;2.814188;;
25.9399459;;;0.976500207111982;0.183604381935836
25.738;0.3504438;3.081802;;
25.739;0.3505815;3.081585;;
25.76;0.3669508;3.054015;;
25.761;0.3670985;3.053766;;
25.786;0.3903441;3.01234;;
25.788;0.3905181;3.01203;;
25.809;0.4043055;2.986044;;
25.81;0.4044421;2.985787;;
25.831;0.4186375;2.957777;;
25.832;0.4188076;2.957442;;
25.852;0.4325291;2.929021;;
25.853;0.4325291;2.929021;;
25.874;0.4451192;2.901634;;
25.875;0.4452125;2.901431;;
25.897;0.4583919;2.871242;;
25.899;0.4585211;2.870946;;
25.919;0.4701086;2.842927;;
25.92;0.4702149;2.84267;;
25.94;0.4813755;2.814188;;
25.941;0.4814799;2.813922;;
25.961;0.4871031;2.798946;;
25.962;0.4871595;2.798796;;
25.983;0.4975086;2.769981;;
25.984;0.4976134;2.76969;;
26.004;0.5076126;2.740093;;
26.005;0.5077105;2.739804;;
26.0171507;;;0.978840853820635;0.252626549649954
25.809;0.4043055;2.986044;;
25.81;0.4044421;2.985787;;
25.831;0.4186375;2.957777;;
25.832;0.4188076;2.957442;;
25.852;0.4325291;2.929021;;
25.853;0.4325291;2.929021;;
25.874;0.4451192;2.901634;;
25.875;0.4452125;2.901431;;
25.897;0.4583919;2.871242;;
25.899;0.4585211;2.870946;;
25.919;0.4701086;2.842927;;
25.92;0.4702149;2.84267;;
25.94;0.4813755;2.814188;;
25.941;0.4814799;2.813922;;
25.961;0.4871031;2.798946;;
25.962;0.4871595;2.798796;;
25.983;0.4975086;2.769981;;
25.984;0.4976134;2.76969;;
26.004;0.5076126;2.740093;;
26.005;0.5077105;2.739804;;
26.027;0.5170702;2.71025;;
26.028;0.5171613;2.709962;;
26.05;0.5258434;2.68063;;
26.051;0.5259224;2.680363;;
26.071;0.5343632;2.649714;;
26.072;0.5343632;2.649714;;
26.094;0.5419745;2.619851;;
26.0968614;;;0.992952890443895;0.327370895988573
25.874;0.4451192;2.901634;;
25.875;0.4452125;2.901431;;
25.897;0.4583919;2.871242;;
25.899;0.4585211;2.870946;;
25.919;0.4701086;2.842927;;
25.92;0.4702149;2.84267;;
25.94;0.4813755;2.814188;;
25.941;0.4814799;2.813922;;
25.961;0.4871031;2.798946;;
25.962;0.4871595;2.798796;;
25.983;0.4975086;2.769981;;
25.984;0.4976134;2.76969;;
26.004;0.5076126;2.740093;;
26.005;0.5077105;2.739804;;
26.027;0.5170702;2.71025;;
26.028;0.5171613;2.709962;;
26.05;0.5258434;2.68063;;
26.051;0.5259224;2.680363;;
26.071;0.5343632;2.649714;;
26.072;0.5343632;2.649714;;
26.094;0.5419745;2.619851;;
26.116;0.5491885;2.589137;;
26.117;0.5492557;2.588851;;
26.118;0.5492675;2.5888;;
26.138;0.5559162;2.557776;;
26.161;0.5591694;2.541451;;
26.163;0.5592052;2.541271;;
26.163;0.5592052;2.541271;;
26.1740658;;;0.992313821850729;0.402061986611094
25.961;0.4871031;2.798946;;
25.962;0.4871595;2.798796;;
25.983;0.4975086;2.769981;;
25.984;0.4976134;2.76969;;
26.004;0.5076126;2.740093;;
26.005;0.5077105;2.739804;;
26.027;0.5170702;2.71025;;
26.028;0.5171613;2.709962;;
26.05;0.5258434;2.68063;;
26.051;0.5259224;2.680363;;
26.071;0.5343632;2.649714;;
26.072;0.5343632;2.649714;;
26.094;0.5419745;2.619851;;
26.116;0.5491885;2.589137;;
26.117;0.5492557;2.588851;;
26.118;0.5492675;2.5888;;
26.138;0.5559162;2.557776;;
26.161;0.5591694;2.541451;;
26.163;0.5592052;2.541271;;
26.163;0.5592052;2.541271;;
26.183;0.5667776;2.499223;;
26.184;0.5668563;2.498786;;
26.204;0.572023;2.465672;;
26.227;0.5763056;2.434149;;
26.228;0.5763455;2.433856;;
26.23;0.5763516;2.433811;;
26.25;0.5799694;2.402646;;
26.252;0.5799694;2.402646;;
26.253276;;;0.986837471815308;0.484298442595703
26.027;0.5170702;2.71025;;
26.028;0.5171613;2.709962;;
26.05;0.5258434;2.68063;;
26.051;0.5259224;2.680363;;
26.071;0.5343632;2.649714;;
26.072;0.5343632;2.649714;;
26.094;0.5419745;2.619851;;
26.116;0.5491885;2.589137;;
26.117;0.5492557;2.588851;;
26.118;0.5492675;2.5888;;
26.138;0.5559162;2.557776;;
26.161;0.5591694;2.541451;;
26.163;0.5592052;2.541271;;
26.163;0.5592052;2.541271;;
26.183;0.5667776;2.499223;;
26.184;0.5668563;2.498786;;
26.204;0.572023;2.465672;;
26.227;0.5763056;2.434149;;
26.228;0.5763455;2.433856;;
26.23;0.5763516;2.433811;;
26.25;0.5799694;2.402646;;
26.252;0.5799694;2.402646;;
26.273;0.5829503;2.37185;;
26.274;0.5829729;2.371615;;
26.295;0.5854139;2.340185;;
26.296;0.5854139;2.340185;;
26.317;0.587203;2.309539;;
26.319;0.5872405;2.308895;;
26.3304801;;;0.968114633399043;0.564974662045624
26.116;0.5491885;2.589137;;
26.117;0.5492557;2.588851;;
26.118;0.5492675;2.5888;;
26.138;0.5559162;2.557776;;
26.161;0.5591694;2.541451;;
26.163;0.5592052;2.541271;;
26.163;0.5592052;2.541271;;
26.183;0.5667776;2.499223;;
26.184;0.5668563;2.498786;;
26.204;0.572023;2.465672;;
26.227;0.5763056;2.434149;;
26.228;0.5763455;2.433856;;
26.23;0.5763516;2.433811;;
26.25;0.5799694;2.402646;;
26.252;0.5799694;2.402646;;
26.273;0.5829503;2.37185;;
26.274;0.5829729;2.371615;;
26.295;0.5854139;2.340185;;
26.296;0.5854139;2.340185;;
26.317;0.587203;2.309539;;
26.319;0.5872405;2.308895;;
26.339;0.5884748;2.277467;;
26.34;0.5884748;2.277467;;
26.361;0.5890968;2.246622;;
26.384;0.5891355;2.215226;;
26.385;0.5891362;2.214638;;
26.387;0.5891363;2.214531;;
26.407;0.5885631;2.183063;;
26.40969;;;0.971249247479252;0.645912099335561
26.183;0.5667776;2.499223;;
26.184;0.5668563;2.498786;;
26.204;0.572023;2.465672;;
26.227;0.5763056;2.434149;;
26.228;0.5763455;2.433856;;
26.23;0.5763516;2.433811;;
26.25;0.5799694;2.402646;;
26.252;0.5799694;2.402646;;
26.273;0.5829503;2.37185;;
26.274;0.5829729;2.371615;;
26.295;0.5854139;2.340185;;
26.296;0.5854139;2.340185;;
26.317;0.587203;2.309539;;
26.319;0.5872405;2.308895;;
26.339;0.5884748;2.277467;;
26.34;0.5884748;2.277467;;
26.361;0.5890968;2.246622;;
26.384;0.5891355;2.215226;;
26.385;0.5891362;2.214638;;
26.387;0.5891363;2.214531;;
26.407;0.5885631;2.183063;;
26.428;0.5874276;2.15262;;
26.429;0.587404;2.151989;;
26.45;0.5856773;2.121322;;
26.452;0.5856423;2.120701;;
26.472;0.5832094;2.088609;;
26.473;0.5831898;2.08835;;
26.4868949;;;0.883503685146139;0.708762661947444
26.227;0.5763056;2.434149;;
26.228;0.5763455;2.433856;;
26.23;0.5763516;2.433811;;
26.25;0.5799694;2.402646;;
26.252;0.5799694;2.402646;;
26.273;0.5829503;2.37185;;
26.274;0.5829729;2.371615;;
26.295;0.5854139;2.340185;;
26.296;0.5854139;2.340185;;
26.317;0.587203;2.309539;;
26.319;0.5872405;2.308895;;
26.339;0.5884748;2.277467;;
26.34;0.5884748;2.277467;;
26.361;0.5890968;2.246622;;
26.384;0.5891355;2.215226;;
26.385;0.5891362;2.214638;;
26.387;0.5891363;2.214531;;
26.407;0.5885631;2.183063;;
26.428;0.5874276;2.15262;;
26.429;0.587404;2.151989;;
26.45;0.5856773;2.121322;;
26.452;0.5856423;2.120701;;
26.472;0.5832094;2.088609;;
26.473;0.5831898;2.08835;;
26.495;0.5803357;2.058319;;
26.496;0.580309;2.058039;;
26.518;0.5768194;2.027428;;
26.519;0.5767895;2.027166;;
26.52;0.5767809;2.027091;;
26.5651018;;;0.481483513624908;0.7466431809848
26.361;0.5890968;2.246622;;
26.384;0.5891355;2.215226;;
26.385;0.5891362;2.214638;;
26.387;0.5891363;2.214531;;
26.407;0.5885631;2.183063;;
26.428;0.5874276;2.15262;;
26.429;0.587404;2.151989;;
26.45;0.5856773;2.121322;;
26.452;0.5856423;2.120701;;
26.472;0.5832094;2.088609;;
26.473;0.5831898;2.08835;;
26.495;0.5803357;2.058319;;
26.496;0.580309;2.058039;;
26.518;0.5768194;2.027428;;
26.519;0.5767895;2.027166;;
26.52;0.5767809;2.027091;;
26.641;0.5466565;1.857385;;
26.644;0.5465508;1.85679;;
26.6443117;;;0.0489354061406277;0.744237634823068
26.428;0.5874276;2.15262;;
26.429;0.587404;2.151989;;
26.45;0.5856773;2.121322;;
26.452;0.5856423;2.120701;;
26.472;0.5832094;2.088609;;
26.473;0.5831898;2.08835;;
26.495;0.5803357;2.058319;;
26.496;0.580309;2.058039;;
26.518;0.5768194;2.027428;;
26.519;0.5767895;2.027166;;
26.52;0.5767809;2.027091;;
26.641;0.5466565;1.857385;;
26.644;0.5465508;1.85679;;
26.653;0.5430878;1.842173;;
26.654;0.5429922;1.841769;;
26.655;0.5429922;1.841769;;
26.656;0.5429922;1.841769;;
26.657;0.5429922;1.841769;;
26.658;0.5429922;1.841769;;
26.66;0.5429922;1.841769;;
26.661;0.5429922;1.841769;;
26.663;0.5396301;1.828184;;
26.668;0.5351666;1.81081;;
26.668;0.5349246;1.809868;;
26.689;0.5265099;1.779166;;
26.69;0.5264278;1.778867;;
26.71;0.522631;1.765736;;
26.712;0.518703;1.752586;;
26.7215159;;;0.00344163211620596;0.737291718121696
26.518;0.5768194;2.027428;;
26.519;0.5767895;2.027166;;
26.52;0.5767809;2.027091;;
26.641;0.5466565;1.857385;;
26.644;0.5465508;1.85679;;
26.653;0.5430878;1.842173;;
26.654;0.5429922;1.841769;;
26.655;0.5429922;1.841769;;
26.656;0.5429922;1.841769;;
26.657;0.5429922;1.841769;;
26.658;0.5429922;1.841769;;
26.66;0.5429922;1.841769;;
26.661;0.5429922;1.841769;;
26.663;0.5396301;1.828184;;
26.668;0.5351666;1.81081;;
26.668;0.5349246;1.809868;;
26.689;0.5265099;1.779166;;
26.69;0.5264278;1.778867;;
26.71;0.522631;1.765736;;
26.712;0.518703;1.752586;;
26.733;0.5085931;1.720371;;
26.734;0.5084713;1.719983;;
26.754;0.5037359;1.705663;;
26.755;0.5036775;1.705487;;
26.777;0.4933171;1.675616;;
26.778;0.4887537;1.663021;;
26.799;0.4825344;1.646311;;
26.7997233;;;0.00603671755558011;0.690850840042025
26.641;0.5466565;1.857385;;
26.644;0.5465508;1.85679;;
26.653;0.5430878;1.842173;;
26.654;0.5429922;1.841769;;
26.655;0.5429922;1.841769;;
26.656;0.5429922;1.841769;;
26.657;0.5429922;1.841769;;
26.658;0.5429922;1.841769;;
26.66;0.5429922;1.841769;;
26.661;0.5429922;1.841769;;
26.663;0.5396301;1.828184;;
26.668;0.5351666;1.81081;;
26.668;0.5349246;1.809868;;
26.689;0.5265099;1.779166;;
26.69;0.5264278;1.778867;;
26.71;0.522631;1.765736;;
26.712;0.518703;1.752586;;
26.733;0.5085931;1.720371;;
26.734;0.5084713;1.719983;;
26.754;0.5037359;1.705663;;
26.755;0.5036775;1.705487;;
26.777;0.4933171;1.675616;;
26.778;0.4887537;1.663021;;
26.799;0.4825344;1.646311;;
26.8;0.4768414;1.631502;;
26.822;0.470259;1.614904;;
26.843;0.4590549;1.587785;;
26.845;0.4534787;1.57478;;
26.846;0.4529347;1.573511;;
26.868;0.44017;1.544902;;
26.869;0.4400222;1.544571;;
26.8789332;;;0.0138462363241999;0.61062967580971
26.656;0.5429922;1.841769;;
26.657;0.5429922;1.841769;;
26.658;0.5429922;1.841769;;
26.66;0.5429922;1.841769;;
26.661;0.5429922;1.841769;;
26.663;0.5396301;1.828184;;
26.668;0.5351666;1.81081;;
26.668;0.5349246;1.809868;;
26.689;0.5265099;1.779166;;
26.69;0.5264278;1.778867;;
26.71;0.522631;1.765736;;
26.712;0.518703;1.752586;;
26.733;0.5085931;1.720371;;
26.734;0.5084713;1.719983;;
26.754;0.5037359;1.705663;;
26.755;0.5036775;1.705487;;
26.777;0.4933171;1.675616;;
26.778;0.4887537;1.663021;;
26.799;0.4825344;1.646311;;
26.8;0.4768414;1.631502;;
26.822;0.470259;1.614904;;
26.843;0.4590549;1.587785;;
26.845;0.4534787;1.57478;;
26.846;0.4529347;1.573511;;
26.868;0.44017;1.544902;;
26.869;0.4400222;1.544571;;
26.889;0.4336109;1.53074;;
26.89;0.4288319;1.520672;;
26.91;0.4198476;1.502134;;
26.912;0.4134018;1.489206;;
26.933;0.4057772;1.47425;;
26.955;0.3912388;1.446762;;
26.9561373;;;0.00689540521316917;0.529634221759088
26.733;0.5085931;1.720371;;
26.734;0.5084713;1.719983;;
26.754;0.5037359;1.705663;;
26.755;0.5036775;1.705487;;
26.777;0.4933171;1.675616;;
26.778;0.4887537;1.663021;;
26.799;0.4825344;1.646311;;
26.8;0.4768414;1.631502;;
26.822;0.470259;1.614904;;
26.843;0.4590549;1.587785;;
26.845;0.4534787;1.57478;;
26.846;0.4529347;1.573511;;
26.868;0.44017;1.544902;;
26.869;0.4400222;1.544571;;
26.889;0.4336109;1.53074;;
26.89;0.4288319;1.520672;;
26.91;0.4198476;1.502134;;
26.912;0.4134018;1.489206;;
26.933;0.4057772;1.47425;;
26.955;0.3912388;1.446762;;
26.978;0.3757802;1.418838;;
26.979;0.3692179;1.407371;;
27;0.3601713;1.391869;;
27.001;0.3601713;1.391869;;
27.022;0.3439252;1.365007;;
27.0348462;;;-0.0067777578221056;0.446323334403588
26.799;0.4825344;1.646311;;
26.8;0.4768414;1.631502;;
26.822;0.470259;1.614904;;
26.843;0.4590549;1.587785;;
26.845;0.4534787;1.57478;;
26.846;0.4529347;1.573511;;
26.868;0.44017;1.544902;;
26.869;0.4400222;1.544571;;
26.889;0.4336109;1.53074;;
26.89;0.4288319;1.520672;;
26.91;0.4198476;1.502134;;
26.912;0.4134018;1.489206;;
26.933;0.4057772;1.47425;;
26.955;0.3912388;1.446762;;
26.978;0.3757802;1.418838;;
26.979;0.3692179;1.407371;;
27;0.3601713;1.391869;;
27.001;0.3601713;1.391869;;
27.022;0.3439252;1.365007;;
27.044;0.3277071;1.3393;;
27.046;0.3272294;1.338542;;
27.068;0.294187;1.289262;;
27.069;0.2939072;1.288844;;
27.07;0.2938049;1.288692;;
27.09;0.2901664;1.283496;;
27.091;0.2844767;1.275464;;
27.1130531;;;-8.69008163459917E-05;0.363623274181332
26.889;0.4336109;1.53074;;
26.89;0.4288319;1.520672;;
26.91;0.4198476;1.502134;;
26.912;0.4134018;1.489206;;
26.933;0.4057772;1.47425;;
26.955;0.3912388;1.446762;;
26.978;0.3757802;1.418838;;
26.979;0.3692179;1.407371;;
27;0.3601713;1.391869;;
27.001;0.3601713;1.391869;;
27.022;0.3439252;1.365007;;
27.044;0.3277071;1.3393;;
27.046;0.3272294;1.338542;;
27.068;0.294187;1.289262;;
27.069;0.2939072;1.288844;;
27.07;0.2938049;1.288692;;
27.09;0.2901664;1.283496;;
27.091;0.2844767;1.275464;;
27.113;0.2649654;1.248644;;
27.114;0.2647285;1.248318;;
27.134;0.2552771;1.23573;;
27.135;0.2551449;1.23555;;
27.155;0.2367007;1.211701;;
27.177;0.2160372;1.186002;;
27.179;0.2158544;1.185774;;
27.1912605;;;-0.00073222721716204;0.281325799261959
26.955;0.3912388;1.446762;;
26.978;0.3757802;1.418838;;
26.979;0.3692179;1.407371;;
27;0.3601713;1.391869;;
27.001;0.3601713;1.391869;;
27.022;0.3439252;1.365007;;
27.044;0.3277071;1.3393;;
27.046;0.3272294;1.338542;;
27.068;0.294187;1.289262;;
27.069;0.2939072;1.288844;;
27.07;0.2938049;1.288692;;
27.09;0.2901664;1.283496;;
27.091;0.2844767;1.275464;;
27.113;0.2649654;1.248644;;
27.114;0.2647285;1.248318;;
27.134;0.2552771;1.23573;;
27.135;0.2551449;1.23555;;
27.155;0.2367007;1.211701;;
27.177;0.2160372;1.186002;;
27.179;0.2158544;1.185774;;
27.201;0.1965958;1.162757;;
27.202;0.1964429;1.162574;;
27.222;0.1757285;1.138746;;
27.224;0.1754973;1.13848;;
27.225;0.1667274;1.128685;;
27.246;0.1545414;1.115292;;
27.247;0.1544197;1.115158;;
27.2694674;;;0.00245723431003519;0.200854349337875
27.044;0.3277071;1.3393;;
27.046;0.3272294;1.338542;;
27.068;0.294187;1.289262;;
27.069;0.2939072;1.288844;;
27.07;0.2938049;1.288692;;
27.09;0.2901664;1.283496;;
27.091;0.2844767;1.275464;;
27.113;0.2649654;1.248644;;
27.114;0.2647285;1.248318;;
27.134;0.2552771;1.23573;;
27.135;0.2551449;1.23555;;
27.155;0.2367007;1.211701;;
27.177;0.2160372;1.186002;;
27.179;0.2158544;1.185774;;
27.201;0.1965958;1.162757;;
27.202;0.1964429;1.162574;;
27.222;0.1757285;1.138746;;
27.224;0.1754973;1.13848;;
27.225;0.1667274;1.128685;;
27.246;0.1545414;1.115292;;
27.247;0.1544197;1.115158;;
27.27;0.1216802;1.080649;;
27.292;0.09993824;1.058798;;
27.293;0.09970977;1.058562;;
27.294;0.09964835;1.058498;;
27.315;0.07788309;1.037433;;
27.316;0.0776676;1.037224;;
27.338;0.05395611;1.015138;;
27.338;0.05395611;1.015138;;
27.3471731;;;0.0197858384191507;0.1215657319162
27.134;0.2552771;1.23573;;
27.135;0.2551449;1.23555;;
27.155;0.2367007;1.211701;;
27.177;0.2160372;1.186002;;
27.179;0.2158544;1.185774;;
27.201;0.1965958;1.162757;;
27.202;0.1964429;1.162574;;
27.222;0.1757285;1.138746;;
27.224;0.1754973;1.13848;;
27.225;0.1667274;1.128685;;
27.246;0.1545414;1.115292;;
27.247;0.1544197;1.115158;;
27.27;0.1216802;1.080649;;
27.292;0.09993824;1.058798;;
27.293;0.09970977;1.058562;;
27.294;0.09964835;1.058498;;
27.315;0.07788309;1.037433;;
27.316;0.0776676;1.037224;;
27.338;0.05395611;1.015138;;
27.338;0.05395611;1.015138;;
27.359;0.03207146;0.9955184;;
27.36;0.03161897;0.9951127;;
27.383;0.007260744;0.9740901;;
27.384;0.007260744;0.9740901;;
27.404;-0.01663106;0.9542648;;
27.405;-0.01687316;0.9540639;;
27.425;-0.02820661;0.9449246;;
27.4258825;;;0.0143075927997207;0.0491327242206653
27.201;0.1965958;1.162757;;
27.202;0.1964429;1.162574;;
27.222;0.1757285;1.138746;;
27.224;0.1754973;1.13848;;
27.225;0.1667274;1.128685;;
27.246;0.1545414;1.115292;;
27.247;0.1544197;1.115158;;
27.27;0.1216802;1.080649;;
27.292;0.09993824;1.058798;;
27.293;0.09970977;1.058562;;
27.294;0.09964835;1.058498;;
27.315;0.07788309;1.037433;;
27.316;0.0776676;1.037224;;
27.338;0.05395611;1.015138;;
27.338;0.05395611;1.015138;;
27.359;0.03207146;0.9955184;;
27.36;0.03161897;0.9951127;;
27.383;0.007260744;0.9740901;;
27.384;0.007260744;0.9740901;;
27.404;-0.01663106;0.9542648;;
27.405;-0.01687316;0.9540639;;
27.425;-0.02820661;0.9449246;;
27.427;-0.03963158;0.935884;;
27.448;-0.06613129;0.9155189;;
27.449;-0.0664323;0.9152855;;
27.47;-0.07893585;0.9059729;;
27.491;-0.1041691;0.8877371;;
27.493;-0.1121564;0.8821339;;
27.5040889;;;0.0230135838151885;0.010926896736522
27.27;0.1216802;1.080649;;
27.292;0.09993824;1.058798;;
27.293;0.09970977;1.058562;;
27.294;0.09964835;1.058498;;
27.315;0.07788309;1.037433;;
27.316;0.0776676;1.037224;;
27.338;0.05395611;1.015138;;
27.338;0.05395611;1.015138;;
27.359;0.03207146;0.9955184;;
27.36;0.03161897;0.9951127;;
27.383;0.007260744;0.9740901;;
27.384;0.007260744;0.9740901;;
27.404;-0.01663106;0.9542648;;
27.405;-0.01687316;0.9540639;;
27.425;-0.02820661;0.9449246;;
27.427;-0.03963158;0.935884;;
27.448;-0.06613129;0.9155189;;
27.449;-0.0664323;0.9152855;;
27.47;-0.07893585;0.9059729;;
27.491;-0.1041691;0.8877371;;
27.493;-0.1121564;0.8821339;;
27.518;-0.1300814;0.8697471;;
27.519;-0.1302218;0.8696501;;
27.52;-0.130253;0.8696286;;
27.536;-0.1560068;0.8524772;;
27.559;-0.1841119;0.8345322;;
27.56;-0.1913562;0.8300546;;
27.562;-0.1957378;0.8273464;;
27.5817943;;;0.176292736374609;0.0215400075893538
27.359;0.03207146;0.9955184;;
27.36;0.03161897;0.9951127;;
27.383;0.007260744;0.9740901;;
27.384;0.007260744;0.9740901;;
27.404;-0.01663106;0.9542648;;
27.405;-0.01687316;0.9540639;;
27.425;-0.02820661;0.9449246;;
27.427;-0.03963158;0.935884;;
27.448;-0.06613129;0.9155189;;
27.449;-0.0664323;0.9152855;;
27.47;-0.07893585;0.9059729;;
27.491;-0.1041691;0.8877371;;
27.493;-0.1121564;0.8821339;;
27.518;-0.1300814;0.8697471;;
27.519;-0.1302218;0.8696501;;
27.52;-0.130253;0.8696286;;
27.536;-0.1560068;0.8524772;;
27.559;-0.1841119;0.8345322;;
27.56;-0.1913562;0.8300546;;
27.562;-0.1957378;0.8273464;;
27.604;-0.2499116;0.7955711;;
27.605;-0.2501746;0.7954169;;
27.627;-0.277032;0.7806834;;
27.628;-0.2775378;0.7804059;;
27.629;-0.2776273;0.7803568;;
27.649;-0.3048453;0.7660921;;
27.65;-0.3051253;0.7659454;;
27.6600019;;;0.0249175151613421;0.0233296645097818
27.448;-0.06613129;0.9155189;;
27.449;-0.0664323;0.9152855;;
27.47;-0.07893585;0.9059729;;
27.491;-0.1041691;0.8877371;;
27.493;-0.1121564;0.8821339;;
27.518;-0.1300814;0.8697471;;
27.519;-0.1302218;0.8696501;;
27.52;-0.130253;0.8696286;;
27.536;-0.1560068;0.8524772;;
27.559;-0.1841119;0.8345322;;
27.56;-0.1913562;0.8300546;;
27.562;-0.1957378;0.8273464;;
27.604;-0.2499116;0.7955711;;
27.605;-0.2501746;0.7954169;;
27.627;-0.277032;0.7806834;;
27.628;-0.2775378;0.7804059;;
27.629;-0.2776273;0.7803568;;
27.649;-0.3048453;0.7660921;;
27.65;-0.3051253;0.7659454;;
27.671;-0.3199441;0.758451;;
27.672;-0.3304524;0.7532636;;
27.692;-0.3470921;0.7452049;;
27.716;-0.3905918;0.7252543;;
27.717;-0.3913586;0.7249026;;
27.718;-0.3914747;0.7248493;;
27.738;-0.4049068;0.7190006;;
27.7382091;;;-0.00204392328258796;0.0226562777732678
27.518;-0.1300814;0.8697471;;
27.519;-0.1302218;0.8696501;;
27.52;-0.130253;0.8696286;;
27.536;-0.1560068;0.8524772;;
27.559;-0.1841119;0.8345322;;
27.56;-0.1913562;0.8300546;;
27.562;-0.1957378;0.8273464;;
27.604;-0.2499116;0.7955711;;
27.605;-0.2501746;0.7954169;;
27.627;-0.277032;0.7806834;;
27.628;-0.2775378;0.7804059;;
27.629;-0.2776273;0.7803568;;
27.649;-0.3048453;0.7660921;;
27.65;-0.3051253;0.7659454;;
27.671;-0.3199441;0.758451;;
27.672;-0.3304524;0.7532636;;
27.692;-0.3470921;0.7452049;;
27.716;-0.3905918;0.7252543;;
27.717;-0.3913586;0.7249026;;
27.718;-0.3914747;0.7248493;;
27.738;-0.4049068;0.7190006;;
27.739;-0.4196003;0.7127652;;
27.76;-0.4341063;0.7067774;;
27.762;-0.4464924;0.7017954;;
27.785;-0.478361;0.6894872;;
27.786;-0.4786087;0.6893916;;
27.806;-0.491807;0.6845198;;
27.807;-0.5027388;0.6805983;;
27.8169177;;;-0.0398181081320798;0.0181842490685778
27.604;-0.2499116;0.7955711;;
27.605;-0.2501746;0.7954169;;
27.627;-0.277032;0.7806834;;
27.628;-0.2775378;0.7804059;;
27.629;-0.2776273;0.7803568;;
27.649;-0.3048453;0.7660921;;
27.65;-0.3051253;0.7659454;;
27.671;-0.3199441;0.758451;;
27.672;-0.3304524;0.7532636;;
27.692;-0.3470921;0.7452049;;
27.716;-0.3905918;0.7252543;;
27.717;-0.3913586;0.7249026;;
27.718;-0.3914747;0.7248493;;
27.738;-0.4049068;0.7190006;;
27.739;-0.4196003;0.7127652;;
27.76;-0.4341063;0.7067774;;
27.762;-0.4464924;0.7017954;;
27.785;-0.478361;0.6894872;;
27.786;-0.4786087;0.6893916;;
27.806;-0.491807;0.6845198;;
27.807;-0.5027388;0.6805983;;
27.828;-0.5230451;0.6734985;;
27.85;-0.5525993;0.663717;;
27.851;-0.5651655;0.6597525;;
27.852;-0.5676689;0.6589627;;
27.872;-0.5820286;0.6545843;;
27.894;-0.6128922;0.6456564;;
27.8951249;;;-0.154980883839023;0.00469455831422845
27.692;-0.3470921;0.7452049;;
27.716;-0.3905918;0.7252543;;
27.717;-0.3913586;0.7249026;;
27.718;-0.3914747;0.7248493;;
27.738;-0.4049068;0.7190006;;
27.739;-0.4196003;0.7127652;;
27.76;-0.4341063;0.7067774;;
27.762;-0.4464924;0.7017954;;
27.785;-0.478361;0.6894872;;
27.786;-0.4786087;0.6893916;;
27.806;-0.491807;0.6845198;;
27.807;-0.5027388;0.6805983;;
27.828;-0.5230451;0.6734985;;
27.85;-0.5525993;0.663717;;
27.851;-0.5651655;0.6597525;;
27.852;-0.5676689;0.6589627;;
27.872;-0.5820286;0.6545843;;
27.894;-0.6128922;0.6456564;;
27.895;-0.6226599;0.6429774;;
27.896;-0.6256664;0.6421528;;
27.917;-0.6422657;0.6377567;;
27.918;-0.6582995;0.6336895;;
27.939;-0.6882707;0.6265505;;
27.962;-0.7036946;0.6231035;;
27.964;-0.7168117;0.6203032;;
27.973;-0.7188649;0.6198648;;
27.9768411;;;-0.0670724840609179;-0.000330002205672572
27.76;-0.4341063;0.7067774;;
27.762;-0.4464924;0.7017954;;
27.785;-0.478361;0.6894872;;
27.786;-0.4786087;0.6893916;;
27.806;-0.491807;0.6845198;;
27.807;-0.5027388;0.6805983;;
27.828;-0.5230451;0.6734985;;
27.85;-0.5525993;0.663717;;
27.851;-0.5651655;0.6597525;;
27.852;-0.5676689;0.6589627;;
27.872;-0.5820286;0.6545843;;
27.894;-0.6128922;0.6456564;;
27.895;-0.6226599;0.6429774;;
27.896;-0.6256664;0.6421528;;
27.917;-0.6422657;0.6377567;;
27.918;-0.6582995;0.6336895;;
27.939;-0.6882707;0.6265505;;
27.962;-0.7036946;0.6231035;;
27.964;-0.7168117;0.6203032;;
27.973;-0.7188649;0.6198648;;
27.985;-0.7341651;0.6167524;;
28.006;-0.7824803;0.6079141;;
28.008;-0.7830524;0.6078094;;
28.008;-0.7830524;0.6078094;;
28.029;-0.8108882;0.6034;;
28.051;-0.842851;0.5989354;;
28.052;-0.8431587;0.5988925;;
28.0625683;;;-0.039215882108586;-0.00359075064669257
27.828;-0.5230451;0.6734985;;
27.85;-0.5525993;0.663717;;
27.851;-0.5651655;0.6597525;;
27.852;-0.5676689;0.6589627;;
27.872;-0.5820286;0.6545843;;
27.894;-0.6128922;0.6456564;;
27.895;-0.6226599;0.6429774;;
27.896;-0.6256664;0.6421528;;
27.917;-0.6422657;0.6377567;;
27.918;-0.6582995;0.6336895;;
27.939;-0.6882707;0.6265505;;
27.962;-0.7036946;0.6231035;;
27.964;-0.7168117;0.6203032;;
27.973;-0.7188649;0.6198648;;
27.985;-0.7341651;0.6167524;;
28.006;-0.7824803;0.6079141;;
28.008;-0.7830524;0.6078094;;
28.008;-0.7830524;0.6078094;;
28.029;-0.8108882;0.6034;;
28.051;-0.842851;0.5989354;;
28.052;-0.8431587;0.5988925;;
28.073;-0.8729106;0.5953171;;
28.075;-0.8732601;0.5952751;;
28.076;-0.8732601;0.5952751;;
28.095;-0.889957;0.5935136;;
28.118;-0.9205917;0.5907259;;
28.119;-0.9335822;0.5897285;;
28.12;-0.9369456;0.5894703;;
28.1402744;;;0.00473383930361543;-0.00313524510329445
27.917;-0.6422657;0.6377567;;
27.918;-0.6582995;0.6336895;;
27.939;-0.6882707;0.6265505;;
27.962;-0.7036946;0.6231035;;
27.964;-0.7168117;0.6203032;;
27.973;-0.7188649;0.6198648;;
27.985;-0.7341651;0.6167524;;
28.006;-0.7824803;0.6079141;;
28.008;-0.7830524;0.6078094;;
28.008;-0.7830524;0.6078094;;
28.029;-0.8108882;0.6034;;
28.051;-0.842851;0.5989354;;
28.052;-0.8431587;0.5988925;;
28.073;-0.8729106;0.5953171;;
28.075;-0.8732601;0.5952751;;
28.076;-0.8732601;0.5952751;;
28.095;-0.889957;0.5935136;;
28.118;-0.9205917;0.5907259;;
28.119;-0.9335822;0.5897285;;
28.12;-0.9369456;0.5894703;;
28.141;-0.9683513;0.5875286;;
28.163;-0.998706;0.5862243;;
28.165;-0.9990202;0.5862077;;
28.186;-1.030402;0.5854551;;
28.187;-1.030707;0.5854477;;
28.188;-1.030762;0.5854464;;
28.208;-1.061667;0.5852987;;
28.2184808;;;0.0656055891285993;0.00212711779825256
27.985;-0.7341651;0.6167524;;
28.006;-0.7824803;0.6079141;;
28.008;-0.7830524;0.6078094;;
28.008;-0.7830524;0.6078094;;
28.029;-0.8108882;0.6034;;
28.051;-0.842851;0.5989354;;
28.052;-0.8431587;0.5988925;;
28.073;-0.8729106;0.5953171;;
28.075;-0.8732601;0.5952751;;
28.076;-0.8732601;0.5952751;;
28.095;-0.889957;0.5935136;;
28.118;-0.9205917;0.5907259;;
28.119;-0.9335822;0.5897285;;
28.12;-0.9369456;0.5894703;;
28.141;-0.9683513;0.5875286;;
28.163;-0.998706;0.5862243;;
28.165;-0.9990202;0.5862077;;
28.186;-1.030402;0.5854551;;
28.187;-1.030707;0.5854477;;
28.188;-1.030762;0.5854464;;
28.208;-1.061667;0.5852987;;
28.23;-1.077593;0.585446;;
28.231;-1.090102;0.5856792;;
28.233;-1.092582;0.5857254;;
28.253;-1.125724;0.5868375;;
28.254;-1.126076;0.5868493;;
28.275;-1.15562;0.5884107;;
28.2971897;;;0.0833354646053646;0.00742291998043706
28.073;-0.8729106;0.5953171;;
28.075;-0.8732601;0.5952751;;
28.076;-0.8732601;0.5952751;;
28.095;-0.889957;0.5935136;;
28.118;-0.9205917;0.5907259;;
28.119;-0.9335822;0.5897285;;
28.12;-0.9369456;0.5894703;;
28.141;-0.9683513;0.5875286;;
28.163;-0.998706;0.5862243;;
28.165;-0.9990202;0.5862077;;
28.186;-1.030402;0.5854551;;
28.187;-1.030707;0.5854477;;
28.188;-1.030762;0.5854464;;
28.208;-1.061667;0.5852987;;
28.23;-1.077593;0.585446;;
28.231;-1.090102;0.5856792;;
28.233;-1.092582;0.5857254;;
28.253;-1.125724;0.5868375;;
28.254;-1.126076;0.5868493;;
28.275;-1.15562;0.5884107;;
28.298;-1.185985;0.5905696;;
28.299;-1.185999;0.5905706;;
28.3;-1.186251;0.5905885;;
28.32;-1.218416;0.593502;;
28.342;-1.233414;0.5950741;;
28.343;-1.244829;0.5963838;;
28.365;-1.28078;0.6009699;;
28.367;-1.281133;0.6010149;;
28.3748954;;;0.593533407482973;0.0556917378707081
28.163;-0.998706;0.5862243;;
28.165;-0.9990202;0.5862077;;
28.186;-1.030402;0.5854551;;
28.187;-1.030707;0.5854477;;
28.188;-1.030762;0.5854464;;
28.208;-1.061667;0.5852987;;
28.23;-1.077593;0.585446;;
28.231;-1.090102;0.5856792;;
28.233;-1.092582;0.5857254;;
28.253;-1.125724;0.5868375;;
28.254;-1.126076;0.5868493;;
28.275;-1.15562;0.5884107;;
28.298;-1.185985;0.5905696;;
28.299;-1.185999;0.5905706;;
28.3;-1.186251;0.5905885;;
28.32;-1.218416;0.593502;;
28.342;-1.233414;0.5950741;;
28.343;-1.244829;0.5963838;;
28.365;-1.28078;0.6009699;;
28.367;-1.281133;0.6010149;;
28.387;-1.311193;0.6054915;;
28.388;-1.311567;0.6055472;;
28.409;-1.34216;0.610697;;
28.41;-1.342468;0.6107488;;
28.412;-1.34253;0.6107593;;
28.431;-1.373316;0.6165517;;
28.453;-1.393605;0.6206977;;
28.453604;;;0.898593780303639;0.128656754244746
28.23;-1.077593;0.585446;;
28.231;-1.090102;0.5856792;;
28.233;-1.092582;0.5857254;;
28.253;-1.125724;0.5868375;;
28.254;-1.126076;0.5868493;;
28.275;-1.15562;0.5884107;;
28.298;-1.185985;0.5905696;;
28.299;-1.185999;0.5905706;;
28.3;-1.186251;0.5905885;;
28.32;-1.218416;0.593502;;
28.342;-1.233414;0.5950741;;
28.343;-1.244829;0.5963838;;
28.365;-1.28078;0.6009699;;
28.367;-1.281133;0.6010149;;
28.387;-1.311193;0.6054915;;
28.388;-1.311567;0.6055472;;
28.409;-1.34216;0.610697;;
28.41;-1.342468;0.6107488;;
28.412;-1.34253;0.6107593;;
28.431;-1.373316;0.6165517;;
28.453;-1.393605;0.6206977;;
28.454;-1.401814;0.6224571;;
28.455;-1.404222;0.6229733;;
28.477;-1.434558;0.6298965;;
28.5;-1.464928;0.6374199;;
28.501;-1.465206;0.6374887;;
28.502;-1.465246;0.6374986;;
28.522;-1.495241;0.6455526;;
28.523;-1.495543;0.6456338;;
28.5318114;;;0.9091418660951;0.189727515054786
28.298;-1.185985;0.5905696;;
28.299;-1.185999;0.5905706;;
28.3;-1.186251;0.5905885;;
28.32;-1.218416;0.593502;;
28.342;-1.233414;0.5950741;;
28.343;-1.244829;0.5963838;;
28.365;-1.28078;0.6009699;;
28.367;-1.281133;0.6010149;;
28.387;-1.311193;0.6054915;;
28.388;-1.311567;0.6055472;;
28.409;-1.34216;0.610697;;
28.41;-1.342468;0.6107488;;
28.412;-1.34253;0.6107593;;
28.431;-1.373316;0.6165517;;
28.453;-1.393605;0.6206977;;
28.454;-1.401814;0.6224571;;
28.455;-1.404222;0.6229733;;
28.477;-1.434558;0.6298965;;
28.5;-1.464928;0.6374199;;
28.501;-1.465206;0.6374887;;
28.502;-1.465246;0.6374986;;
28.522;-1.495241;0.6455526;;
28.523;-1.495543;0.6456338;;
28.543;-1.52558;0.6543186;;
28.566;-1.554612;0.6633024;;
28.567;-1.55487;0.6633823;;
28.568;-1.554916;0.6633965;;
28.588;-1.586193;0.6737513;;
28.6090158;;;0.72175372836874;0.247797199488736
28.387;-1.311193;0.6054915;;
28.388;-1.311567;0.6055472;;
28.409;-1.34216;0.610697;;
28.41;-1.342468;0.6107488;;
28.412;-1.34253;0.6107593;;
28.431;-1.373316;0.6165517;;
28.453;-1.393605;0.6206977;;
28.454;-1.401814;0.6224571;;
28.455;-1.404222;0.6229733;;
28.477;-1.434558;0.6298965;;
28.5;-1.464928;0.6374199;;
28.501;-1.465206;0.6374887;;
28.502;-1.465246;0.6374986;;
28.522;-1.495241;0.6455526;;
28.523;-1.495543;0.6456338;;
28.543;-1.52558;0.6543186;;
28.566;-1.554612;0.6633024;;
28.567;-1.55487;0.6633823;;
28.568;-1.554916;0.6633965;;
28.588;-1.586193;0.6737513;;
28.609;-1.614896;0.6838671;;
28.611;-1.614918;0.6838748;;
28.634;-1.643644;0.6946048;;
28.635;-1.643887;0.6946954;;
28.655;-1.673746;0.7065119;;
28.656;-1.674057;0.7066351;;
28.678;-1.702667;0.7186037;;
28.679;-1.702939;0.7187178;;
28.6872227;;;0.322673119252064;0.274856953033291
28.453;-1.393605;0.6206977;;
28.454;-1.401814;0.6224571;;
28.455;-1.404222;0.6229733;;
28.477;-1.434558;0.6298965;;
28.5;-1.464928;0.6374199;;
28.501;-1.465206;0.6374887;;
28.502;-1.465246;0.6374986;;
28.522;-1.495241;0.6455526;;
28.523;-1.495543;0.6456338;;
28.543;-1.52558;0.6543186;;
28.566;-1.554612;0.6633024;;
28.567;-1.55487;0.6633823;;
28.568;-1.554916;0.6633965;;
28.588;-1.586193;0.6737513;;
28.609;-1.614896;0.6838671;;
28.611;-1.614918;0.6838748;;
28.634;-1.643644;0.6946048;;
28.635;-1.643887;0.6946954;;
28.655;-1.673746;0.7065119;;
28.656;-1.674057;0.7066351;;
28.678;-1.702667;0.7186037;;
28.679;-1.702939;0.7187178;;
28.701;-1.731202;0.7311785;;
28.702;-1.731532;0.7313237;;
28.747;-1.787617;0.7579861;;
28.7654299;;;-0.0407073619814611;0.274782848545842
28.543;-1.52558;0.6543186;;
28.566;-1.554612;0.6633024;;
28.567;-1.55487;0.6633823;;
28.568;-1.554916;0.6633965;;
28.588;-1.586193;0.6737513;;
28.609;-1.614896;0.6838671;;
28.611;-1.614918;0.6838748;;
28.634;-1.643644;0.6946048;;
28.635;-1.643887;0.6946954;;
28.655;-1.673746;0.7065119;;
28.656;-1.674057;0.7066351;;
28.678;-1.702667;0.7186037;;
28.679;-1.702939;0.7187178;;
28.701;-1.731202;0.7311785;;
28.702;-1.731532;0.7313237;;
28.747;-1.787617;0.7579861;;
28.768;-1.815955;0.7724575;;
28.77;-1.816247;0.7726067;;
28.79;-1.843407;0.7871446;;
28.791;-1.843407;0.7871446;;
28.792;-1.843407;0.7871446;;
28.812;-1.870626;0.8023868;;
28.835;-1.898084;0.8184609;;
28.836;-1.898587;0.8187554;;
28.8441385;;;0.251335166526843;0.308642519409664
28.609;-1.614896;0.6838671;;
28.611;-1.614918;0.6838748;;
28.634;-1.643644;0.6946048;;
28.635;-1.643887;0.6946954;;
28.655;-1.673746;0.7065119;;
28.656;-1.674057;0.7066351;;
28.678;-1.702667;0.7186037;;
28.679;-1.702939;0.7187178;;
28.701;-1.731202;0.7311785;;
28.702;-1.731532;0.7313237;;
28.747;-1.787617;0.7579861;;
28.768;-1.815955;0.7724575;;
28.77;-1.816247;0.7726067;;
28.79;-1.843407;0.7871446;;
28.791;-1.843407;0.7871446;;
28.792;-1.843407;0.7871446;;
28.812;-1.870626;0.8023868;;
28.835;-1.898084;0.8184609;;
28.836;-1.898587;0.8187554;;
28.856;-1.924979;0.8349019;;
28.857;-1.925254;0.8350705;;
28.884;-1.947689;0.8493927;;
28.89;-1.951894;0.8520774;;
28.902;-1.977192;0.8689083;;
28.904;-1.977192;0.8689083;;
28.9218442;;;0.60848019874189;0.364938576309898
28.701;-1.731202;0.7311785;;
28.702;-1.731532;0.7313237;;
28.747;-1.787617;0.7579861;;
28.768;-1.815955;0.7724575;;
28.77;-1.816247;0.7726067;;
28.79;-1.843407;0.7871446;;
28.791;-1.843407;0.7871446;;
28.792;-1.843407;0.7871446;;
28.812;-1.870626;0.8023868;;
28.835;-1.898084;0.8184609;;
28.836;-1.898587;0.8187554;;
28.856;-1.924979;0.8349019;;
28.857;-1.925254;0.8350705;;
28.884;-1.947689;0.8493927;;
28.89;-1.951894;0.8520774;;
28.902;-1.977192;0.8689083;;
28.904;-1.977192;0.8689083;;
28.924;-2.003172;0.886913;;
28.926;-2.003452;0.8871072;;
28.947;-2.028719;0.9053495;;
28.948;-2.028965;0.9055273;;
28.97;-2.05341;0.9238902;;
28.971;-2.053644;0.9240661;;
28.972;-2.053692;0.924102;;
28.992;-2.078411;0.9434208;;
29.0000508;;;0.700682131152133;0.426596744081625
28.768;-1.815955;0.7724575;;
28.77;-1.816247;0.7726067;;
28.79;-1.843407;0.7871446;;
28.791;-1.843407;0.7871446;;
28.792;-1.843407;0.7871446;;
28.812;-1.870626;0.8023868;;
28.835;-1.898084;0.8184609;;
28.836;-1.898587;0.8187554;;
28.856;-1.924979;0.8349019;;
28.857;-1.925254;0.8350705;;
28.884;-1.947689;0.8493927;;
28.89;-1.951894;0.8520774;;
28.902;-1.977192;0.8689083;;
28.904;-1.977192;0.8689083;;
28.924;-2.003172;0.886913;;
28.926;-2.003452;0.8871072;;
28.947;-2.028719;0.9053495;;
28.948;-2.028965;0.9055273;;
28.97;-2.05341;0.9238902;;
28.971;-2.053644;0.9240661;;
28.972;-2.053692;0.924102;;
28.992;-2.078411;0.9434208;;
29.013;-2.102355;0.9628699;;
29.014;-2.102577;0.9630498;;
29.035;-2.127392;0.9840246;;
29.036;-2.127639;0.9842328;;
29.057;-2.15026;1.004112;;
29.058;-2.150531;1.00435;;
29.0787605;;;0.565739198872457;0.473347190712362
28.856;-1.924979;0.8349019;;
28.857;-1.925254;0.8350705;;
28.884;-1.947689;0.8493927;;
28.89;-1.951894;0.8520774;;
28.902;-1.977192;0.8689083;;
28.904;-1.977192;0.8689083;;
28.924;-2.003172;0.886913;;
28.926;-2.003452;0.8871072;;
28.947;-2.028719;0.9053495;;
28.948;-2.028965;0.9055273;;
28.97;-2.05341;0.9238902;;
28.971;-2.053644;0.9240661;;
28.972;-2.053692;0.924102;;
28.992;-2.078411;0.9434208;;
29.013;-2.102355;0.9628699;;
29.014;-2.102577;0.9630498;;
29.035;-2.127392;0.9840246;;
29.036;-2.127639;0.9842328;;
29.057;-2.15026;1.004112;;
29.058;-2.150531;1.00435;;
29.078;-2.173026;1.02488;;
29.081;-2.17333;1.025157;;
29.102;-2.196749;1.047366;;
29.103;-2.196948;1.047555;;
29.125;-2.218453;1.068747;;
29.126;-2.218657;1.068948;;
29.147;-2.240673;1.091485;;
29.1564659;;;0.814750398866489;0.535775924857186
28.924;-2.003172;0.886913;;
28.926;-2.003452;0.8871072;;
28.947;-2.028719;0.9053495;;
28.948;-2.028965;0.9055273;;
28.97;-2.05341;0.9238902;;
28.971;-2.053644;0.9240661;;
28.972;-2.053692;0.924102;;
28.992;-2.078411;0.9434208;;
29.013;-2.102355;0.9628699;;
29.014;-2.102577;0.9630498;;
29.035;-2.127392;0.9840246;;
29.036;-2.127639;0.9842328;;
29.057;-2.15026;1.004112;;
29.058;-2.150531;1.00435;;
29.078;-2.173026;1.02488;;
29.081;-2.17333;1.025157;;
29.102;-2.196749;1.047366;;
29.103;-2.196948;1.047555;;
29.125;-2.218453;1.068747;;
29.126;-2.218657;1.068948;;
29.147;-2.240673;1.091485;;
29.17;-2.262635;1.114849;;
29.171;-2.262817;1.115042;;
29.192;-2.283391;1.137789;;
29.193;-2.283391;1.137789;;
29.214;-2.30382;1.161261;;
29.215;-2.304206;1.161705;;
29.2351738;;;-0.711628074552692;0.469528963260681
29.013;-2.102355;0.9628699;;
29.014;-2.102577;0.9630498;;
29.035;-2.127392;0.9840246;;
29.036;-2.127639;0.9842328;;
29.057;-2.15026;1.004112;;
29.058;-2.150531;1.00435;;
29.078;-2.173026;1.02488;;
29.081;-2.17333;1.025157;;
29.102;-2.196749;1.047366;;
29.103;-2.196948;1.047555;;
29.125;-2.218453;1.068747;;
29.126;-2.218657;1.068948;;
29.147;-2.240673;1.091485;;
29.17;-2.262635;1.114849;;
29.171;-2.262817;1.115042;;
29.192;-2.283391;1.137789;;
29.193;-2.283391;1.137789;;
29.214;-2.30382;1.161261;;
29.215;-2.304206;1.161705;;
29.236;-2.324471;1.185913;;
29.237;-2.324482;1.185927;;
29.238;-2.324664;1.186145;;
29.259;-2.343897;1.210035;;
29.283;-2.363051;1.234764;;
29.285;-2.363223;1.234986;;
29.306;-2.382354;1.260708;;
29.307;-2.382539;1.260957;;
29.3138827;;;-0.896246736827699;0.345380617901459
29.078;-2.173026;1.02488;;
29.081;-2.17333;1.025157;;
29.102;-2.196749;1.047366;;
29.103;-2.196948;1.047555;;
29.125;-2.218453;1.068747;;
29.126;-2.218657;1.068948;;
29.147;-2.240673;1.091485;;
29.17;-2.262635;1.114849;;
29.171;-2.262817;1.115042;;
29.192;-2.283391;1.137789;;
29.193;-2.283391;1.137789;;
29.214;-2.30382;1.161261;;
29.215;-2.304206;1.161705;;
29.236;-2.324471;1.185913;;
29.237;-2.324482;1.185927;;
29.238;-2.324664;1.186145;;
29.259;-2.343897;1.210035;;
29.283;-2.363051;1.234764;;
29.285;-2.363223;1.234986;;
29.306;-2.382354;1.260708;;
29.307;-2.382539;1.260957;;
29.328;-2.399807;1.285123;;
29.336;-2.400198;1.28567;;
29.338;-2.400218;1.285698;;
29.35;-2.417931;1.31151;;
29.351;-2.418233;1.31195;;
29.371;-2.435254;1.337801;;
29.3910868;;;-0.864734358239729;0.198436606356178
29.17;-2.262635;1.114849;;
29.171;-2.262817;1.115042;;
29.192;-2.283391;1.137789;;
29.193;-2.283391;1.137789;;
29.214;-2.30382;1.161261;;
29.215;-2.304206;1.161705;;
29.236;-2.324471;1.185913;;
29.237;-2.324482;1.185927;;
29.238;-2.324664;1.186145;;
29.259;-2.343897;1.210035;;
29.283;-2.363051;1.234764;;
29.285;-2.363223;1.234986;;
29.306;-2.382354;1.260708;;
29.307;-2.382539;1.260957;;
29.328;-2.399807;1.285123;;
29.336;-2.400198;1.28567;;
29.338;-2.400218;1.285698;;
29.35;-2.417931;1.31151;;
29.351;-2.418233;1.31195;;
29.371;-2.435254;1.337801;;
29.393;-2.451743;1.363894;;
29.395;-2.451906;1.364151;;
29.418;-2.468065;1.390843;;
29.419;-2.468242;1.391135;;
29.42;-2.468242;1.391135;;
29.439;-2.484407;1.419054;;
29.441;-2.484592;1.419373;;
29.463;-2.499103;1.445578;;
29.464;-2.499239;1.445823;;
29.4697955;;;-0.43278404310838;0.0866094472558879
29.236;-2.324471;1.185913;;
29.237;-2.324482;1.185927;;
29.238;-2.324664;1.186145;;
29.259;-2.343897;1.210035;;
29.283;-2.363051;1.234764;;
29.285;-2.363223;1.234986;;
29.306;-2.382354;1.260708;;
29.307;-2.382539;1.260957;;
29.328;-2.399807;1.285123;;
29.336;-2.400198;1.28567;;
29.338;-2.400218;1.285698;;
29.35;-2.417931;1.31151;;
29.351;-2.418233;1.31195;;
29.371;-2.435254;1.337801;;
29.393;-2.451743;1.363894;;
29.395;-2.451906;1.364151;;
29.418;-2.468065;1.390843;;
29.419;-2.468242;1.391135;;
29.42;-2.468242;1.391135;;
29.439;-2.484407;1.419054;;
29.441;-2.484592;1.419373;;
29.463;-2.499103;1.445578;;
29.464;-2.499239;1.445823;;
29.485;-2.514054;1.473814;;
29.486;-2.514181;1.474053;;
29.507;-2.528348;1.50212;;
29.528;-2.541201;1.528812;;
29.529;-2.541587;1.529615;;
29.5475016;;;0.652900350312721;0.0808716657512197
29.328;-2.399807;1.285123;;
29.336;-2.400198;1.28567;;
29.338;-2.400218;1.285698;;
29.35;-2.417931;1.31151;;
29.351;-2.418233;1.31195;;
29.371;-2.435254;1.337801;;
29.393;-2.451743;1.363894;;
29.395;-2.451906;1.364151;;
29.418;-2.468065;1.390843;;
29.419;-2.468242;1.391135;;
29.42;-2.468242;1.391135;;
29.439;-2.484407;1.419054;;
29.441;-2.484592;1.419373;;
29.463;-2.499103;1.445578;;
29.464;-2.499239;1.445823;;
29.485;-2.514054;1.473814;;
29.486;-2.514181;1.474053;;
29.507;-2.528348;1.50212;;
29.528;-2.541201;1.528812;;
29.529;-2.541587;1.529615;;
29.55;-2.554736;1.558306;;
29.552;-2.554872;1.558602;;
29.573;-2.567136;1.586776;;
29.574;-2.567249;1.587036;;
29.575;-2.567275;1.587097;;
29.595;-2.579079;1.615686;;
29.617;-2.590556;1.645043;;
29.618;-2.59066;1.645308;;
29.6257083;;;0.605106599158306;0.10440778907674
29.371;-2.435254;1.337801;;
29.393;-2.451743;1.363894;;
29.395;-2.451906;1.364151;;
29.418;-2.468065;1.390843;;
29.419;-2.468242;1.391135;;
29.42;-2.468242;1.391135;;
29.439;-2.484407;1.419054;;
29.441;-2.484592;1.419373;;
29.463;-2.499103;1.445578;;
29.464;-2.499239;1.445823;;
29.485;-2.514054;1.473814;;
29.486;-2.514181;1.474053;;
29.507;-2.528348;1.50212;;
29.528;-2.541201;1.528812;;
29.529;-2.541587;1.529615;;
29.55;-2.554736;1.558306;;
29.552;-2.554872;1.558602;;
29.573;-2.567136;1.586776;;
29.574;-2.567249;1.587036;;
29.575;-2.567275;1.587097;;
29.595;-2.579079;1.615686;;
29.617;-2.590556;1.645043;;
29.618;-2.59066;1.645308;;
29.638;-2.601806;1.675562;;
29.639;-2.601923;1.675879;;
29.66;-2.611794;1.70434;;
29.661;-2.611889;1.704614;;
29.7039162;;;0.662861829987063;0.163038555074117
29.485;-2.514054;1.473814;;
29.486;-2.514181;1.474053;;
29.507;-2.528348;1.50212;;
29.528;-2.541201;1.528812;;
29.529;-2.541587;1.529615;;
29.55;-2.554736;1.558306;;
29.552;-2.554872;1.558602;;
29.573;-2.567136;1.586776;;
29.574;-2.567249;1.587036;;
29.575;-2.567275;1.587097;;
29.595;-2.579079;1.615686;;
29.617;-2.590556;1.645043;;
29.618;-2.59066;1.645308;;
29.638;-2.601806;1.675562;;
29.639;-2.601923;1.675879;;
29.66;-2.611794;1.70434;;
29.661;-2.611889;1.704614;;
29.704;-2.630933;1.765063;;
29.705;-2.631043;1.765413;;
29.726;-2.639334;1.794664;;
29.728;-2.639426;1.794966;;
29.748;-2.643505;1.810157;;
29.749;-2.646664;1.822373;;
29.77;-2.650981;1.839649;;
29.771;-2.654236;1.853303;;
29.7821223;;;0.86453763803161;0.214138761032847
29.573;-2.567136;1.586776;;
29.574;-2.567249;1.587036;;
29.575;-2.567275;1.587097;;
29.595;-2.579079;1.615686;;
29.617;-2.590556;1.645043;;
29.618;-2.59066;1.645308;;
29.638;-2.601806;1.675562;;
29.639;-2.601923;1.675879;;
29.66;-2.611794;1.70434;;
29.661;-2.611889;1.704614;;
29.704;-2.630933;1.765063;;
29.705;-2.631043;1.765413;;
29.726;-2.639334;1.794664;;
29.728;-2.639426;1.794966;;
29.748;-2.643505;1.810157;;
29.749;-2.646664;1.822373;;
29.77;-2.650981;1.839649;;
29.771;-2.654236;1.853303;;
29.794;-2.658228;1.870702;;
29.796;-2.658305;1.871035;;
29.812;-2.664719;1.901141;;
29.814;-2.664805;1.901548;;
29.836;-2.671306;1.935358;;
29.837;-2.671306;1.935358;;
29.858;-2.676017;1.962646;;
29.859;-2.676063;1.962909;;
29.8608312;;;0.916750569286363;0.23982795857822
29.617;-2.590556;1.645043;;
29.618;-2.59066;1.645308;;
29.638;-2.601806;1.675562;;
29.639;-2.601923;1.675879;;
29.66;-2.611794;1.70434;;
29.661;-2.611889;1.704614;;
29.704;-2.630933;1.765063;;
29.705;-2.631043;1.765413;;
29.726;-2.639334;1.794664;;
29.728;-2.639426;1.794966;;
29.748;-2.643505;1.810157;;
29.749;-2.646664;1.822373;;
29.77;-2.650981;1.839649;;
29.771;-2.654236;1.853303;;
29.794;-2.658228;1.870702;;
29.796;-2.658305;1.871035;;
29.812;-2.664719;1.901141;;
29.814;-2.664805;1.901548;;
29.836;-2.671306;1.935358;;
29.837;-2.671306;1.935358;;
29.858;-2.676017;1.962646;;
29.859;-2.676063;1.962909;;
29.881;-2.68093;1.994555;;
29.903;-2.685019;2.024962;;
29.9385374;;;0.876208408321489;0.254455148342333
29.726;-2.639334;1.794664;;
29.728;-2.639426;1.794966;;
29.748;-2.643505;1.810157;;
29.749;-2.646664;1.822373;;
29.77;-2.650981;1.839649;;
29.771;-2.654236;1.853303;;
29.794;-2.658228;1.870702;;
29.796;-2.658305;1.871035;;
29.812;-2.664719;1.901141;;
29.814;-2.664805;1.901548;;
29.836;-2.671306;1.935358;;
29.837;-2.671306;1.935358;;
29.858;-2.676017;1.962646;;
29.859;-2.676063;1.962909;;
29.881;-2.68093;1.994555;;
29.903;-2.685019;2.024962;;
29.971;-2.694054;2.119419;;
29.991;-2.695803;2.149807;;
29.992;-2.695822;2.150132;;
30.014;-2.697036;2.182031;;
30.016744;;;0.745164657063174;0.269407269858226
29.794;-2.658228;1.870702;;
29.796;-2.658305;1.871035;;
29.812;-2.664719;1.901141;;
29.814;-2.664805;1.901548;;
29.836;-2.671306;1.935358;;
29.837;-2.671306;1.935358;;
29.858;-2.676017;1.962646;;
29.859;-2.676063;1.962909;;
29.881;-2.68093;1.994555;;
29.903;-2.685019;2.024962;;
29.971;-2.694054;2.119419;;
29.991;-2.695803;2.149807;;
29.992;-2.695822;2.150132;;
30.014;-2.697036;2.182031;;
30.036;-2.697627;2.213238;;
30.037;-2.697631;2.213487;;
30.058;-2.697627;2.244177;;
30.059;-2.697627;2.244441;;
30.079;-2.697027;2.275734;;
30.08;-2.697021;2.276062;;
30.0949517;;;0.908891447086146;0.277252357209864
29.881;-2.68093;1.994555;;
29.903;-2.685019;2.024962;;
29.971;-2.694054;2.119419;;
29.991;-2.695803;2.149807;;
29.992;-2.695822;2.150132;;
30.014;-2.697036;2.182031;;
30.036;-2.697627;2.213238;;
30.037;-2.697631;2.213487;;
30.058;-2.697627;2.244177;;
30.059;-2.697627;2.244441;;
30.079;-2.697027;2.275734;;
30.08;-2.697021;2.276062;;
30.101;-2.695835;2.306997;;
30.122;-2.694035;2.33842;;
30.123;-2.694017;2.338729;;
30.143;-2.691673;2.36934;;
30.145;-2.691648;2.369672;;
30.165;-2.688694;2.400543;;
30.166;-2.688657;2.400923;;
30.1731591;;;0.760274588024597;0.399910912424638
29.971;-2.694054;2.119419;;
29.991;-2.695803;2.149807;;
29.992;-2.695822;2.150132;;
30.014;-2.697036;2.182031;;
30.036;-2.697627;2.213238;;
30.037;-2.697631;2.213487;;
30.058;-2.697627;2.244177;;
30.059;-2.697627;2.244441;;
30.079;-2.697027;2.275734;;
30.08;-2.697021;2.276062;;
30.101;-2.695835;2.306997;;
30.122;-2.694035;2.33842;;
30.123;-2.694017;2.338729;;
30.143;-2.691673;2.36934;;
30.145;-2.691648;2.369672;;
30.165;-2.688694;2.400543;;
30.166;-2.688657;2.400923;;
30.186;-2.685059;2.432167;;
30.188;-2.68502;2.432507;;
30.209;-2.680926;2.462937;;
30.209;-2.680876;2.463309;;
30.231;-2.676071;2.494481;;
30.252;-2.670421;2.526917;;
30.253;-2.670366;2.527232;;
30.2628961;;;0.219543773358262;0.492893454940135
29.991;-2.695803;2.149807;;
29.992;-2.695822;2.150132;;
30.014;-2.697036;2.182031;;
30.036;-2.697627;2.213238;;
30.037;-2.697631;2.213487;;
30.058;-2.697627;2.244177;;
30.059;-2.697627;2.244441;;
30.079;-2.697027;2.275734;;
30.08;-2.697021;2.276062;;
30.101;-2.695835;2.306997;;
30.122;-2.694035;2.33842;;
30.123;-2.694017;2.338729;;
30.143;-2.691673;2.36934;;
30.145;-2.691648;2.369672;;
30.165;-2.688694;2.400543;;
30.166;-2.688657;2.400923;;
30.186;-2.685059;2.432167;;
30.188;-2.68502;2.432507;;
30.209;-2.680926;2.462937;;
30.209;-2.680876;2.463309;;
30.231;-2.676071;2.494481;;
30.252;-2.670421;2.526917;;
30.253;-2.670366;2.527232;;
30.283;-2.667636;2.541652;;
30.340602;;;0.196966151007755;0.581368497377426
29.991;-2.695803;2.149807;;
29.992;-2.695822;2.150132;;
30.014;-2.697036;2.182031;;
30.036;-2.697627;2.213238;;
30.037;-2.697631;2.213487;;
30.058;-2.697627;2.244177;;
30.059;-2.697627;2.244441;;
30.079;-2.697027;2.275734;;
30.08;-2.697021;2.276062;;
30.101;-2.695835;2.306997;;
30.122;-2.694035;2.33842;;
30.123;-2.694017;2.338729;;
30.143;-2.691673;2.36934;;
30.145;-2.691648;2.369672;;
30.165;-2.688694;2.400543;;
30.166;-2.688657;2.400923;;
30.186;-2.685059;2.432167;;
30.188;-2.68502;2.432507;;
30.209;-2.680926;2.462937;;
30.209;-2.680876;2.463309;;
30.231;-2.676071;2.494481;;
30.252;-2.670421;2.526917;;
30.253;-2.670366;2.527232;;
30.283;-2.667636;2.541652;;
30.4188091;;;0.196966151007755;0.633847680220437
29.991;-2.695803;2.149807;;
29.992;-2.695822;2.150132;;
30.014;-2.697036;2.182031;;
30.036;-2.697627;2.213238;;
30.037;-2.697631;2.213487;;
30.058;-2.697627;2.244177;;
30.059;-2.697627;2.244441;;
30.079;-2.697027;2.275734;;
30.08;-2.697021;2.276062;;
30.101;-2.695835;2.306997;;
30.122;-2.694035;2.33842;;
30.123;-2.694017;2.338729;;
30.143;-2.691673;2.36934;;
30.145;-2.691648;2.369672;;
30.165;-2.688694;2.400543;;
30.166;-2.688657;2.400923;;
30.186;-2.685059;2.432167;;
30.188;-2.68502;2.432507;;
30.209;-2.680926;2.462937;;
30.209;-2.680876;2.463309;;
30.231;-2.676071;2.494481;;
30.252;-2.670421;2.526917;;
30.253;-2.670366;2.527232;;
30.283;-2.667636;2.541652;;
30.4980188;;;0.196966151007755;0.59585316361169
30.283;-2.667636;2.541652;;
30.54;-2.554435;2.89973;;
30.541;-2.554349;2.900003;;
30.542;-2.549208;2.911361;;
30.562;-2.541223;2.928618;;
30.564;-2.541143;2.928791;;
30.5757247;;;0.012397559556537;0.546460743644876
30.54;-2.554435;2.89973;;
30.541;-2.554349;2.900003;;
30.542;-2.549208;2.911361;;
30.562;-2.541223;2.928618;;
30.564;-2.541143;2.928791;;
30.587;-2.52774;2.956571;;
30.588;-2.522634;2.966778;;
30.609;-2.506265;2.998516;;
30.653;-2.483705;3.039644;;
30.654;-2.476792;3.051692;;
30.655;-2.475584;3.053798;;
30.6654627;;;-0.167594086563195;0.477256083932354
30.54;-2.554435;2.89973;;
30.541;-2.554349;2.900003;;
30.542;-2.549208;2.911361;;
30.562;-2.541223;2.928618;;
30.564;-2.541143;2.928791;;
30.587;-2.52774;2.956571;;
30.588;-2.522634;2.966778;;
30.609;-2.506265;2.998516;;
30.653;-2.483705;3.039644;;
30.654;-2.476792;3.051692;;
30.655;-2.475584;3.053798;;
30.675;-2.468059;3.06663;;
30.676;-2.461818;3.077045;;
30.677;-2.460057;3.079983;;
30.698;-2.451225;3.094403;;
30.699;-2.444927;3.104462;;
30.72;-2.42566;3.134353;;
30.721;-2.425469;3.134649;;
30.742;-2.418144;3.14564;;
30.7531946;;;-0.338460089342631;0.377006273317834
30.54;-2.554435;2.89973;;
30.541;-2.554349;2.900003;;
30.542;-2.549208;2.911361;;
30.562;-2.541223;2.928618;;
30.564;-2.541143;2.928791;;
30.587;-2.52774;2.956571;;
30.588;-2.522634;2.966778;;
30.609;-2.506265;2.998516;;
30.653;-2.483705;3.039644;;
30.654;-2.476792;3.051692;;
30.655;-2.475584;3.053798;;
30.675;-2.468059;3.06663;;
30.676;-2.461818;3.077045;;
30.677;-2.460057;3.079983;;
30.698;-2.451225;3.094403;;
30.699;-2.444927;3.104462;;
30.72;-2.42566;3.134353;;
30.721;-2.425469;3.134649;;
30.742;-2.418144;3.14564;;
30.8324048;;;-0.338460089342631;0.272405385098751
30.54;-2.554435;2.89973;;
30.541;-2.554349;2.900003;;
30.542;-2.549208;2.911361;;
30.562;-2.541223;2.928618;;
30.564;-2.541143;2.928791;;
30.587;-2.52774;2.956571;;
30.588;-2.522634;2.966778;;
30.609;-2.506265;2.998516;;
30.653;-2.483705;3.039644;;
30.654;-2.476792;3.051692;;
30.655;-2.475584;3.053798;;
30.675;-2.468059;3.06663;;
30.676;-2.461818;3.077045;;
30.677;-2.460057;3.079983;;
30.698;-2.451225;3.094403;;
30.699;-2.444927;3.104462;;
30.72;-2.42566;3.134353;;
30.721;-2.425469;3.134649;;
30.742;-2.418144;3.14564;;
30.9216413;;;-0.338460089342631;0.171183010293408
30.698;-2.451225;3.094403;;
30.699;-2.444927;3.104462;;
30.72;-2.42566;3.134353;;
30.721;-2.425469;3.134649;;
30.742;-2.418144;3.14564;;
30.987;-2.196764;3.410032;;
30.988;-2.186764;3.419644;;
30.989;-2.184861;3.421473;;
30.9993467;;;0.895041648588604;0.183672759587194
30.987;-2.196764;3.410032;;
30.988;-2.186764;3.419644;;
30.989;-2.184861;3.421473;;
31.009;-2.174361;3.431345;;
31.01;-2.174251;3.431448;;
31.031;-2.150568;3.453069;;
31.053;-2.127205;3.473594;;
31.075;-2.10346;3.493672;;
31.076;-2.103231;3.493866;;
31.0880819;;;0.670084803430383;0.163772205949213
30.987;-2.196764;3.410032;;
30.988;-2.186764;3.419644;;
30.989;-2.184861;3.421473;;
31.009;-2.174361;3.431345;;
31.01;-2.174251;3.431448;;
31.031;-2.150568;3.453069;;
31.053;-2.127205;3.473594;;
31.075;-2.10346;3.493672;;
31.076;-2.103231;3.493866;;
31.098;-2.07859;3.513894;;
31.099;-2.078351;3.514088;;
31.119;-2.054276;3.532903;;
31.142;-2.029223;3.551737;;
31.143;-2.028994;3.551909;;
31.165;-2.003364;3.570409;;
31.167;-2.003113;3.57059;;
31.1677931;;;0.586428307947373;0.149285015942778
30.987;-2.196764;3.410032;;
30.988;-2.186764;3.419644;;
30.989;-2.184861;3.421473;;
31.009;-2.174361;3.431345;;
31.01;-2.174251;3.431448;;
31.031;-2.150568;3.453069;;
31.053;-2.127205;3.473594;;
31.075;-2.10346;3.493672;;
31.076;-2.103231;3.493866;;
31.098;-2.07859;3.513894;;
31.099;-2.078351;3.514088;;
31.119;-2.054276;3.532903;;
31.142;-2.029223;3.551737;;
31.143;-2.028994;3.551909;;
31.165;-2.003364;3.570409;;
31.167;-2.003113;3.57059;;
31.188;-1.977533;3.588314;;
31.211;-1.951247;3.605798;;
31.212;-1.951036;3.605938;;
31.231;-1.924866;3.62263;;
31.254;-1.898292;3.638876;;
31.255;-1.898047;3.639026;;
31.2570291;;;0.525785380993406;0.174805149912373
30.987;-2.196764;3.410032;;
30.988;-2.186764;3.419644;;
30.989;-2.184861;3.421473;;
31.009;-2.174361;3.431345;;
31.01;-2.174251;3.431448;;
31.031;-2.150568;3.453069;;
31.053;-2.127205;3.473594;;
31.075;-2.10346;3.493672;;
31.076;-2.103231;3.493866;;
31.098;-2.07859;3.513894;;
31.099;-2.078351;3.514088;;
31.119;-2.054276;3.532903;;
31.142;-2.029223;3.551737;;
31.143;-2.028994;3.551909;;
31.165;-2.003364;3.570409;;
31.167;-2.003113;3.57059;;
31.188;-1.977533;3.588314;;
31.211;-1.951247;3.605798;;
31.212;-1.951036;3.605938;;
31.231;-1.924866;3.62263;;
31.254;-1.898292;3.638876;;
31.255;-1.898047;3.639026;;
31.276;-1.871414;3.65462;;
31.3352362;;;0.516764844047256;0.201455040998998
31.119;-2.054276;3.532903;;
31.142;-2.029223;3.551737;;
31.143;-2.028994;3.551909;;
31.165;-2.003364;3.570409;;
31.167;-2.003113;3.57059;;
31.188;-1.977533;3.588314;;
31.211;-1.951247;3.605798;;
31.212;-1.951036;3.605938;;
31.231;-1.924866;3.62263;;
31.254;-1.898292;3.638876;;
31.255;-1.898047;3.639026;;
31.276;-1.871414;3.65462;;
31.342;-1.788568;3.698982;;
31.366;-1.758412;3.713678;;
31.367;-1.758158;3.713802;;
31.388;-1.731691;3.726059;;
31.41;-1.702947;3.738733;;
31.411;-1.702673;3.738854;;
31.4129426;;;-0.852692446417318;0.113983491213576
31.188;-1.977533;3.588314;;
31.211;-1.951247;3.605798;;
31.212;-1.951036;3.605938;;
31.231;-1.924866;3.62263;;
31.254;-1.898292;3.638876;;
31.255;-1.898047;3.639026;;
31.276;-1.871414;3.65462;;
31.342;-1.788568;3.698982;;
31.366;-1.758412;3.713678;;
31.367;-1.758158;3.713802;;
31.388;-1.731691;3.726059;;
31.41;-1.702947;3.738733;;
31.411;-1.702673;3.738854;;
31.436;-1.659052;3.75684;;
31.458;-1.630057;3.768004;;
31.459;-1.629808;3.7681;;
31.479;-1.601;3.778563;;
31.48;-1.6007;3.778672;;
31.4906483;;;-0.931641215746635;0.0199328773173765
31.276;-1.871414;3.65462;;
31.342;-1.788568;3.698982;;
31.366;-1.758412;3.713678;;
31.367;-1.758158;3.713802;;
31.388;-1.731691;3.726059;;
31.41;-1.702947;3.738733;;
31.411;-1.702673;3.738854;;
31.436;-1.659052;3.75684;;
31.458;-1.630057;3.768004;;
31.459;-1.629808;3.7681;;
31.479;-1.601;3.778563;;
31.48;-1.6007;3.778672;;
31.501;-1.586067;3.783753;;
31.502;-1.574175;3.787756;;
31.545;-1.526111;3.802974;;
31.547;-1.511975;3.807142;;
31.548;-1.510577;3.807555;;
31.569;-1.480175;3.816025;;
31.5798845;;;-0.633201754999448;-0.0338670655622889
31.366;-1.758412;3.713678;;
31.367;-1.758158;3.713802;;
31.388;-1.731691;3.726059;;
31.41;-1.702947;3.738733;;
31.411;-1.702673;3.738854;;
31.436;-1.659052;3.75684;;
31.458;-1.630057;3.768004;;
31.459;-1.629808;3.7681;;
31.479;-1.601;3.778563;;
31.48;-1.6007;3.778672;;
31.501;-1.586067;3.783753;;
31.502;-1.574175;3.787756;;
31.545;-1.526111;3.802974;;
31.547;-1.511975;3.807142;;
31.548;-1.510577;3.807555;;
31.569;-1.480175;3.816025;;
31.591;-1.465182;3.819974;;
31.592;-1.452521;3.82318;;
31.593;-1.449803;3.823868;;
31.613;-1.419945;3.830969;;
31.615;-1.419272;3.831129;;
31.636;-1.388998;3.837723;;
31.658;-1.373439;3.840885;;
31.6585929;;;-0.256577635420067;-0.0412823613003615
31.436;-1.659052;3.75684;;
31.458;-1.630057;3.768004;;
31.459;-1.629808;3.7681;;
31.479;-1.601;3.778563;;
31.48;-1.6007;3.778672;;
31.501;-1.586067;3.783753;;
31.502;-1.574175;3.787756;;
31.545;-1.526111;3.802974;;
31.547;-1.511975;3.807142;;
31.548;-1.510577;3.807555;;
31.569;-1.480175;3.816025;;
31.591;-1.465182;3.819974;;
31.592;-1.452521;3.82318;;
31.593;-1.449803;3.823868;;
31.613;-1.419945;3.830969;;
31.615;-1.419272;3.831129;;
31.636;-1.388998;3.837723;;
31.658;-1.373439;3.840885;;
31.659;-1.357674;3.843927;;
31.68;-1.342327;3.846731;;
31.703;-1.296452;3.85422;;
31.704;-1.295439;3.854385;;
31.705;-1.295439;3.854385;;
31.725;-1.26582;3.858497;;
31.7357973;;;-0.729736804994825;-0.0738887542713778
31.545;-1.526111;3.802974;;
31.547;-1.511975;3.807142;;
31.548;-1.510577;3.807555;;
31.569;-1.480175;3.816025;;
31.591;-1.465182;3.819974;;
31.592;-1.452521;3.82318;;
31.593;-1.449803;3.823868;;
31.613;-1.419945;3.830969;;
31.615;-1.419272;3.831129;;
31.636;-1.388998;3.837723;;
31.658;-1.373439;3.840885;;
31.659;-1.357674;3.843927;;
31.68;-1.342327;3.846731;;
31.703;-1.296452;3.85422;;
31.704;-1.295439;3.854385;;
31.705;-1.295439;3.854385;;
31.725;-1.26582;3.858497;;
31.747;-1.233797;3.862335;;
31.749;-1.233233;3.862402;;
31.77;-1.2187;3.86393;;
31.771;-1.205205;3.865219;;
31.791;-1.186469;3.866851;;
31.821;-1.154804;3.869098;;
31.822;-1.141961;3.869827;;
31.8225275;;;-0.881743462682075;-0.119162368716331
31.591;-1.465182;3.819974;;
31.592;-1.452521;3.82318;;
31.593;-1.449803;3.823868;;
31.613;-1.419945;3.830969;;
31.615;-1.419272;3.831129;;
31.636;-1.388998;3.837723;;
31.658;-1.373439;3.840885;;
31.659;-1.357674;3.843927;;
31.68;-1.342327;3.846731;;
31.703;-1.296452;3.85422;;
31.704;-1.295439;3.854385;;
31.705;-1.295439;3.854385;;
31.725;-1.26582;3.858497;;
31.747;-1.233797;3.862335;;
31.749;-1.233233;3.862402;;
31.77;-1.2187;3.86393;;
31.771;-1.205205;3.865219;;
31.791;-1.186469;3.866851;;
31.821;-1.154804;3.869098;;
31.822;-1.141961;3.869827;;
31.823;-1.139438;3.86997;;
31.836;-1.139483;3.869967;;
31.882;-1.061524;3.872153;;
31.883;-1.048784;3.872155;;
31.9032412;;;-0.890097079102127;-0.165132117862956
31.68;-1.342327;3.846731;;
31.703;-1.296452;3.85422;;
31.704;-1.295439;3.854385;;
31.705;-1.295439;3.854385;;
31.725;-1.26582;3.858497;;
31.747;-1.233797;3.862335;;
31.749;-1.233233;3.862402;;
31.77;-1.2187;3.86393;;
31.771;-1.205205;3.865219;;
31.791;-1.186469;3.866851;;
31.821;-1.154804;3.869098;;
31.822;-1.141961;3.869827;;
31.823;-1.139438;3.86997;;
31.836;-1.139483;3.869967;;
31.882;-1.061524;3.872153;;
31.883;-1.048784;3.872155;;
31.904;-1.013986;3.871681;;
31.927;-0.9838675;3.870664;;
31.949;-0.966968;3.869859;;
31.971;-0.9193931;3.866629;;
31.972;-0.9188555;3.866592;;
31.9829521;;;-0.579299273603142;-0.287993861378935
31.747;-1.233797;3.862335;;
31.749;-1.233233;3.862402;;
31.77;-1.2187;3.86393;;
31.771;-1.205205;3.865219;;
31.791;-1.186469;3.866851;;
31.821;-1.154804;3.869098;;
31.822;-1.141961;3.869827;;
31.823;-1.139438;3.86997;;
31.836;-1.139483;3.869967;;
31.882;-1.061524;3.872153;;
31.883;-1.048784;3.872155;;
31.904;-1.013986;3.871681;;
31.927;-0.9838675;3.870664;;
31.949;-0.966968;3.869859;;
31.971;-0.9193931;3.866629;;
31.972;-0.9188555;3.866592;;
31.994;-0.8887807;3.863824;;
31.994;-0.8884339;3.863792;;
31.995;-0.8884339;3.863792;;
32.04;-0.8258895;3.856236;;
32.0711856;;;0.0948000807118137;-0.335934254938816
31.882;-1.061524;3.872153;;
31.883;-1.048784;3.872155;;
31.904;-1.013986;3.871681;;
31.927;-0.9838675;3.870664;;
31.949;-0.966968;3.869859;;
31.971;-0.9193931;3.866629;;
31.972;-0.9188555;3.866592;;
31.994;-0.8887807;3.863824;;
31.994;-0.8884339;3.863792;;
31.995;-0.8884339;3.863792;;
32.04;-0.8258895;3.856236;;
32.082;-0.7797719;3.849092;;
32.083;-0.7665915;3.846798;;
32.104;-0.7493654;3.84365;;
32.106;-0.7333795;3.840551;;
32.126;-0.7183752;3.837489;;
32.128;-0.7045321;3.834529;;
32.149;-0.6872727;3.830681;;
32.15;-0.6749554;3.8278;;
32.1504939;;;0.0438101406131917;-0.381152435549998
31.927;-0.9838675;3.870664;;
31.949;-0.966968;3.869859;;
31.971;-0.9193931;3.866629;;
31.972;-0.9188555;3.866592;;
31.994;-0.8887807;3.863824;;
31.994;-0.8884339;3.863792;;
31.995;-0.8884339;3.863792;;
32.04;-0.8258895;3.856236;;
32.082;-0.7797719;3.849092;;
32.083;-0.7665915;3.846798;;
32.104;-0.7493654;3.84365;;
32.106;-0.7333795;3.840551;;
32.126;-0.7183752;3.837489;;
32.128;-0.7045321;3.834529;;
32.149;-0.6872727;3.830681;;
32.15;-0.6749554;3.8278;;
32.171;-0.6580346;3.823701;;
32.173;-0.6429046;3.819856;;
32.195;-0.6118484;3.811506;;
32.197;-0.6112277;3.811339;;
32.218;-0.5820771;3.802885;;
32.219;-0.5818018;3.802805;;
32.2387283;;;-0.0348614907986115;-0.427873008199332
31.927;-0.9838675;3.870664;;
31.949;-0.966968;3.869859;;
31.971;-0.9193931;3.866629;;
31.972;-0.9188555;3.866592;;
31.994;-0.8887807;3.863824;;
31.994;-0.8884339;3.863792;;
31.995;-0.8884339;3.863792;;
32.04;-0.8258895;3.856236;;
32.082;-0.7797719;3.849092;;
32.083;-0.7665915;3.846798;;
32.104;-0.7493654;3.84365;;
32.106;-0.7333795;3.840551;;
32.126;-0.7183752;3.837489;;
32.128;-0.7045321;3.834529;;
32.149;-0.6872727;3.830681;;
32.15;-0.6749554;3.8278;;
32.171;-0.6580346;3.823701;;
32.173;-0.6429046;3.819856;;
32.195;-0.6118484;3.811506;;
32.197;-0.6112277;3.811339;;
32.218;-0.5820771;3.802885;;
32.219;-0.5818018;3.802805;;
32.3174363;;;-0.0348614907986115;-0.473841869436488
32.082;-0.7797719;3.849092;;
32.083;-0.7665915;3.846798;;
32.104;-0.7493654;3.84365;;
32.106;-0.7333795;3.840551;;
32.126;-0.7183752;3.837489;;
32.128;-0.7045321;3.834529;;
32.149;-0.6872727;3.830681;;
32.15;-0.6749554;3.8278;;
32.171;-0.6580346;3.823701;;
32.173;-0.6429046;3.819856;;
32.195;-0.6118484;3.811506;;
32.197;-0.6112277;3.811339;;
32.218;-0.5820771;3.802885;;
32.219;-0.5818018;3.802805;;
32.321;-0.4489178;3.756619;;
32.325;-0.4487454;3.75656;;
32.331;-0.4485967;3.756508;;
32.332;-0.4485925;3.756506;;
32.333;-0.4485906;3.756506;;
32.334;-0.436333;3.751578;;
32.335;-0.4342581;3.750743;;
32.336;-0.4339075;3.750602;;
32.337;-0.4338365;3.750574;;
32.339;-0.4338365;3.750574;;
32.344;-0.4194456;3.744624;;
32.345;-0.4187599;3.74434;;
32.365;-0.389247;3.731621;;
32.3951419;;;0.380997748106653;-0.371034353226157
32.082;-0.7797719;3.849092;;
32.083;-0.7665915;3.846798;;
32.104;-0.7493654;3.84365;;
32.106;-0.7333795;3.840551;;
32.126;-0.7183752;3.837489;;
32.128;-0.7045321;3.834529;;
32.149;-0.6872727;3.830681;;
32.15;-0.6749554;3.8278;;
32.171;-0.6580346;3.823701;;
32.173;-0.6429046;3.819856;;
32.195;-0.6118484;3.811506;;
32.197;-0.6112277;3.811339;;
32.218;-0.5820771;3.802885;;
32.219;-0.5818018;3.802805;;
32.321;-0.4489178;3.756619;;
32.325;-0.4487454;3.75656;;
32.331;-0.4485967;3.756508;;
32.332;-0.4485925;3.756506;;
32.333;-0.4485906;3.756506;;
32.334;-0.436333;3.751578;;
32.335;-0.4342581;3.750743;;
32.336;-0.4339075;3.750602;;
32.337;-0.4338365;3.750574;;
32.339;-0.4338365;3.750574;;
32.344;-0.4194456;3.744624;;
32.345;-0.4187599;3.74434;;
32.365;-0.389247;3.731621;;
32.4728488;;;0.380997748106653;-0.26164777290505
32.082;-0.7797719;3.849092;;
32.083;-0.7665915;3.846798;;
32.104;-0.7493654;3.84365;;
32.106;-0.7333795;3.840551;;
32.126;-0.7183752;3.837489;;
32.128;-0.7045321;3.834529;;
32.149;-0.6872727;3.830681;;
32.15;-0.6749554;3.8278;;
32.171;-0.6580346;3.823701;;
32.173;-0.6429046;3.819856;;
32.195;-0.6118484;3.811506;;
32.197;-0.6112277;3.811339;;
32.218;-0.5820771;3.802885;;
32.219;-0.5818018;3.802805;;
32.321;-0.4489178;3.756619;;
32.325;-0.4487454;3.75656;;
32.331;-0.4485967;3.756508;;
32.332;-0.4485925;3.756506;;
32.333;-0.4485906;3.756506;;
32.334;-0.436333;3.751578;;
32.335;-0.4342581;3.750743;;
32.336;-0.4339075;3.750602;;
32.337;-0.4338365;3.750574;;
32.339;-0.4338365;3.750574;;
32.344;-0.4194456;3.744624;;
32.345;-0.4187599;3.74434;;
32.365;-0.389247;3.731621;;
32.5515564;;;0.380997748106653;-0.177131147646208
32.082;-0.7797719;3.849092;;
32.083;-0.7665915;3.846798;;
32.104;-0.7493654;3.84365;;
32.106;-0.7333795;3.840551;;
32.126;-0.7183752;3.837489;;
32.128;-0.7045321;3.834529;;
32.149;-0.6872727;3.830681;;
32.15;-0.6749554;3.8278;;
32.171;-0.6580346;3.823701;;
32.173;-0.6429046;3.819856;;
32.195;-0.6118484;3.811506;;
32.197;-0.6112277;3.811339;;
32.218;-0.5820771;3.802885;;
32.219;-0.5818018;3.802805;;
32.321;-0.4489178;3.756619;;
32.325;-0.4487454;3.75656;;
32.331;-0.4485967;3.756508;;
32.332;-0.4485925;3.756506;;
32.333;-0.4485906;3.756506;;
32.334;-0.436333;3.751578;;
32.335;-0.4342581;3.750743;;
32.336;-0.4339075;3.750602;;
32.337;-0.4338365;3.750574;;
32.339;-0.4338365;3.750574;;
32.344;-0.4194456;3.744624;;
32.345;-0.4187599;3.74434;;
32.365;-0.389247;3.731621;;
32.6297638;;;0.380997748106653;-0.123999865685648
32.082;-0.7797719;3.849092;;
32.083;-0.7665915;3.846798;;
32.104;-0.7493654;3.84365;;
32.106;-0.7333795;3.840551;;
32.126;-0.7183752;3.837489;;
32.128;-0.7045321;3.834529;;
32.149;-0.6872727;3.830681;;
32.15;-0.6749554;3.8278;;
32.171;-0.6580346;3.823701;;
32.173;-0.6429046;3.819856;;
32.195;-0.6118484;3.811506;;
32.197;-0.6112277;3.811339;;
32.218;-0.5820771;3.802885;;
32.219;-0.5818018;3.802805;;
32.321;-0.4489178;3.756619;;
32.325;-0.4487454;3.75656;;
32.331;-0.4485967;3.756508;;
32.332;-0.4485925;3.756506;;
32.333;-0.4485906;3.756506;;
32.334;-0.436333;3.751578;;
32.335;-0.4342581;3.750743;;
32.336;-0.4339075;3.750602;;
32.337;-0.4338365;3.750574;;
32.339;-0.4338365;3.750574;;
32.344;-0.4194456;3.744624;;
32.345;-0.4187599;3.74434;;
32.365;-0.389247;3.731621;;
32.7079707;;;0.380997748106653;-0.0314386529271912
32.742;0.05567589;3.440669;;
32.766;0.07816794;3.419754;;
32.7871804;;;0;0.0420399689629817
32.742;0.05567589;3.440669;;
32.766;0.07816794;3.419754;;
32.8764169;;;0;0.116214725554826
32.742;0.05567589;3.440669;;
32.766;0.07816794;3.419754;;
32.9656534;;;0;0.164489665021754
32.742;0.05567589;3.440669;;
32.766;0.07816794;3.419754;;
33.0558922;;;0;0.15658965829577
32.742;0.05567589;3.440669;;
32.766;0.07816794;3.419754;;
33.1446274;;;0;0.15293881324467
32.742;0.05567589;3.440669;;
32.766;0.07816794;3.419754;;
33.2338631;;;0;0.155843937477888
32.742;0.05567589;3.440669;;
32.766;0.07816794;3.419754;;
33.3236011;;;0;0.158749061711106
32.742;0.05567589;3.440669;;
32.766;0.07816794;3.419754;;
33.4128379;;;0;0.126999249368884
32.742;0.05567589;3.440669;;
32.766;0.07816794;3.419754;;
33.4985655;;;0;0.0952494370266633
32.742;0.05567589;3.440669;;
32.766;0.07816794;3.419754;;
33.5802808;;;0;0.0634996246844422
36.283;-2.019159;0.8983712;;
36.285;-2.019956;0.8989382;;
36.309;-2.044698;0.917265;;
36.31;-2.044894;0.9174104;;
36.351;-2.09403;0.9560278;;
36.353;-2.094303;0.9562421;;
36.354;-2.094327;0.9562613;;
36.375;-2.118385;0.9763155;;
36.376;-2.118674;0.9765557;;
36.397;-2.141897;0.9966789;;
36.418;-2.165187;1.017638;;
36.421;-2.16544;1.017865;;
36.422;-2.165457;1.01788;;
36.442;-2.188501;1.039445;;
36.464;-2.210219;1.060542;;
36.465;-2.210402;1.06072;;
36.466;-2.210452;1.060768;;
36.486;-2.232939;1.083471;;
36.508;-2.254935;1.106552;;
36.509;-2.255142;1.106769;;
36.53;-2.27569;1.129179;;
36.531;-2.275893;1.129401;;
36.532;-2.275925;1.129436;;
36.552;-2.296813;1.153107;;
36.575;-2.317456;1.177427;;
36.576;-2.317648;1.177654;;
36.577;-2.317676;1.177687;;
36.5967711;;;0.0164662596285245;0.0331220006445982
36.351;-2.09403;0.9560278;;
36.353;-2.094303;0.9562421;;
36.354;-2.094327;0.9562613;;
36.375;-2.118385;0.9763155;;
36.376;-2.118674;0.9765557;;
36.397;-2.141897;0.9966789;;
36.418;-2.165187;1.017638;;
36.421;-2.16544;1.017865;;
36.422;-2.165457;1.01788;;
36.442;-2.188501;1.039445;;
36.464;-2.210219;1.060542;;
36.465;-2.210402;1.06072;;
36.466;-2.210452;1.060768;;
36.486;-2.232939;1.083471;;
36.508;-2.254935;1.106552;;
36.509;-2.255142;1.106769;;
36.53;-2.27569;1.129179;;
36.531;-2.275893;1.129401;;
36.532;-2.275925;1.129436;;
36.552;-2.296813;1.153107;;
36.575;-2.317456;1.177427;;
36.576;-2.317648;1.177654;;
36.577;-2.317676;1.177687;;
36.608;-2.337471;1.201948;;
36.621;-2.347261;1.21431;;
36.623;-2.347407;1.21449;;
36.644;-2.374724;1.250332;;
36.645;-2.374937;1.250612;;
36.646;-2.375035;1.25074;;
36.6634474;;;0.130258669918347;0.0122270774622393
36.442;-2.188501;1.039445;;
36.464;-2.210219;1.060542;;
36.465;-2.210402;1.06072;;
36.466;-2.210452;1.060768;;
36.486;-2.232939;1.083471;;
36.508;-2.254935;1.106552;;
36.509;-2.255142;1.106769;;
36.53;-2.27569;1.129179;;
36.531;-2.275893;1.129401;;
36.532;-2.275925;1.129436;;
36.552;-2.296813;1.153107;;
36.575;-2.317456;1.177427;;
36.576;-2.317648;1.177654;;
36.577;-2.317676;1.177687;;
36.608;-2.337471;1.201948;;
36.621;-2.347261;1.21431;;
36.623;-2.347407;1.21449;;
36.644;-2.374724;1.250332;;
36.645;-2.374937;1.250612;;
36.646;-2.375035;1.25074;;
36.666;-2.394068;1.276987;;
36.668;-2.394274;1.277271;;
36.689;-2.411668;1.302262;;
36.69;-2.411826;1.302489;;
36.712;-2.430505;1.330482;;
36.734;-2.447415;1.356939;;
36.735;-2.44755;1.35715;;
36.7416548;;;0.804190513125127;0.0792429535559999
36.508;-2.254935;1.106552;;
36.509;-2.255142;1.106769;;
36.53;-2.27569;1.129179;;
36.531;-2.275893;1.129401;;
36.532;-2.275925;1.129436;;
36.552;-2.296813;1.153107;;
36.575;-2.317456;1.177427;;
36.576;-2.317648;1.177654;;
36.577;-2.317676;1.177687;;
36.608;-2.337471;1.201948;;
36.621;-2.347261;1.21431;;
36.623;-2.347407;1.21449;;
36.644;-2.374724;1.250332;;
36.645;-2.374937;1.250612;;
36.646;-2.375035;1.25074;;
36.666;-2.394068;1.276987;;
36.668;-2.394274;1.277271;;
36.689;-2.411668;1.302262;;
36.69;-2.411826;1.302489;;
36.712;-2.430505;1.330482;;
36.734;-2.447415;1.356939;;
36.735;-2.44755;1.35715;;
36.756;-2.462648;1.381768;;
36.758;-2.462824;1.382056;;
36.759;-2.462824;1.382056;;
36.779;-2.479027;1.409623;;
36.781;-2.479201;1.409919;;
36.801;-2.493952;1.436149;;
36.803;-2.494115;1.436439;;
36.8198622;;;0.901453079902344;0.154364043547862
36.608;-2.337471;1.201948;;
36.621;-2.347261;1.21431;;
36.623;-2.347407;1.21449;;
36.644;-2.374724;1.250332;;
36.645;-2.374937;1.250612;;
36.646;-2.375035;1.25074;;
36.666;-2.394068;1.276987;;
36.668;-2.394274;1.277271;;
36.689;-2.411668;1.302262;;
36.69;-2.411826;1.302489;;
36.712;-2.430505;1.330482;;
36.734;-2.447415;1.356939;;
36.735;-2.44755;1.35715;;
36.756;-2.462648;1.381768;;
36.758;-2.462824;1.382056;;
36.759;-2.462824;1.382056;;
36.779;-2.479027;1.409623;;
36.781;-2.479201;1.409919;;
36.801;-2.493952;1.436149;;
36.803;-2.494115;1.436439;;
36.824;-2.5088;1.463746;;
36.846;-2.523235;1.491836;;
36.847;-2.523369;1.492099;;
36.868;-2.537347;1.520669;;
36.869;-2.537484;1.520949;;
36.87;-2.537507;1.520996;;
36.891;-2.550061;1.547939;;
36.8970663;;;0.729489251945462;0.215154814543317
36.666;-2.394068;1.276987;;
36.668;-2.394274;1.277271;;
36.689;-2.411668;1.302262;;
36.69;-2.411826;1.302489;;
36.712;-2.430505;1.330482;;
36.734;-2.447415;1.356939;;
36.735;-2.44755;1.35715;;
36.756;-2.462648;1.381768;;
36.758;-2.462824;1.382056;;
36.759;-2.462824;1.382056;;
36.779;-2.479027;1.409623;;
36.781;-2.479201;1.409919;;
36.801;-2.493952;1.436149;;
36.803;-2.494115;1.436439;;
36.824;-2.5088;1.463746;;
36.846;-2.523235;1.491836;;
36.847;-2.523369;1.492099;;
36.868;-2.537347;1.520669;;
36.869;-2.537484;1.520949;;
36.87;-2.537507;1.520996;;
36.891;-2.550061;1.547939;;
36.912;-2.562781;1.576619;;
36.913;-2.563036;1.577194;;
36.914;-2.563076;1.577284;;
36.934;-2.575052;1.605763;;
36.955;-2.58674;1.635095;;
36.957;-2.586861;1.6354;;
36.9757747;;;-0.611953393431224;0.164158698424048
36.712;-2.430505;1.330482;;
36.734;-2.447415;1.356939;;
36.735;-2.44755;1.35715;;
36.756;-2.462648;1.381768;;
36.758;-2.462824;1.382056;;
36.759;-2.462824;1.382056;;
36.779;-2.479027;1.409623;;
36.781;-2.479201;1.409919;;
36.801;-2.493952;1.436149;;
36.803;-2.494115;1.436439;;
36.824;-2.5088;1.463746;;
36.846;-2.523235;1.491836;;
36.847;-2.523369;1.492099;;
36.868;-2.537347;1.520669;;
36.869;-2.537484;1.520949;;
36.87;-2.537507;1.520996;;
36.891;-2.550061;1.547939;;
36.912;-2.562781;1.576619;;
36.913;-2.563036;1.577194;;
36.914;-2.563076;1.577284;;
36.934;-2.575052;1.605763;;
36.955;-2.58674;1.635095;;
36.957;-2.586861;1.6354;;
36.979;-2.597659;1.664101;;
36.98;-2.597859;1.664633;;
37.002;-2.608097;1.693493;;
37.003;-2.608268;1.693976;;
37.0544837;;;-0.763055023237847;0.100570779820894
36.824;-2.5088;1.463746;;
36.846;-2.523235;1.491836;;
36.847;-2.523369;1.492099;;
36.868;-2.537347;1.520669;;
36.869;-2.537484;1.520949;;
36.87;-2.537507;1.520996;;
36.891;-2.550061;1.547939;;
36.912;-2.562781;1.576619;;
36.913;-2.563036;1.577194;;
36.914;-2.563076;1.577284;;
36.934;-2.575052;1.605763;;
36.955;-2.58674;1.635095;;
36.957;-2.586861;1.6354;;
36.979;-2.597659;1.664101;;
36.98;-2.597859;1.664633;;
37.002;-2.608097;1.693493;;
37.003;-2.608268;1.693976;;
37.113;-2.652256;1.844987;;
37.114;-2.652341;1.845279;;
37.1206587;;;-0.00575725034246893;0.100091008959022
36.891;-2.550061;1.547939;;
36.912;-2.562781;1.576619;;
36.913;-2.563036;1.577194;;
36.914;-2.563076;1.577284;;
36.934;-2.575052;1.605763;;
36.955;-2.58674;1.635095;;
36.957;-2.586861;1.6354;;
36.979;-2.597659;1.664101;;
36.98;-2.597859;1.664633;;
37.002;-2.608097;1.693493;;
37.003;-2.608268;1.693976;;
37.113;-2.652256;1.844987;;
37.114;-2.652341;1.845279;;
37.136;-2.659224;1.875196;;
37.137;-2.65929;1.875481;;
37.138;-2.659299;1.875523;;
37.159;-2.665696;1.90598;;
37.16;-2.665774;1.906352;;
37.181;-2.67165;1.93728;;
37.1993674;;;0.605270380169395;0.150530207306472
36.979;-2.597659;1.664101;;
36.98;-2.597859;1.664633;;
37.002;-2.608097;1.693493;;
37.003;-2.608268;1.693976;;
37.113;-2.652256;1.844987;;
37.114;-2.652341;1.845279;;
37.136;-2.659224;1.875196;;
37.137;-2.65929;1.875481;;
37.138;-2.659299;1.875523;;
37.159;-2.665696;1.90598;;
37.16;-2.665774;1.906352;;
37.181;-2.67165;1.93728;;
37.203;-2.676776;1.967314;;
37.204;-2.676834;1.967654;;
37.268;-2.689149;2.06148;;
37.2770733;;;0.139245027320319;0.162133959583165
37.113;-2.652256;1.844987;;
37.114;-2.652341;1.845279;;
37.136;-2.659224;1.875196;;
37.137;-2.65929;1.875481;;
37.138;-2.659299;1.875523;;
37.159;-2.665696;1.90598;;
37.16;-2.665774;1.906352;;
37.181;-2.67165;1.93728;;
37.203;-2.676776;1.967314;;
37.204;-2.676834;1.967654;;
37.268;-2.689149;2.06148;;
37.312;-2.694306;2.123222;;
37.333;-2.696009;2.154277;;
37.3557814;;;0.042869623685604;0.165706428223632
37.136;-2.659224;1.875196;;
37.137;-2.65929;1.875481;;
37.138;-2.659299;1.875523;;
37.159;-2.665696;1.90598;;
37.16;-2.665774;1.906352;;
37.181;-2.67165;1.93728;;
37.203;-2.676776;1.967314;;
37.204;-2.676834;1.967654;;
37.268;-2.689149;2.06148;;
37.312;-2.694306;2.123222;;
37.333;-2.696009;2.154277;;
37.358;-2.697147;2.185975;;
37.422;-2.697316;2.26405;;
37.423;-2.696971;2.277355;;
37.4455189;;;0.0180067921102403;0.167206994232819
37.268;-2.689149;2.06148;;
37.312;-2.694306;2.123222;;
37.333;-2.696009;2.154277;;
37.358;-2.697147;2.185975;;
37.422;-2.697316;2.26405;;
37.423;-2.696971;2.277355;;
37.467;-2.693662;2.343793;;
37.468;-2.693646;2.344113;;
37.492;-2.69126;2.374086;;
37.512;-2.688201;2.405167;;
37.514;-2.688168;2.405504;;
37.5342547;;;0.218300307310587;0.184026498206324
37.312;-2.694306;2.123222;;
37.333;-2.696009;2.154277;;
37.358;-2.697147;2.185975;;
37.422;-2.697316;2.26405;;
37.423;-2.696971;2.277355;;
37.467;-2.693662;2.343793;;
37.468;-2.693646;2.344113;;
37.492;-2.69126;2.374086;;
37.512;-2.688201;2.405167;;
37.514;-2.688168;2.405504;;
37.537;-2.68451;2.436528;;
37.538;-2.684477;2.436805;;
37.559;-2.680239;2.467656;;
37.56;-2.680203;2.467917;;
37.58;-2.675446;2.498262;;
37.585;-2.675412;2.498479;;
37.603;-2.669827;2.530117;;
37.605;-2.669764;2.530473;;
37.6239916;;;0.441847061906595;0.209992197538678
37.422;-2.697316;2.26405;;
37.423;-2.696971;2.277355;;
37.467;-2.693662;2.343793;;
37.468;-2.693646;2.344113;;
37.492;-2.69126;2.374086;;
37.512;-2.688201;2.405167;;
37.514;-2.688168;2.405504;;
37.537;-2.68451;2.436528;;
37.538;-2.684477;2.436805;;
37.559;-2.680239;2.467656;;
37.56;-2.680203;2.467917;;
37.58;-2.675446;2.498262;;
37.585;-2.675412;2.498479;;
37.603;-2.669827;2.530117;;
37.605;-2.669764;2.530473;;
37.627;-2.663956;2.560049;;
37.628;-2.663906;2.560305;;
37.648;-2.657027;2.592088;;
37.65;-2.656942;2.59248;;
37.67;-2.650083;2.621468;;
37.692;-2.642065;2.652721;;
37.693;-2.641993;2.653003;;
37.7021991;;;-0.101446511814383;0.134522445460385
37.467;-2.693662;2.343793;;
37.468;-2.693646;2.344113;;
37.492;-2.69126;2.374086;;
37.512;-2.688201;2.405167;;
37.514;-2.688168;2.405504;;
37.537;-2.68451;2.436528;;
37.538;-2.684477;2.436805;;
37.559;-2.680239;2.467656;;
37.56;-2.680203;2.467917;;
37.58;-2.675446;2.498262;;
37.585;-2.675412;2.498479;;
37.603;-2.669827;2.530117;;
37.605;-2.669764;2.530473;;
37.627;-2.663956;2.560049;;
37.628;-2.663906;2.560305;;
37.648;-2.657027;2.592088;;
37.65;-2.656942;2.59248;;
37.67;-2.650083;2.621468;;
37.692;-2.642065;2.652721;;
37.693;-2.641993;2.653003;;
37.713;-2.633863;2.682325;;
37.737;-2.624784;2.712825;;
37.7794037;;;-0.406558279940755;0.0255214988067937
37.559;-2.680239;2.467656;;
37.56;-2.680203;2.467917;;
37.58;-2.675446;2.498262;;
37.585;-2.675412;2.498479;;
37.603;-2.669827;2.530117;;
37.605;-2.669764;2.530473;;
37.627;-2.663956;2.560049;;
37.628;-2.663906;2.560305;;
37.648;-2.657027;2.592088;;
37.65;-2.656942;2.59248;;
37.67;-2.650083;2.621468;;
37.692;-2.642065;2.652721;;
37.693;-2.641993;2.653003;;
37.713;-2.633863;2.682325;;
37.737;-2.624784;2.712825;;
37.78;-2.60512;2.772528;;
37.781;-2.605026;2.772813;;
37.802;-2.594993;2.800593;;
37.804;-2.594782;2.801176;;
37.826;-2.583226;2.831354;;
37.827;-2.583126;2.831616;;
37.847;-2.577393;2.845958;;
37.849;-2.571625;2.860005;;
37.8586136;;;-0.91304004035209;-0.111355942218002
37.58;-2.675446;2.498262;;
37.585;-2.675412;2.498479;;
37.603;-2.669827;2.530117;;
37.605;-2.669764;2.530473;;
37.627;-2.663956;2.560049;;
37.628;-2.663906;2.560305;;
37.648;-2.657027;2.592088;;
37.65;-2.656942;2.59248;;
37.67;-2.650083;2.621468;;
37.692;-2.642065;2.652721;;
37.693;-2.641993;2.653003;;
37.713;-2.633863;2.682325;;
37.737;-2.624784;2.712825;;
37.78;-2.60512;2.772528;;
37.781;-2.605026;2.772813;;
37.802;-2.594993;2.800593;;
37.804;-2.594782;2.801176;;
37.826;-2.583226;2.831354;;
37.827;-2.583126;2.831616;;
37.847;-2.577393;2.845958;;
37.849;-2.571625;2.860005;;
37.871;-2.558669;2.890279;;
37.9368213;;;-0.921162869862385;-0.137123398587266
37.713;-2.633863;2.682325;;
37.737;-2.624784;2.712825;;
37.78;-2.60512;2.772528;;
37.781;-2.605026;2.772813;;
37.802;-2.594993;2.800593;;
37.804;-2.594782;2.801176;;
37.826;-2.583226;2.831354;;
37.827;-2.583126;2.831616;;
37.847;-2.577393;2.845958;;
37.849;-2.571625;2.860005;;
37.871;-2.558669;2.890279;;
37.996;-2.481268;3.043896;;
37.998;-2.481132;3.044165;;
37.998;-2.481123;3.044183;;
38.002;-2.476042;3.052979;;
38.006;-2.473511;3.057361;;
38.008;-2.473362;3.057617;;
38.009;-2.473347;3.057645;;
38.0150277;;;-0.0507912509194388;-0.0777680842273983
37.78;-2.60512;2.772528;;
37.781;-2.605026;2.772813;;
37.802;-2.594993;2.800593;;
37.804;-2.594782;2.801176;;
37.826;-2.583226;2.831354;;
37.827;-2.583126;2.831616;;
37.847;-2.577393;2.845958;;
37.849;-2.571625;2.860005;;
37.871;-2.558669;2.890279;;
37.996;-2.481268;3.043896;;
37.998;-2.481132;3.044165;;
37.998;-2.481123;3.044183;;
38.002;-2.476042;3.052979;;
38.006;-2.473511;3.057361;;
38.008;-2.473362;3.057617;;
38.009;-2.473347;3.057645;;
38.049;-2.441092;3.110521;;
38.0932351;;;0.230798171173412;-0.0580551324344083
37.871;-2.558669;2.890279;;
37.996;-2.481268;3.043896;;
37.998;-2.481132;3.044165;;
37.998;-2.481123;3.044183;;
38.002;-2.476042;3.052979;;
38.006;-2.473511;3.057361;;
38.008;-2.473362;3.057617;;
38.009;-2.473347;3.057645;;
38.049;-2.441092;3.110521;;
38.115;-2.406008;3.163432;;
38.116;-2.4059;3.163595;;
38.154;-2.360292;3.226302;;
38.155;-2.360046;3.22664;;
38.156;-2.360008;3.226693;;
38.1709404;;;-0.225174427734686;-0.127258866426415
37.996;-2.481268;3.043896;;
37.998;-2.481132;3.044165;;
37.998;-2.481123;3.044183;;
38.002;-2.476042;3.052979;;
38.006;-2.473511;3.057361;;
38.008;-2.473362;3.057617;;
38.009;-2.473347;3.057645;;
38.049;-2.441092;3.110521;;
38.115;-2.406008;3.163432;;
38.116;-2.4059;3.163595;;
38.154;-2.360292;3.226302;;
38.155;-2.360046;3.22664;;
38.156;-2.360008;3.226693;;
38.176;-2.341198;3.250829;;
38.198;-2.321009;3.275746;;
38.199;-2.320777;3.276033;;
38.2;-2.320777;3.276033;;
38.22;-2.301391;3.299033;;
38.242;-2.280575;3.322828;;
38.243;-2.280377;3.323053;;
38.2486463;;;-0.556282371935776;-0.18521948303109
38.049;-2.441092;3.110521;;
38.115;-2.406008;3.163432;;
38.116;-2.4059;3.163595;;
38.154;-2.360292;3.226302;;
38.155;-2.360046;3.22664;;
38.156;-2.360008;3.226693;;
38.176;-2.341198;3.250829;;
38.198;-2.321009;3.275746;;
38.199;-2.320777;3.276033;;
38.2;-2.320777;3.276033;;
38.22;-2.301391;3.299033;;
38.242;-2.280575;3.322828;;
38.243;-2.280377;3.323053;;
38.266;-2.258792;3.346769;;
38.267;-2.258792;3.346769;;
38.267;-2.258792;3.346769;;
38.287;-2.237484;3.369291;;
38.309;-2.215809;3.391357;;
38.31;-2.21561;3.39156;;
38.311;-2.215563;3.391608;;
38.3273553;;;-0.70735933743126;-0.247738563124162
38.115;-2.406008;3.163432;;
38.116;-2.4059;3.163595;;
38.154;-2.360292;3.226302;;
38.155;-2.360046;3.22664;;
38.156;-2.360008;3.226693;;
38.176;-2.341198;3.250829;;
38.198;-2.321009;3.275746;;
38.199;-2.320777;3.276033;;
38.2;-2.320777;3.276033;;
38.22;-2.301391;3.299033;;
38.242;-2.280575;3.322828;;
38.243;-2.280377;3.323053;;
38.266;-2.258792;3.346769;;
38.267;-2.258792;3.346769;;
38.267;-2.258792;3.346769;;
38.287;-2.237484;3.369291;;
38.309;-2.215809;3.391357;;
38.31;-2.21561;3.39156;;
38.311;-2.215563;3.391608;;
38.331;-2.192478;3.414207;;
38.352;-2.170482;3.434937;;
38.354;-2.170073;3.435323;;
38.376;-2.147151;3.456121;;
38.377;-2.146893;3.456355;;
38.398;-2.123345;3.476911;;
38.399;-2.123061;3.477159;;
38.4060632;;;-0.474237800400534;-0.288758945833393
38.154;-2.360292;3.226302;;
38.155;-2.360046;3.22664;;
38.156;-2.360008;3.226693;;
38.176;-2.341198;3.250829;;
38.198;-2.321009;3.275746;;
38.199;-2.320777;3.276033;;
38.2;-2.320777;3.276033;;
38.22;-2.301391;3.299033;;
38.242;-2.280575;3.322828;;
38.243;-2.280377;3.323053;;
38.266;-2.258792;3.346769;;
38.267;-2.258792;3.346769;;
38.267;-2.258792;3.346769;;
38.287;-2.237484;3.369291;;
38.309;-2.215809;3.391357;;
38.31;-2.21561;3.39156;;
38.311;-2.215563;3.391608;;
38.331;-2.192478;3.414207;;
38.352;-2.170482;3.434937;;
38.354;-2.170073;3.435323;;
38.376;-2.147151;3.456121;;
38.377;-2.146893;3.456355;;
38.398;-2.123345;3.476911;;
38.399;-2.123061;3.477159;;
38.42;-2.099722;3.496768;;
38.421;-2.099722;3.496768;;
38.443;-2.074932;3.516801;;
38.483268;;;0.173359723747497;-0.29250399446365
38.266;-2.258792;3.346769;;
38.267;-2.258792;3.346769;;
38.267;-2.258792;3.346769;;
38.287;-2.237484;3.369291;;
38.309;-2.215809;3.391357;;
38.31;-2.21561;3.39156;;
38.311;-2.215563;3.391608;;
38.331;-2.192478;3.414207;;
38.352;-2.170482;3.434937;;
38.354;-2.170073;3.435323;;
38.376;-2.147151;3.456121;;
38.377;-2.146893;3.456355;;
38.398;-2.123345;3.476911;;
38.399;-2.123061;3.477159;;
38.42;-2.099722;3.496768;;
38.421;-2.099722;3.496768;;
38.443;-2.074932;3.516801;;
38.489;-2.025599;3.554396;;
38.51;-1.99974;3.572969;;
38.511;-1.99974;3.572969;;
38.533;-1.973936;3.59075;;
38.554;-1.947712;3.608094;;
38.5614749;;;0.770152575608825;-0.265145201655131
38.352;-2.170482;3.434937;;
38.354;-2.170073;3.435323;;
38.376;-2.147151;3.456121;;
38.377;-2.146893;3.456355;;
38.398;-2.123345;3.476911;;
38.399;-2.123061;3.477159;;
38.42;-2.099722;3.496768;;
38.421;-2.099722;3.496768;;
38.443;-2.074932;3.516801;;
38.489;-2.025599;3.554396;;
38.51;-1.99974;3.572969;;
38.511;-1.99974;3.572969;;
38.533;-1.973936;3.59075;;
38.554;-1.947712;3.608094;;
38.577;-1.921218;3.624898;;
38.619;-1.867279;3.656977;;
38.64;-1.848812;3.667337;;
38.6406851;;;0.926559181117394;-0.179478060577483
38.42;-2.099722;3.496768;;
38.421;-2.099722;3.496768;;
38.443;-2.074932;3.516801;;
38.489;-2.025599;3.554396;;
38.51;-1.99974;3.572969;;
38.511;-1.99974;3.572969;;
38.533;-1.973936;3.59075;;
38.554;-1.947712;3.608094;;
38.577;-1.921218;3.624898;;
38.619;-1.867279;3.656977;;
38.64;-1.848812;3.667337;;
38.641;-1.842588;3.670753;;
38.642;-1.840782;3.671743;;
38.707;-1.769457;3.708386;;
38.718892;;;0.892439266735954;-0.0712282650210909
38.489;-2.025599;3.554396;;
38.51;-1.99974;3.572969;;
38.511;-1.99974;3.572969;;
38.533;-1.973936;3.59075;;
38.554;-1.947712;3.608094;;
38.577;-1.921218;3.624898;;
38.619;-1.867279;3.656977;;
38.64;-1.848812;3.667337;;
38.641;-1.842588;3.670753;;
38.642;-1.840782;3.671743;;
38.707;-1.769457;3.708386;;
38.729;-1.740743;3.72193;;
38.752;-1.698228;3.740732;;
38.754;-1.696998;3.741276;;
38.773;-1.683267;3.74704;;
38.775;-1.670415;3.752292;;
38.8081285;;;0.684653037972576;0.061912824839298
38.577;-1.921218;3.624898;;
38.619;-1.867279;3.656977;;
38.64;-1.848812;3.667337;;
38.641;-1.842588;3.670753;;
38.642;-1.840782;3.671743;;
38.707;-1.769457;3.708386;;
38.729;-1.740743;3.72193;;
38.752;-1.698228;3.740732;;
38.754;-1.696998;3.741276;;
38.773;-1.683267;3.74704;;
38.775;-1.670415;3.752292;;
38.82;-1.610602;3.775138;;
38.821;-1.610322;3.775245;;
38.844;-1.579972;3.785821;;
38.866;-1.551408;3.795175;;
38.867;-1.551076;3.795284;;
38.868;-1.551076;3.795284;;
38.8858344;;;-0.602179852381309;0.088494742962721
38.707;-1.769457;3.708386;;
38.729;-1.740743;3.72193;;
38.752;-1.698228;3.740732;;
38.754;-1.696998;3.741276;;
38.773;-1.683267;3.74704;;
38.775;-1.670415;3.752292;;
38.82;-1.610602;3.775138;;
38.821;-1.610322;3.775245;;
38.844;-1.579972;3.785821;;
38.866;-1.551408;3.795175;;
38.867;-1.551076;3.795284;;
38.868;-1.551076;3.795284;;
38.889;-1.520779;3.804568;;
38.89;-1.520479;3.80466;;
38.91;-1.490478;3.813228;;
38.911;-1.490478;3.813228;;
38.934;-1.461147;3.821006;;
38.936;-1.460636;3.821141;;
38.958;-1.429615;3.828735;;
38.96;-1.429309;3.82881;;
38.9645428;;;-0.887825272889045;0.0187419077985871
38.752;-1.698228;3.740732;;
38.754;-1.696998;3.741276;;
38.773;-1.683267;3.74704;;
38.775;-1.670415;3.752292;;
38.82;-1.610602;3.775138;;
38.821;-1.610322;3.775245;;
38.844;-1.579972;3.785821;;
38.866;-1.551408;3.795175;;
38.867;-1.551076;3.795284;;
38.868;-1.551076;3.795284;;
38.889;-1.520779;3.804568;;
38.89;-1.520479;3.80466;;
38.91;-1.490478;3.813228;;
38.911;-1.490478;3.813228;;
38.934;-1.461147;3.821006;;
38.936;-1.460636;3.821141;;
38.958;-1.429615;3.828735;;
38.96;-1.429309;3.82881;;
38.98;-1.399389;3.835526;;
38.981;-1.399098;3.835592;;
39.002;-1.369165;3.841716;;
39.004;-1.368235;3.841906;;
39.025;-1.337669;3.847557;;
39.025;-1.337669;3.847557;;
39.046;-1.306524;3.852698;;
39.047;-1.306269;3.85274;;
39.053278;;;-0.852262922595094;-0.0715131833487883
38.82;-1.610602;3.775138;;
38.821;-1.610322;3.775245;;
38.844;-1.579972;3.785821;;
38.866;-1.551408;3.795175;;
38.867;-1.551076;3.795284;;
38.868;-1.551076;3.795284;;
38.889;-1.520779;3.804568;;
38.89;-1.520479;3.80466;;
38.91;-1.490478;3.813228;;
38.911;-1.490478;3.813228;;
38.934;-1.461147;3.821006;;
38.936;-1.460636;3.821141;;
38.958;-1.429615;3.828735;;
38.96;-1.429309;3.82881;;
38.98;-1.399389;3.835526;;
38.981;-1.399098;3.835592;;
39.002;-1.369165;3.841716;;
39.004;-1.368235;3.841906;;
39.025;-1.337669;3.847557;;
39.025;-1.337669;3.847557;;
39.046;-1.306524;3.852698;;
39.047;-1.306269;3.85274;;
39.068;-1.275835;3.85717;;
39.07;-1.275522;3.857215;;
39.089;-1.244836;3.861087;;
39.091;-1.244435;3.861138;;
39.118;-1.228698;3.862893;;
39.12;-1.228443;3.862921;;
39.1324875;;;-0.642273697217993;-0.106271455805731
38.91;-1.490478;3.813228;;
38.911;-1.490478;3.813228;;
38.934;-1.461147;3.821006;;
38.936;-1.460636;3.821141;;
38.958;-1.429615;3.828735;;
38.96;-1.429309;3.82881;;
38.98;-1.399389;3.835526;;
38.981;-1.399098;3.835592;;
39.002;-1.369165;3.841716;;
39.004;-1.368235;3.841906;;
39.025;-1.337669;3.847557;;
39.025;-1.337669;3.847557;;
39.046;-1.306524;3.852698;;
39.047;-1.306269;3.85274;;
39.068;-1.275835;3.85717;;
39.07;-1.275522;3.857215;;
39.089;-1.244836;3.861087;;
39.091;-1.244435;3.861138;;
39.118;-1.228698;3.862893;;
39.12;-1.228443;3.862921;;
39.134;-1.197549;3.865915;;
39.136;-1.197073;3.865961;;
39.156;-1.149943;3.869382;;
39.177;-1.11901;3.870899;;
39.2;-1.087736;3.871831;;
39.2096921;;;-0.284051124766339;-0.0835855185416108
39.002;-1.369165;3.841716;;
39.004;-1.368235;3.841906;;
39.025;-1.337669;3.847557;;
39.025;-1.337669;3.847557;;
39.046;-1.306524;3.852698;;
39.047;-1.306269;3.85274;;
39.068;-1.275835;3.85717;;
39.07;-1.275522;3.857215;;
39.089;-1.244836;3.861087;;
39.091;-1.244435;3.861138;;
39.118;-1.228698;3.862893;;
39.12;-1.228443;3.862921;;
39.134;-1.197549;3.865915;;
39.136;-1.197073;3.865961;;
39.156;-1.149943;3.869382;;
39.177;-1.11901;3.870899;;
39.2;-1.087736;3.871831;;
39.289;-0.9608318;3.869522;;
39.2994296;;;-0.689871859047716;-0.0821282286763154
39.068;-1.275835;3.85717;;
39.07;-1.275522;3.857215;;
39.089;-1.244836;3.861087;;
39.091;-1.244435;3.861138;;
39.118;-1.228698;3.862893;;
39.12;-1.228443;3.862921;;
39.134;-1.197549;3.865915;;
39.136;-1.197073;3.865961;;
39.156;-1.149943;3.869382;;
39.177;-1.11901;3.870899;;
39.2;-1.087736;3.871831;;
39.289;-0.9608318;3.869522;;
39.311;-0.9297322;3.867452;;
39.312;-0.9294348;3.867432;;
39.314;-0.9293812;3.867428;;
39.333;-0.914717;3.866244;;
39.334;-0.9025065;3.865143;;
39.356;-0.8673592;3.861513;;
39.358;-0.8670118;3.861478;;
39.3776367;;;-0.845249534157738;-0.113045873156082
39.134;-1.197549;3.865915;;
39.136;-1.197073;3.865961;;
39.156;-1.149943;3.869382;;
39.177;-1.11901;3.870899;;
39.2;-1.087736;3.871831;;
39.289;-0.9608318;3.869522;;
39.311;-0.9297322;3.867452;;
39.312;-0.9294348;3.867432;;
39.314;-0.9293812;3.867428;;
39.333;-0.914717;3.866244;;
39.334;-0.9025065;3.865143;;
39.356;-0.8673592;3.861513;;
39.358;-0.8670118;3.861478;;
39.401;-0.8063436;3.85336;;
39.422;-0.775906;3.848429;;
39.4558439;;;-0.61998782314933;-0.179158168730818
39.289;-0.9608318;3.869522;;
39.311;-0.9297322;3.867452;;
39.312;-0.9294348;3.867432;;
39.314;-0.9293812;3.867428;;
39.333;-0.914717;3.866244;;
39.334;-0.9025065;3.865143;;
39.356;-0.8673592;3.861513;;
39.358;-0.8670118;3.861478;;
39.401;-0.8063436;3.85336;;
39.422;-0.775906;3.848429;;
39.533;-0.637639;3.818482;;
39.5440781;;;-0.0866086413866025;-0.25055493681377
39.333;-0.914717;3.866244;;
39.334;-0.9025065;3.865143;;
39.356;-0.8673592;3.861513;;
39.358;-0.8670118;3.861478;;
39.401;-0.8063436;3.85336;;
39.422;-0.775906;3.848429;;
39.533;-0.637639;3.818482;;
39.555;-0.6066347;3.810043;;
39.599;-0.5470226;3.791938;;
39.6;-0.5467812;3.791865;;
39.624;-0.5015631;3.776449;;
39.6348184;;;-0.201294249853289;-0.344542722727994
39.333;-0.914717;3.866244;;
39.334;-0.9025065;3.865143;;
39.356;-0.8673592;3.861513;;
39.358;-0.8670118;3.861478;;
39.401;-0.8063436;3.85336;;
39.422;-0.775906;3.848429;;
39.533;-0.637639;3.818482;;
39.555;-0.6066347;3.810043;;
39.599;-0.5470226;3.791938;;
39.6;-0.5467812;3.791865;;
39.624;-0.5015631;3.776449;;
39.7235531;;;-0.201294249853289;-0.435687182443764
39.533;-0.637639;3.818482;;
39.555;-0.6066347;3.810043;;
39.599;-0.5470226;3.791938;;
39.6;-0.5467812;3.791865;;
39.624;-0.5015631;3.776449;;
39.779;-0.3008628;3.689296;;
39.78;-0.3006058;3.689184;;
39.781;-0.3005523;3.689161;;
39.801;-0.2876441;3.682427;;
39.8122878;;;-0.284691724170938;-0.51646591262239
39.599;-0.5470226;3.791938;;
39.6;-0.5467812;3.791865;;
39.624;-0.5015631;3.776449;;
39.779;-0.3008628;3.689296;;
39.78;-0.3006058;3.689184;;
39.781;-0.3005523;3.689161;;
39.801;-0.2876441;3.682427;;
39.823;-0.2591961;3.667062;;
39.824;-0.2589342;3.66692;;
39.825;-0.2455811;3.659456;;
39.846;-0.2323068;3.65187;;
39.847;-0.2219618;3.645825;;
39.867;-0.2055708;3.636089;;
39.889;-0.1784499;3.619372;;
39.891;-0.1781441;3.619183;;
39.9015253;;;-0.643781748646425;-0.51993273731115
39.624;-0.5015631;3.776449;;
39.779;-0.3008628;3.689296;;
39.78;-0.3006058;3.689184;;
39.781;-0.3005523;3.689161;;
39.801;-0.2876441;3.682427;;
39.823;-0.2591961;3.667062;;
39.824;-0.2589342;3.66692;;
39.825;-0.2455811;3.659456;;
39.846;-0.2323068;3.65187;;
39.847;-0.2219618;3.645825;;
39.867;-0.2055708;3.636089;;
39.889;-0.1784499;3.619372;;
39.891;-0.1781441;3.619183;;
39.912;-0.1525734;3.602731;;
39.913;-0.1403871;3.594647;;
39.980233;;;-0.730489782472737;-0.506821446443124
39.779;-0.3008628;3.689296;;
39.78;-0.3006058;3.689184;;
39.781;-0.3005523;3.689161;;
39.801;-0.2876441;3.682427;;
39.823;-0.2591961;3.667062;;
39.824;-0.2589342;3.66692;;
39.825;-0.2455811;3.659456;;
39.846;-0.2323068;3.65187;;
39.847;-0.2219618;3.645825;;
39.867;-0.2055708;3.636089;;
39.889;-0.1784499;3.619372;;
39.891;-0.1781441;3.619183;;
39.912;-0.1525734;3.602731;;
39.913;-0.1403871;3.594647;;
40.047;0.01095235;3.480208;;
40.0584404;;;-0.317742857141401;-0.462278107655316
39.846;-0.2323068;3.65187;;
39.847;-0.2219618;3.645825;;
39.867;-0.2055708;3.636089;;
39.889;-0.1784499;3.619372;;
39.891;-0.1781441;3.619183;;
39.912;-0.1525734;3.602731;;
39.913;-0.1403871;3.594647;;
40.047;0.01095235;3.480208;;
40.069;0.0226048;3.470221;;
40.07;0.03089693;3.462955;;
40.092;0.05809323;3.438522;;
40.094;0.05836147;3.438281;;
40.113;0.06962138;3.427825;;
40.115;0.07967275;3.418315;;
40.135;0.09240076;3.406059;;
40.137;0.1026137;3.396019;;
40.1476764;;;0.936208179247546;-0.330737951283188
39.912;-0.1525734;3.602731;;
39.913;-0.1403871;3.594647;;
40.047;0.01095235;3.480208;;
40.069;0.0226048;3.470221;;
40.07;0.03089693;3.462955;;
40.092;0.05809323;3.438522;;
40.094;0.05836147;3.438281;;
40.113;0.06962138;3.427825;;
40.115;0.07967275;3.418315;;
40.135;0.09240076;3.406059;;
40.137;0.1026137;3.396019;;
40.16;0.1255657;3.37282;;
40.161;0.1257646;3.372619;;
40.162;0.1258057;3.372578;;
40.183;0.1472597;3.350016;;
40.203;0.1577038;3.338722;;
40.205;0.1579261;3.338481;;
40.225884;;;0.884015107454235;-0.23339909859814
40.047;0.01095235;3.480208;;
40.069;0.0226048;3.470221;;
40.07;0.03089693;3.462955;;
40.092;0.05809323;3.438522;;
40.094;0.05836147;3.438281;;
40.113;0.06962138;3.427825;;
40.115;0.07967275;3.418315;;
40.135;0.09240076;3.406059;;
40.137;0.1026137;3.396019;;
40.16;0.1255657;3.37282;;
40.161;0.1257646;3.372619;;
40.162;0.1258057;3.372578;;
40.183;0.1472597;3.350016;;
40.203;0.1577038;3.338722;;
40.205;0.1579261;3.338481;;
40.227;0.1863933;3.306553;;
40.228;0.1864076;3.306537;;
40.229;0.1867231;3.306183;;
40.249;0.2094007;3.279487;;
40.27;0.2286825;3.255853;;
40.272;0.2290965;3.255345;;
40.273;0.2291349;3.255298;;
40.293;0.2490289;3.229915;;
40.3040914;;;0.609349462673964;-0.125130655121334
40.069;0.0226048;3.470221;;
40.07;0.03089693;3.462955;;
40.092;0.05809323;3.438522;;
40.094;0.05836147;3.438281;;
40.113;0.06962138;3.427825;;
40.115;0.07967275;3.418315;;
40.135;0.09240076;3.406059;;
40.137;0.1026137;3.396019;;
40.16;0.1255657;3.37282;;
40.161;0.1257646;3.372619;;
40.162;0.1258057;3.372578;;
40.183;0.1472597;3.350016;;
40.203;0.1577038;3.338722;;
40.205;0.1579261;3.338481;;
40.227;0.1863933;3.306553;;
40.228;0.1864076;3.306537;;
40.229;0.1867231;3.306183;;
40.249;0.2094007;3.279487;;
40.27;0.2286825;3.255853;;
40.272;0.2290965;3.255345;;
40.273;0.2291349;3.255298;;
40.293;0.2490289;3.229915;;
40.314;0.2585598;3.217389;;
40.315;0.2661232;3.207252;;
40.338;0.2859465;3.179923;;
40.34;0.286326;3.179399;;
40.341;0.2863649;3.179346;;
40.361;0.3039112;3.154098;;
40.3817966;;;0.548009191209567;-0.0090257613407251
40.16;0.1255657;3.37282;;
40.161;0.1257646;3.372619;;
40.162;0.1258057;3.372578;;
40.183;0.1472597;3.350016;;
40.203;0.1577038;3.338722;;
40.205;0.1579261;3.338481;;
40.227;0.1863933;3.306553;;
40.228;0.1864076;3.306537;;
40.229;0.1867231;3.306183;;
40.249;0.2094007;3.279487;;
40.27;0.2286825;3.255853;;
40.272;0.2290965;3.255345;;
40.273;0.2291349;3.255298;;
40.293;0.2490289;3.229915;;
40.314;0.2585598;3.217389;;
40.315;0.2661232;3.207252;;
40.338;0.2859465;3.179923;;
40.34;0.286326;3.179399;;
40.341;0.2863649;3.179346;;
40.361;0.3039112;3.154098;;
40.429;0.3545102;3.075064;;
40.45;0.3702272;3.048347;;
40.460505;;;0.830089526422234;0.111814017790239
40.16;0.1255657;3.37282;;
40.161;0.1257646;3.372619;;
40.162;0.1258057;3.372578;;
40.183;0.1472597;3.350016;;
40.203;0.1577038;3.338722;;
40.205;0.1579261;3.338481;;
40.227;0.1863933;3.306553;;
40.228;0.1864076;3.306537;;
40.229;0.1867231;3.306183;;
40.249;0.2094007;3.279487;;
40.27;0.2286825;3.255853;;
40.272;0.2290965;3.255345;;
40.273;0.2291349;3.255298;;
40.293;0.2490289;3.229915;;
40.314;0.2585598;3.217389;;
40.315;0.2661232;3.207252;;
40.338;0.2859465;3.179923;;
40.34;0.286326;3.179399;;
40.341;0.2863649;3.179346;;
40.361;0.3039112;3.154098;;
40.429;0.3545102;3.075064;;
40.45;0.3702272;3.048347;;
40.5382111;;;0.830089526422234;0.188205531774308
40.314;0.2585598;3.217389;;
40.315;0.2661232;3.207252;;
40.338;0.2859465;3.179923;;
40.34;0.286326;3.179399;;
40.341;0.2863649;3.179346;;
40.361;0.3039112;3.154098;;
40.429;0.3545102;3.075064;;
40.45;0.3702272;3.048347;;
40.583;0.4545636;2.880139;;
40.584;0.454675;2.879917;;
40.606;0.4666097;2.851532;;
40.607;0.4668339;2.850999;;
40.6169195;;;-0.468336405448832;0.165952018808013
40.429;0.3545102;3.075064;;
40.45;0.3702272;3.048347;;
40.583;0.4545636;2.880139;;
40.584;0.454675;2.879917;;
40.606;0.4666097;2.851532;;
40.607;0.4668339;2.850999;;
40.628;0.4788133;2.820854;;
40.629;0.4790265;2.820318;;
40.65;0.4897382;2.791765;;
40.651;0.4898436;2.791484;;
40.673;0.4998318;2.763275;;
40.675;0.4999306;2.762996;;
40.704;0.5102521;2.731963;;
40.705;0.5103269;2.731738;;
40.7081608;;;-0.902334298350218;0.107532014766602
40.583;0.4545636;2.880139;;
40.584;0.454675;2.879917;;
40.606;0.4666097;2.851532;;
40.607;0.4668339;2.850999;;
40.628;0.4788133;2.820854;;
40.629;0.4790265;2.820318;;
40.65;0.4897382;2.791765;;
40.651;0.4898436;2.791484;;
40.673;0.4998318;2.763275;;
40.675;0.4999306;2.762996;;
40.704;0.5102521;2.731963;;
40.705;0.5103269;2.731738;;
40.717;0.5191723;2.703329;;
40.739;0.524761;2.684404;;
40.761;0.532046;2.658353;;
40.762;0.5357654;2.644324;;
40.763;0.5366501;2.640988;;
40.784;0.5401235;2.62734;;
40.785;0.5434454;2.613755;;
40.795392;;;-0.251242202888488;0.110319474873473
40.583;0.4545636;2.880139;;
40.584;0.454675;2.879917;;
40.606;0.4666097;2.851532;;
40.607;0.4668339;2.850999;;
40.628;0.4788133;2.820854;;
40.629;0.4790265;2.820318;;
40.65;0.4897382;2.791765;;
40.651;0.4898436;2.791484;;
40.673;0.4998318;2.763275;;
40.675;0.4999306;2.762996;;
40.704;0.5102521;2.731963;;
40.705;0.5103269;2.731738;;
40.717;0.5191723;2.703329;;
40.739;0.524761;2.684404;;
40.761;0.532046;2.658353;;
40.762;0.5357654;2.644324;;
40.763;0.5366501;2.640988;;
40.784;0.5401235;2.62734;;
40.785;0.5434454;2.613755;;
40.807;0.5510024;2.580967;;
40.829;0.5575946;2.549455;;
40.831;0.5576596;2.549145;;
40.851;0.5632939;2.51935;;
40.873;0.5660712;2.503458;;
40.8741004;;;0.478131381730971;0.203812235738256
40.65;0.4897382;2.791765;;
40.651;0.4898436;2.791484;;
40.673;0.4998318;2.763275;;
40.675;0.4999306;2.762996;;
40.704;0.5102521;2.731963;;
40.705;0.5103269;2.731738;;
40.717;0.5191723;2.703329;;
40.739;0.524761;2.684404;;
40.761;0.532046;2.658353;;
40.762;0.5357654;2.644324;;
40.763;0.5366501;2.640988;;
40.784;0.5401235;2.62734;;
40.785;0.5434454;2.613755;;
40.807;0.5510024;2.580967;;
40.829;0.5575946;2.549455;;
40.831;0.5576596;2.549145;;
40.851;0.5632939;2.51935;;
40.873;0.5660712;2.503458;;
40.874;0.5681796;2.490665;;
40.896;0.5732594;2.457004;;
40.897;0.5733247;2.456582;;
40.918;0.5771853;2.427043;;
40.92;0.5772254;2.426737;;
40.941;0.580667;2.395927;;
40.942;0.5807;2.395632;;
40.943;0.580708;2.39556;;
40.9513053;;;0.878778201025755;0.337917901029797
40.739;0.524761;2.684404;;
40.761;0.532046;2.658353;;
40.762;0.5357654;2.644324;;
40.763;0.5366501;2.640988;;
40.784;0.5401235;2.62734;;
40.785;0.5434454;2.613755;;
40.807;0.5510024;2.580967;;
40.829;0.5575946;2.549455;;
40.831;0.5576596;2.549145;;
40.851;0.5632939;2.51935;;
40.873;0.5660712;2.503458;;
40.874;0.5681796;2.490665;;
40.896;0.5732594;2.457004;;
40.897;0.5733247;2.456582;;
40.918;0.5771853;2.427043;;
40.92;0.5772254;2.426737;;
40.941;0.580667;2.395927;;
40.942;0.5807;2.395632;;
40.943;0.580708;2.39556;;
40.963;0.5836477;2.363629;;
40.984;0.5848168;2.348623;;
40.986;0.5857722;2.334638;;
41.006;0.5868148;2.317174;;
41.008;0.5875031;2.303142;;
41.028;0.5882301;2.285075;;
41.029;0.5882376;2.284889;;
41.030515;;;0.874613946144396;0.43728096797028
40.807;0.5510024;2.580967;;
40.829;0.5575946;2.549455;;
40.831;0.5576596;2.549145;;
40.851;0.5632939;2.51935;;
40.873;0.5660712;2.503458;;
40.874;0.5681796;2.490665;;
40.896;0.5732594;2.457004;;
40.897;0.5733247;2.456582;;
40.918;0.5771853;2.427043;;
40.92;0.5772254;2.426737;;
40.941;0.580667;2.395927;;
40.942;0.5807;2.395632;;
40.943;0.580708;2.39556;;
40.963;0.5836477;2.363629;;
40.984;0.5848168;2.348623;;
40.986;0.5857722;2.334638;;
41.006;0.5868148;2.317174;;
41.008;0.5875031;2.303142;;
41.028;0.5882301;2.285075;;
41.029;0.5882376;2.284889;;
41.05;0.5889773;2.255242;;
41.051;0.5889922;2.254648;;
41.073;0.5891842;2.223016;;
41.074;0.5891861;2.222709;;
41.096;0.5887612;2.191009;;
41.097;0.5883785;2.177184;;
41.1082209;;;0.547975719107912;0.404928262958644
40.874;0.5681796;2.490665;;
40.896;0.5732594;2.457004;;
40.897;0.5733247;2.456582;;
40.918;0.5771853;2.427043;;
40.92;0.5772254;2.426737;;
40.941;0.580667;2.395927;;
40.942;0.5807;2.395632;;
40.943;0.580708;2.39556;;
40.963;0.5836477;2.363629;;
40.984;0.5848168;2.348623;;
40.986;0.5857722;2.334638;;
41.006;0.5868148;2.317174;;
41.008;0.5875031;2.303142;;
41.028;0.5882301;2.285075;;
41.029;0.5882376;2.284889;;
41.05;0.5889773;2.255242;;
41.051;0.5889922;2.254648;;
41.073;0.5891842;2.223016;;
41.074;0.5891861;2.222709;;
41.096;0.5887612;2.191009;;
41.097;0.5883785;2.177184;;
41.118;0.5877464;2.159707;;
41.119;0.5872061;2.148182;;
41.142;0.586129;2.128369;;
41.143;0.5854173;2.117564;;
41.163;0.5839722;2.097799;;
41.165;0.5827428;2.083328;;
41.173;0.5825634;2.081217;;
41.185927;;;-0.839164271490815;0.26132998137989
40.963;0.5836477;2.363629;;
40.984;0.5848168;2.348623;;
40.986;0.5857722;2.334638;;
41.006;0.5868148;2.317174;;
41.008;0.5875031;2.303142;;
41.028;0.5882301;2.285075;;
41.029;0.5882376;2.284889;;
41.05;0.5889773;2.255242;;
41.051;0.5889922;2.254648;;
41.073;0.5891842;2.223016;;
41.074;0.5891861;2.222709;;
41.096;0.5887612;2.191009;;
41.097;0.5883785;2.177184;;
41.118;0.5877464;2.159707;;
41.119;0.5872061;2.148182;;
41.142;0.586129;2.128369;;
41.143;0.5854173;2.117564;;
41.163;0.5839722;2.097799;;
41.165;0.5827428;2.083328;;
41.173;0.5825634;2.081217;;
41.186;0.5795361;2.050889;;
41.208;0.5758846;2.020033;;
41.209;0.5758445;2.019666;;
41.23;0.573776;2.004128;;
41.231;0.5722643;1.993538;;
41.252;0.5691599;1.972888;;
41.254;0.5668535;1.958701;;
41.2646352;;;-0.52494978627807;0.166805043967221
41.028;0.5882301;2.285075;;
41.029;0.5882376;2.284889;;
41.05;0.5889773;2.255242;;
41.051;0.5889922;2.254648;;
41.073;0.5891842;2.223016;;
41.074;0.5891861;2.222709;;
41.096;0.5887612;2.191009;;
41.097;0.5883785;2.177184;;
41.118;0.5877464;2.159707;;
41.119;0.5872061;2.148182;;
41.142;0.586129;2.128369;;
41.143;0.5854173;2.117564;;
41.163;0.5839722;2.097799;;
41.165;0.5827428;2.083328;;
41.173;0.5825634;2.081217;;
41.186;0.5795361;2.050889;;
41.208;0.5758846;2.020033;;
41.209;0.5758445;2.019666;;
41.23;0.573776;2.004128;;
41.231;0.5722643;1.993538;;
41.252;0.5691599;1.972888;;
41.254;0.5668535;1.958701;;
41.277;0.5611099;1.926205;;
41.278;0.5610564;1.925903;;
41.279;0.561047;1.925849;;
41.299;0.5549607;1.89502;;
41.321;0.5485356;1.865427;;
41.322;0.5484768;1.865156;;
41.3428418;;;-0.880460615554808;0.0477658934035226
41.118;0.5877464;2.159707;;
41.119;0.5872061;2.148182;;
41.142;0.586129;2.128369;;
41.143;0.5854173;2.117564;;
41.163;0.5839722;2.097799;;
41.165;0.5827428;2.083328;;
41.173;0.5825634;2.081217;;
41.186;0.5795361;2.050889;;
41.208;0.5758846;2.020033;;
41.209;0.5758445;2.019666;;
41.23;0.573776;2.004128;;
41.231;0.5722643;1.993538;;
41.252;0.5691599;1.972888;;
41.254;0.5668535;1.958701;;
41.277;0.5611099;1.926205;;
41.278;0.5610564;1.925903;;
41.279;0.561047;1.925849;;
41.299;0.5549607;1.89502;;
41.321;0.5485356;1.865427;;
41.322;0.5484768;1.865156;;
41.344;0.5412083;1.834479;;
41.345;0.5412863;1.834808;;
41.366;0.533338;1.803908;;
41.367;0.5332682;1.803637;;
41.387;0.5293102;1.789125;;
41.389;0.5254087;1.775325;;
41.41;0.5156874;1.742721;;
41.411;0.5155917;1.7424;;
41.4200467;;;-0.948998605838708;-0.100491450951556
41.186;0.5795361;2.050889;;
41.208;0.5758846;2.020033;;
41.209;0.5758445;2.019666;;
41.23;0.573776;2.004128;;
41.231;0.5722643;1.993538;;
41.252;0.5691599;1.972888;;
41.254;0.5668535;1.958701;;
41.277;0.5611099;1.926205;;
41.278;0.5610564;1.925903;;
41.279;0.561047;1.925849;;
41.299;0.5549607;1.89502;;
41.321;0.5485356;1.865427;;
41.322;0.5484768;1.865156;;
41.344;0.5412083;1.834479;;
41.345;0.5412863;1.834808;;
41.366;0.533338;1.803908;;
41.367;0.5332682;1.803637;;
41.387;0.5293102;1.789125;;
41.389;0.5254087;1.775325;;
41.41;0.5156874;1.742721;;
41.411;0.5155917;1.7424;;
41.431;0.5112176;1.7285;;
41.433;0.5070873;1.715775;;
41.453;0.501631;1.699436;;
41.454;0.4969251;1.685831;;
41.478;0.4854735;1.654133;;
41.4992564;;;-0.805355067414515;-0.236778500437952
41.186;0.5795361;2.050889;;
41.208;0.5758846;2.020033;;
41.209;0.5758445;2.019666;;
41.23;0.573776;2.004128;;
41.231;0.5722643;1.993538;;
41.252;0.5691599;1.972888;;
41.254;0.5668535;1.958701;;
41.277;0.5611099;1.926205;;
41.278;0.5610564;1.925903;;
41.279;0.561047;1.925849;;
41.299;0.5549607;1.89502;;
41.321;0.5485356;1.865427;;
41.322;0.5484768;1.865156;;
41.344;0.5412083;1.834479;;
41.345;0.5412863;1.834808;;
41.366;0.533338;1.803908;;
41.367;0.5332682;1.803637;;
41.387;0.5293102;1.789125;;
41.389;0.5254087;1.775325;;
41.41;0.5156874;1.742721;;
41.411;0.5155917;1.7424;;
41.431;0.5112176;1.7285;;
41.433;0.5070873;1.715775;;
41.453;0.501631;1.699436;;
41.454;0.4969251;1.685831;;
41.478;0.4854735;1.654133;;
41.5769622;;;-0.805355067414515;-0.264863388935092
41.186;0.5795361;2.050889;;
41.208;0.5758846;2.020033;;
41.209;0.5758445;2.019666;;
41.23;0.573776;2.004128;;
41.231;0.5722643;1.993538;;
41.252;0.5691599;1.972888;;
41.254;0.5668535;1.958701;;
41.277;0.5611099;1.926205;;
41.278;0.5610564;1.925903;;
41.279;0.561047;1.925849;;
41.299;0.5549607;1.89502;;
41.321;0.5485356;1.865427;;
41.322;0.5484768;1.865156;;
41.344;0.5412083;1.834479;;
41.345;0.5412863;1.834808;;
41.366;0.533338;1.803908;;
41.367;0.5332682;1.803637;;
41.387;0.5293102;1.789125;;
41.389;0.5254087;1.775325;;
41.41;0.5156874;1.742721;;
41.411;0.5155917;1.7424;;
41.431;0.5112176;1.7285;;
41.433;0.5070873;1.715775;;
41.453;0.501631;1.699436;;
41.454;0.4969251;1.685831;;
41.478;0.4854735;1.654133;;
41.6551702;;;-0.805355067414515;-0.256781786357117
41.431;0.5112176;1.7285;;
41.433;0.5070873;1.715775;;
41.453;0.501631;1.699436;;
41.454;0.4969251;1.685831;;
41.478;0.4854735;1.654133;;
41.699;0.3565867;1.3859;;
41.7;0.3564689;1.385655;;
41.721;0.3394547;1.357812;;
41.722;0.3393088;1.357574;;
41.7333766;;;-0.00236972480145048;-0.236042413183197
41.699;0.3565867;1.3859;;
41.7;0.3564689;1.385655;;
41.721;0.3394547;1.357812;;
41.722;0.3393088;1.357574;;
41.743;0.3226981;1.331553;;
41.744;0.3225362;1.331299;;
41.765;0.3058789;1.306254;;
41.767;0.3056822;1.305958;;
41.788;0.2871121;1.279166;;
41.788;0.2871121;1.279166;;
41.811;0.2692496;1.254429;;
41.812;0.2601866;1.242253;;
41.8236153;;;0.0109479245309198;-0.274974367949868
41.699;0.3565867;1.3859;;
41.7;0.3564689;1.385655;;
41.721;0.3394547;1.357812;;
41.722;0.3393088;1.357574;;
41.743;0.3226981;1.331553;;
41.744;0.3225362;1.331299;;
41.765;0.3058789;1.306254;;
41.767;0.3056822;1.305958;;
41.788;0.2871121;1.279166;;
41.788;0.2871121;1.279166;;
41.811;0.2692496;1.254429;;
41.812;0.2601866;1.242253;;
41.834;0.250535;1.229502;;
41.835;0.2422131;1.218743;;
41.856;0.2307866;1.20423;;
41.858;0.222173;1.193527;;
41.878;0.2111791;1.180107;;
41.88;0.2006097;1.16748;;
41.9;0.191324;1.156596;;
41.901;0.191324;1.156596;;
41.9128521;;;0.0598588063728352;-0.343217650837611
41.699;0.3565867;1.3859;;
41.7;0.3564689;1.385655;;
41.721;0.3394547;1.357812;;
41.722;0.3393088;1.357574;;
41.743;0.3226981;1.331553;;
41.744;0.3225362;1.331299;;
41.765;0.3058789;1.306254;;
41.767;0.3056822;1.305958;;
41.788;0.2871121;1.279166;;
41.788;0.2871121;1.279166;;
41.811;0.2692496;1.254429;;
41.812;0.2601866;1.242253;;
41.834;0.250535;1.229502;;
41.835;0.2422131;1.218743;;
41.856;0.2307866;1.20423;;
41.858;0.222173;1.193527;;
41.878;0.2111791;1.180107;;
41.88;0.2006097;1.16748;;
41.9;0.191324;1.156596;;
41.901;0.191324;1.156596;;
41.921;0.1702565;1.132602;;
41.923;0.1700291;1.132343;;
41.943;0.149361;1.109697;;
41.944;0.1491491;1.109465;;
41.965;0.1277233;1.086866;;
41.966;0.1275126;1.086644;;
41.986;0.105353;1.06415;;
41.9910592;;;0.133627768380268;-0.404966498984622
41.765;0.3058789;1.306254;;
41.767;0.3056822;1.305958;;
41.788;0.2871121;1.279166;;
41.788;0.2871121;1.279166;;
41.811;0.2692496;1.254429;;
41.812;0.2601866;1.242253;;
41.834;0.250535;1.229502;;
41.835;0.2422131;1.218743;;
41.856;0.2307866;1.20423;;
41.858;0.222173;1.193527;;
41.878;0.2111791;1.180107;;
41.88;0.2006097;1.16748;;
41.9;0.191324;1.156596;;
41.901;0.191324;1.156596;;
41.921;0.1702565;1.132602;;
41.923;0.1700291;1.132343;;
41.943;0.149361;1.109697;;
41.944;0.1491491;1.109465;;
41.965;0.1277233;1.086866;;
41.966;0.1275126;1.086644;;
41.986;0.105353;1.06415;;
42.007;0.08360776;1.042899;;
42.008;0.08340558;1.042702;;
42.009;0.08334626;1.042644;;
42.029;0.06025223;1.020923;;
42.05;0.03696614;0.9998437;;
42.0687648;;;0.917379123655922;-0.374182881938954
41.856;0.2307866;1.20423;;
41.858;0.222173;1.193527;;
41.878;0.2111791;1.180107;;
41.88;0.2006097;1.16748;;
41.9;0.191324;1.156596;;
41.901;0.191324;1.156596;;
41.921;0.1702565;1.132602;;
41.923;0.1700291;1.132343;;
41.943;0.149361;1.109697;;
41.944;0.1491491;1.109465;;
41.965;0.1277233;1.086866;;
41.966;0.1275126;1.086644;;
41.986;0.105353;1.06415;;
42.007;0.08360776;1.042899;;
42.008;0.08340558;1.042702;;
42.009;0.08334626;1.042644;;
42.029;0.06025223;1.020923;;
42.05;0.03696614;0.9998437;;
42.072;0.01335549;0.9792767;;
42.074;0.01312469;0.9790756;;
42.096;-0.0102486;0.9594873;;
42.098;-0.01047768;0.9592953;;
42.118;-0.0351535;0.939406;;
42.119;-0.03540542;0.9392029;;
42.124;-0.03543571;0.9391785;;
42.141;-0.05997159;0.9201725;;
42.1469723;;;0.85699369098058;-0.232836385066338
41.921;0.1702565;1.132602;;
41.923;0.1700291;1.132343;;
41.943;0.149361;1.109697;;
41.944;0.1491491;1.109465;;
41.965;0.1277233;1.086866;;
41.966;0.1275126;1.086644;;
41.986;0.105353;1.06415;;
42.007;0.08360776;1.042899;;
42.008;0.08340558;1.042702;;
42.009;0.08334626;1.042644;;
42.029;0.06025223;1.020923;;
42.05;0.03696614;0.9998437;;
42.072;0.01335549;0.9792767;;
42.074;0.01312469;0.9790756;;
42.096;-0.0102486;0.9594873;;
42.098;-0.01047768;0.9592953;;
42.118;-0.0351535;0.939406;;
42.119;-0.03540542;0.9392029;;
42.124;-0.03543571;0.9391785;;
42.141;-0.05997159;0.9201725;;
42.161;-0.08517208;0.901401;;
42.162;-0.08549176;0.9011629;;
42.183;-0.1112639;0.8827342;;
42.184;-0.1112639;0.8827342;;
42.204;-0.1361358;0.8656516;;
42.205;-0.1363949;0.8654736;;
42.2256807;;;0.916794695422867;-0.11269101159126
42.007;0.08360776;1.042899;;
42.008;0.08340558;1.042702;;
42.009;0.08334626;1.042644;;
42.029;0.06025223;1.020923;;
42.05;0.03696614;0.9998437;;
42.072;0.01335549;0.9792767;;
42.074;0.01312469;0.9790756;;
42.096;-0.0102486;0.9594873;;
42.098;-0.01047768;0.9592953;;
42.118;-0.0351535;0.939406;;
42.119;-0.03540542;0.9392029;;
42.124;-0.03543571;0.9391785;;
42.141;-0.05997159;0.9201725;;
42.161;-0.08517208;0.901401;;
42.162;-0.08549176;0.9011629;;
42.183;-0.1112639;0.8827342;;
42.184;-0.1112639;0.8827342;;
42.204;-0.1361358;0.8656516;;
42.205;-0.1363949;0.8654736;;
42.227;-0.1622961;0.8483912;;
42.229;-0.1625585;0.8482182;;
42.251;-0.1895359;0.8311617;;
42.252;-0.1895359;0.8311617;;
42.272;-0.2156163;0.8153617;;
42.274;-0.215897;0.8151916;;
42.294;-0.2430108;0.799462;;
42.296;-0.2433035;0.7992923;;
42.3038876;;;0.71289834640301;0.0200889019052248
42.096;-0.0102486;0.9594873;;
42.098;-0.01047768;0.9592953;;
42.118;-0.0351535;0.939406;;
42.119;-0.03540542;0.9392029;;
42.124;-0.03543571;0.9391785;;
42.141;-0.05997159;0.9201725;;
42.161;-0.08517208;0.901401;;
42.162;-0.08549176;0.9011629;;
42.183;-0.1112639;0.8827342;;
42.184;-0.1112639;0.8827342;;
42.204;-0.1361358;0.8656516;;
42.205;-0.1363949;0.8654736;;
42.227;-0.1622961;0.8483912;;
42.229;-0.1625585;0.8482182;;
42.251;-0.1895359;0.8311617;;
42.252;-0.1895359;0.8311617;;
42.272;-0.2156163;0.8153617;;
42.274;-0.215897;0.8151916;;
42.294;-0.2430108;0.799462;;
42.296;-0.2433035;0.7992923;;
42.316;-0.2705136;0.7841978;;
42.317;-0.270766;0.7840577;;
42.337;-0.285188;0.776329;;
42.359;-0.3122184;0.7623373;;
42.38;-0.3400894;0.7485638;;
42.381;-0.3403651;0.7484275;;
42.382095;;;-0.0431567562922492;0.0955757227007631
42.161;-0.08517208;0.901401;;
42.162;-0.08549176;0.9011629;;
42.183;-0.1112639;0.8827342;;
42.184;-0.1112639;0.8827342;;
42.204;-0.1361358;0.8656516;;
42.205;-0.1363949;0.8654736;;
42.227;-0.1622961;0.8483912;;
42.229;-0.1625585;0.8482182;;
42.251;-0.1895359;0.8311617;;
42.252;-0.1895359;0.8311617;;
42.272;-0.2156163;0.8153617;;
42.274;-0.215897;0.8151916;;
42.294;-0.2430108;0.799462;;
42.296;-0.2433035;0.7992923;;
42.316;-0.2705136;0.7841978;;
42.317;-0.270766;0.7840577;;
42.337;-0.285188;0.776329;;
42.359;-0.3122184;0.7623373;;
42.38;-0.3400894;0.7485638;;
42.381;-0.3403651;0.7484275;;
42.402;-0.3683729;0.7352474;;
42.404;-0.3686627;0.735111;;
42.424;-0.3976888;0.7221299;;
42.425;-0.3979778;0.7220007;;
42.446;-0.4262837;0.7099845;;
42.447;-0.4262837;0.7099845;;
42.4598006;;;-0.109071774980907;0.153599330403564
42.251;-0.1895359;0.8311617;;
42.252;-0.1895359;0.8311617;;
42.272;-0.2156163;0.8153617;;
42.274;-0.215897;0.8151916;;
42.294;-0.2430108;0.799462;;
42.296;-0.2433035;0.7992923;;
42.316;-0.2705136;0.7841978;;
42.317;-0.270766;0.7840577;;
42.337;-0.285188;0.776329;;
42.359;-0.3122184;0.7623373;;
42.38;-0.3400894;0.7485638;;
42.381;-0.3403651;0.7484275;;
42.402;-0.3683729;0.7352474;;
42.404;-0.3686627;0.735111;;
42.424;-0.3976888;0.7221299;;
42.425;-0.3979778;0.7220007;;
42.446;-0.4262837;0.7099845;;
42.447;-0.4262837;0.7099845;;
42.468;-0.4551484;0.6983722;;
42.469;-0.4553937;0.6982735;;
42.49;-0.484599;0.6871672;;
42.491;-0.4848532;0.6870705;;
42.511;-0.5142393;0.676532;;
42.512;-0.5142393;0.676532;;
42.532;-0.5450201;0.6661673;;
42.5380077;;;-0.297967399083039;0.195881636097853
42.316;-0.2705136;0.7841978;;
42.317;-0.270766;0.7840577;;
42.337;-0.285188;0.776329;;
42.359;-0.3122184;0.7623373;;
42.38;-0.3400894;0.7485638;;
42.381;-0.3403651;0.7484275;;
42.402;-0.3683729;0.7352474;;
42.404;-0.3686627;0.735111;;
42.424;-0.3976888;0.7221299;;
42.425;-0.3979778;0.7220007;;
42.446;-0.4262837;0.7099845;;
42.447;-0.4262837;0.7099845;;
42.468;-0.4551484;0.6983722;;
42.469;-0.4553937;0.6982735;;
42.49;-0.484599;0.6871672;;
42.491;-0.4848532;0.6870705;;
42.511;-0.5142393;0.676532;;
42.512;-0.5142393;0.676532;;
42.532;-0.5450201;0.6661673;;
42.553;-0.5742514;0.6569411;;
42.554;-0.5745398;0.65685;;
42.575;-0.6042268;0.6480978;;
42.576;-0.6045833;0.6479927;;
42.604;-0.6344495;0.6398028;;
42.605;-0.6347176;0.6397293;;
42.6167162;;;-0.587076029547468;0.214071555920107
42.402;-0.3683729;0.7352474;;
42.404;-0.3686627;0.735111;;
42.424;-0.3976888;0.7221299;;
42.425;-0.3979778;0.7220007;;
42.446;-0.4262837;0.7099845;;
42.447;-0.4262837;0.7099845;;
42.468;-0.4551484;0.6983722;;
42.469;-0.4553937;0.6982735;;
42.49;-0.484599;0.6871672;;
42.491;-0.4848532;0.6870705;;
42.511;-0.5142393;0.676532;;
42.512;-0.5142393;0.676532;;
42.532;-0.5450201;0.6661673;;
42.553;-0.5742514;0.6569411;;
42.554;-0.5745398;0.65685;;
42.575;-0.6042268;0.6480978;;
42.576;-0.6045833;0.6479927;;
42.604;-0.6344495;0.6398028;;
42.605;-0.6347176;0.6397293;;
42.617;-0.664817;0.6320918;;
42.619;-0.665422;0.6319383;;
42.64;-0.6955057;0.6249187;;
42.642;-0.6961294;0.6247732;;
42.662;-0.7261142;0.618374;;
42.664;-0.7264373;0.618305;;
42.684;-0.7573044;0.612332;;
42.685;-0.7576197;0.612271;;
42.6944221;;;-0.0127882015924572;0.213203349520857
42.468;-0.4551484;0.6983722;;
42.469;-0.4553937;0.6982735;;
42.49;-0.484599;0.6871672;;
42.491;-0.4848532;0.6870705;;
42.511;-0.5142393;0.676532;;
42.512;-0.5142393;0.676532;;
42.532;-0.5450201;0.6661673;;
42.553;-0.5742514;0.6569411;;
42.554;-0.5745398;0.65685;;
42.575;-0.6042268;0.6480978;;
42.576;-0.6045833;0.6479927;;
42.604;-0.6344495;0.6398028;;
42.605;-0.6347176;0.6397293;;
42.617;-0.664817;0.6320918;;
42.619;-0.665422;0.6319383;;
42.64;-0.6955057;0.6249187;;
42.642;-0.6961294;0.6247732;;
42.662;-0.7261142;0.618374;;
42.664;-0.7264373;0.618305;;
42.684;-0.7573044;0.612332;;
42.685;-0.7576197;0.612271;;
42.708;-0.788429;0.6069223;;
42.709;-0.7887617;0.6068645;;
42.73;-0.819557;0.6021264;;
42.731;-0.8198674;0.6020786;;
42.752;-0.8505012;0.5979612;;
42.753;-0.8507842;0.5979232;;
42.7731317;;;-0.159148258611558;0.199028667592317
42.553;-0.5742514;0.6569411;;
42.554;-0.5745398;0.65685;;
42.575;-0.6042268;0.6480978;;
42.576;-0.6045833;0.6479927;;
42.604;-0.6344495;0.6398028;;
42.605;-0.6347176;0.6397293;;
42.617;-0.664817;0.6320918;;
42.619;-0.665422;0.6319383;;
42.64;-0.6955057;0.6249187;;
42.642;-0.6961294;0.6247732;;
42.662;-0.7261142;0.618374;;
42.664;-0.7264373;0.618305;;
42.684;-0.7573044;0.612332;;
42.685;-0.7576197;0.612271;;
42.708;-0.788429;0.6069223;;
42.709;-0.7887617;0.6068645;;
42.73;-0.819557;0.6021264;;
42.731;-0.8198674;0.6020786;;
42.752;-0.8505012;0.5979612;;
42.753;-0.8507842;0.5979232;;
42.774;-0.88152;0.5943846;;
42.774;-0.8815284;0.5943836;;
42.796;-0.9130659;0.5913578;;
42.797;-0.9134263;0.5913232;;
42.817;-0.9444968;0.5889512;;
42.818;-0.9448087;0.5889273;;
42.839;-0.9604757;0.587957;;
42.84;-0.9725529;0.5873211;;
42.8508364;;;-0.795470606818026;0.127751216493079
42.64;-0.6955057;0.6249187;;
42.642;-0.6961294;0.6247732;;
42.662;-0.7261142;0.618374;;
42.664;-0.7264373;0.618305;;
42.684;-0.7573044;0.612332;;
42.685;-0.7576197;0.612271;;
42.708;-0.788429;0.6069223;;
42.709;-0.7887617;0.6068645;;
42.73;-0.819557;0.6021264;;
42.731;-0.8198674;0.6020786;;
42.752;-0.8505012;0.5979612;;
42.753;-0.8507842;0.5979232;;
42.774;-0.88152;0.5943846;;
42.774;-0.8815284;0.5943836;;
42.796;-0.9130659;0.5913578;;
42.797;-0.9134263;0.5913232;;
42.817;-0.9444968;0.5889512;;
42.818;-0.9448087;0.5889273;;
42.839;-0.9604757;0.587957;;
42.84;-0.9725529;0.5873211;;
42.862;-0.9913129;0.5864854;;
42.863;-1.004926;0.5860317;;
42.883;-1.022676;0.5855832;;
42.885;-1.039624;0.5853435;;
42.905;-1.054716;0.5852793;;
42.907;-1.054884;0.5852786;;
42.927;-1.084651;0.5855629;;
42.929;-1.084974;0.585566;;
42.9295453;;;-0.826426953718762;0.0477466563181594
42.708;-0.788429;0.6069223;;
42.709;-0.7887617;0.6068645;;
42.73;-0.819557;0.6021264;;
42.731;-0.8198674;0.6020786;;
42.752;-0.8505012;0.5979612;;
42.753;-0.8507842;0.5979232;;
42.774;-0.88152;0.5943846;;
42.774;-0.8815284;0.5943836;;
42.796;-0.9130659;0.5913578;;
42.797;-0.9134263;0.5913232;;
42.817;-0.9444968;0.5889512;;
42.818;-0.9448087;0.5889273;;
42.839;-0.9604757;0.587957;;
42.84;-0.9725529;0.5873211;;
42.862;-0.9913129;0.5864854;;
42.863;-1.004926;0.5860317;;
42.883;-1.022676;0.5855832;;
42.885;-1.039624;0.5853435;;
42.905;-1.054716;0.5852793;;
42.907;-1.054884;0.5852786;;
42.927;-1.084651;0.5855629;;
42.929;-1.084974;0.585566;;
42.949;-1.11606;0.5864448;;
42.95;-1.116391;0.5864542;;
42.97;-1.148718;0.5879995;;
42.971;-1.149055;0.5880156;;
42.992;-1.178764;0.5900051;;
42.993;-1.179068;0.5900254;;
43.0077517;;;-0.668451482409338;-0.084405894187279
42.796;-0.9130659;0.5913578;;
42.797;-0.9134263;0.5913232;;
42.817;-0.9444968;0.5889512;;
42.818;-0.9448087;0.5889273;;
42.839;-0.9604757;0.587957;;
42.84;-0.9725529;0.5873211;;
42.862;-0.9913129;0.5864854;;
42.863;-1.004926;0.5860317;;
42.883;-1.022676;0.5855832;;
42.885;-1.039624;0.5853435;;
42.905;-1.054716;0.5852793;;
42.907;-1.054884;0.5852786;;
42.927;-1.084651;0.5855629;;
42.929;-1.084974;0.585566;;
42.949;-1.11606;0.5864448;;
42.95;-1.116391;0.5864542;;
42.97;-1.148718;0.5879995;;
42.971;-1.149055;0.5880156;;
42.992;-1.178764;0.5900051;;
42.993;-1.179068;0.5900254;;
43.014;-1.21053;0.5927256;;
43.015;-1.21053;0.5927256;;
43.035;-1.242284;0.5960744;;
43.057;-1.273013;0.5999066;;
43.079;-1.305658;0.6046253;;
43.0854578;;;0.00130966176748899;-0.155712896621703
42.862;-0.9913129;0.5864854;;
42.863;-1.004926;0.5860317;;
42.883;-1.022676;0.5855832;;
42.885;-1.039624;0.5853435;;
42.905;-1.054716;0.5852793;;
42.907;-1.054884;0.5852786;;
42.927;-1.084651;0.5855629;;
42.929;-1.084974;0.585566;;
42.949;-1.11606;0.5864448;;
42.95;-1.116391;0.5864542;;
42.97;-1.148718;0.5879995;;
42.971;-1.149055;0.5880156;;
42.992;-1.178764;0.5900051;;
42.993;-1.179068;0.5900254;;
43.014;-1.21053;0.5927256;;
43.015;-1.21053;0.5927256;;
43.035;-1.242284;0.5960744;;
43.057;-1.273013;0.5999066;;
43.079;-1.305658;0.6046253;;
43.143;-1.396976;0.6214216;;
43.1631645;;;0.133473925566588;-0.22098962744306
42.949;-1.11606;0.5864448;;
42.95;-1.116391;0.5864542;;
42.97;-1.148718;0.5879995;;
42.971;-1.149055;0.5880156;;
42.992;-1.178764;0.5900051;;
42.993;-1.179068;0.5900254;;
43.014;-1.21053;0.5927256;;
43.015;-1.21053;0.5927256;;
43.035;-1.242284;0.5960744;;
43.057;-1.273013;0.5999066;;
43.079;-1.305658;0.6046253;;
43.143;-1.396976;0.6214216;;
43.164;-1.42777;0.6282908;;
43.166;-1.428131;0.6283712;;
43.186;-1.442617;0.6318258;;
43.207;-1.473732;0.6397184;;
43.209;-1.474051;0.6397993;;
43.229;-1.503444;0.6478605;;
43.2418724;;;0.025902030970686;-0.278239320395753
42.97;-1.148718;0.5879995;;
42.971;-1.149055;0.5880156;;
42.992;-1.178764;0.5900051;;
42.993;-1.179068;0.5900254;;
43.014;-1.21053;0.5927256;;
43.015;-1.21053;0.5927256;;
43.035;-1.242284;0.5960744;;
43.057;-1.273013;0.5999066;;
43.079;-1.305658;0.6046253;;
43.143;-1.396976;0.6214216;;
43.164;-1.42777;0.6282908;;
43.166;-1.428131;0.6283712;;
43.186;-1.442617;0.6318258;;
43.207;-1.473732;0.6397184;;
43.209;-1.474051;0.6397993;;
43.229;-1.503444;0.6478605;;
43.251;-1.533604;0.6567428;;
43.3311086;;;0.0149845089034163;-0.273394214962781
43.079;-1.305658;0.6046253;;
43.143;-1.396976;0.6214216;;
43.164;-1.42777;0.6282908;;
43.166;-1.428131;0.6283712;;
43.186;-1.442617;0.6318258;;
43.207;-1.473732;0.6397184;;
43.209;-1.474051;0.6397993;;
43.229;-1.503444;0.6478605;;
43.251;-1.533604;0.6567428;;
43.339;-1.652222;0.6979393;;
43.363;-1.681295;0.709605;;
43.4103183;;;0.073992014995328;-0.258138899131428
43.079;-1.305658;0.6046253;;
43.143;-1.396976;0.6214216;;
43.164;-1.42777;0.6282908;;
43.166;-1.428131;0.6283712;;
43.186;-1.442617;0.6318258;;
43.207;-1.473732;0.6397184;;
43.209;-1.474051;0.6397993;;
43.229;-1.503444;0.6478605;;
43.251;-1.533604;0.6567428;;
43.339;-1.652222;0.6979393;;
43.363;-1.681295;0.709605;;
43.4990535;;;0.073992014995328;-0.227142281291565
43.079;-1.305658;0.6046253;;
43.143;-1.396976;0.6214216;;
43.164;-1.42777;0.6282908;;
43.166;-1.428131;0.6283712;;
43.186;-1.442617;0.6318258;;
43.207;-1.473732;0.6397184;;
43.209;-1.474051;0.6397993;;
43.229;-1.503444;0.6478605;;
43.251;-1.533604;0.6567428;;
43.339;-1.652222;0.6979393;;
43.363;-1.681295;0.709605;;
43.5902951;;;0.073992014995328;-0.172053277579665
43.079;-1.305658;0.6046253;;
43.143;-1.396976;0.6214216;;
43.164;-1.42777;0.6282908;;
43.166;-1.428131;0.6283712;;
43.186;-1.442617;0.6318258;;
43.207;-1.473732;0.6397184;;
43.209;-1.474051;0.6397993;;
43.229;-1.503444;0.6478605;;
43.251;-1.533604;0.6567428;;
43.339;-1.652222;0.6979393;;
43.363;-1.681295;0.709605;;
43.6780275;;;0.073992014995328;-0.164821592864016
43.687;-2.072996;0.9391817;;
43.689;-2.073263;0.9393381;;
43.69;-2.082866;0.9469984;;
43.692;-2.085118;0.948795;;
43.693;-2.08584;0.949371;;
43.694;-2.08584;0.949371;;
43.696;-2.08584;0.949371;;
43.697;-2.08584;0.949371;;
43.699;-2.08584;0.949371;;
43.713;-2.110016;0.969254;;
43.714;-2.110437;0.9696009;;
43.735;-2.133375;0.9892119;;
43.7567359;;;-0.0209204598566804;-0.153302609634443
43.687;-2.072996;0.9391817;;
43.689;-2.073263;0.9393381;;
43.69;-2.082866;0.9469984;;
43.692;-2.085118;0.948795;;
43.693;-2.08584;0.949371;;
43.694;-2.08584;0.949371;;
43.696;-2.08584;0.949371;;
43.697;-2.08584;0.949371;;
43.699;-2.08584;0.949371;;
43.713;-2.110016;0.969254;;
43.714;-2.110437;0.9696009;;
43.735;-2.133375;0.9892119;;
43.758;-2.157434;1.010566;;
43.781;-2.180552;1.031913;;
43.783;-2.180776;1.03212;;
43.804;-2.20309;1.053531;;
43.805;-2.203283;1.053716;;
43.826;-2.22516;1.075518;;
43.827;-2.225353;1.075711;;
43.8449699;;;-0.00470552962688224;-0.0874055198685144
43.687;-2.072996;0.9391817;;
43.689;-2.073263;0.9393381;;
43.69;-2.082866;0.9469984;;
43.692;-2.085118;0.948795;;
43.693;-2.08584;0.949371;;
43.694;-2.08584;0.949371;;
43.696;-2.08584;0.949371;;
43.697;-2.08584;0.949371;;
43.699;-2.08584;0.949371;;
43.713;-2.110016;0.969254;;
43.714;-2.110437;0.9696009;;
43.735;-2.133375;0.9892119;;
43.758;-2.157434;1.010566;;
43.781;-2.180552;1.031913;;
43.783;-2.180776;1.03212;;
43.804;-2.20309;1.053531;;
43.805;-2.203283;1.053716;;
43.826;-2.22516;1.075518;;
43.827;-2.225353;1.075711;;
43.848;-2.247264;1.098401;;
43.849;-2.247461;1.098605;;
43.87;-2.268209;1.120925;;
43.893;-2.289337;1.144531;;
43.914;-2.310271;1.168853;;
43.915;-2.310522;1.169145;;
43.9236783;;;0.000707201750990746;-0.0184776735793683
43.687;-2.072996;0.9391817;;
43.689;-2.073263;0.9393381;;
43.69;-2.082866;0.9469984;;
43.692;-2.085118;0.948795;;
43.693;-2.08584;0.949371;;
43.694;-2.08584;0.949371;;
43.696;-2.08584;0.949371;;
43.697;-2.08584;0.949371;;
43.699;-2.08584;0.949371;;
43.713;-2.110016;0.969254;;
43.714;-2.110437;0.9696009;;
43.735;-2.133375;0.9892119;;
43.758;-2.157434;1.010566;;
43.781;-2.180552;1.031913;;
43.783;-2.180776;1.03212;;
43.804;-2.20309;1.053531;;
43.805;-2.203283;1.053716;;
43.826;-2.22516;1.075518;;
43.827;-2.225353;1.075711;;
43.848;-2.247264;1.098401;;
43.849;-2.247461;1.098605;;
43.87;-2.268209;1.120925;;
43.893;-2.289337;1.144531;;
43.914;-2.310271;1.168853;;
43.915;-2.310522;1.169145;;
43.959;-2.349522;1.217203;;
43.96;-2.349702;1.217425;;
43.981;-2.368361;1.241802;;
44.0018852;;;-0.348766512231651;0.00816274060210563
43.781;-2.180552;1.031913;;
43.783;-2.180776;1.03212;;
43.804;-2.20309;1.053531;;
43.805;-2.203283;1.053716;;
43.826;-2.22516;1.075518;;
43.827;-2.225353;1.075711;;
43.848;-2.247264;1.098401;;
43.849;-2.247461;1.098605;;
43.87;-2.268209;1.120925;;
43.893;-2.289337;1.144531;;
43.914;-2.310271;1.168853;;
43.915;-2.310522;1.169145;;
43.959;-2.349522;1.217203;;
43.96;-2.349702;1.217425;;
43.981;-2.368361;1.241802;;
44.003;-2.387108;1.267265;;
44.025;-2.404973;1.292533;;
44.026;-2.405147;1.292774;;
44.027;-2.405177;1.292816;;
44.048;-2.422809;1.3188;;
44.069;-2.439673;1.344694;;
44.07;-2.440018;1.345225;;
44.0800921;;;-0.799815390394916;-0.0585976804114281
43.87;-2.268209;1.120925;;
43.893;-2.289337;1.144531;;
43.914;-2.310271;1.168853;;
43.915;-2.310522;1.169145;;
43.959;-2.349522;1.217203;;
43.96;-2.349702;1.217425;;
43.981;-2.368361;1.241802;;
44.003;-2.387108;1.267265;;
44.025;-2.404973;1.292533;;
44.026;-2.405147;1.292774;;
44.027;-2.405177;1.292816;;
44.048;-2.422809;1.3188;;
44.069;-2.439673;1.344694;;
44.07;-2.440018;1.345225;;
44.094;-2.448693;1.35898;;
44.095;-2.448768;1.359099;;
44.096;-2.44878;1.359118;;
44.113;-2.456696;1.371945;;
44.134;-2.478444;1.408615;;
44.136;-2.47867;1.408995;;
44.158;-2.503247;1.453302;;
44.1582997;;;-0.897402644670197;-0.144504061264493
43.959;-2.349522;1.217203;;
43.96;-2.349702;1.217425;;
43.981;-2.368361;1.241802;;
44.003;-2.387108;1.267265;;
44.025;-2.404973;1.292533;;
44.026;-2.405147;1.292774;;
44.027;-2.405177;1.292816;;
44.048;-2.422809;1.3188;;
44.069;-2.439673;1.344694;;
44.07;-2.440018;1.345225;;
44.094;-2.448693;1.35898;;
44.095;-2.448768;1.359099;;
44.096;-2.44878;1.359118;;
44.113;-2.456696;1.371945;;
44.134;-2.478444;1.408615;;
44.136;-2.47867;1.408995;;
44.158;-2.503247;1.453302;;
44.16;-2.503733;1.454179;;
44.181;-2.517963;1.481421;;
44.183;-2.518132;1.481744;;
44.203;-2.532017;1.509612;;
44.204;-2.532163;1.509904;;
44.205;-2.532194;1.509967;;
44.226;-2.545244;1.537452;;
44.2360054;;;-0.715990318488853;-0.206328423719455
44.003;-2.387108;1.267265;;
44.025;-2.404973;1.292533;;
44.026;-2.405147;1.292774;;
44.027;-2.405177;1.292816;;
44.048;-2.422809;1.3188;;
44.069;-2.439673;1.344694;;
44.07;-2.440018;1.345225;;
44.094;-2.448693;1.35898;;
44.095;-2.448768;1.359099;;
44.096;-2.44878;1.359118;;
44.113;-2.456696;1.371945;;
44.134;-2.478444;1.408615;;
44.136;-2.47867;1.408995;;
44.158;-2.503247;1.453302;;
44.16;-2.503733;1.454179;;
44.181;-2.517963;1.481421;;
44.183;-2.518132;1.481744;;
44.203;-2.532017;1.509612;;
44.204;-2.532163;1.509904;;
44.205;-2.532194;1.509967;;
44.226;-2.545244;1.537452;;
44.249;-2.558518;1.566835;;
44.25;-2.558629;1.56708;;
44.251;-2.558656;1.56714;;
44.271;-2.570642;1.595103;;
44.293;-2.582789;1.624995;;
44.294;-2.582907;1.625285;;
44.314714;;;-0.225141496565501;-0.226338924175198
44.094;-2.448693;1.35898;;
44.095;-2.448768;1.359099;;
44.096;-2.44878;1.359118;;
44.113;-2.456696;1.371945;;
44.134;-2.478444;1.408615;;
44.136;-2.47867;1.408995;;
44.158;-2.503247;1.453302;;
44.16;-2.503733;1.454179;;
44.181;-2.517963;1.481421;;
44.183;-2.518132;1.481744;;
44.203;-2.532017;1.509612;;
44.204;-2.532163;1.509904;;
44.205;-2.532194;1.509967;;
44.226;-2.545244;1.537452;;
44.249;-2.558518;1.566835;;
44.25;-2.558629;1.56708;;
44.251;-2.558656;1.56714;;
44.271;-2.570642;1.595103;;
44.293;-2.582789;1.624995;;
44.294;-2.582907;1.625285;;
44.315;-2.59378;1.653598;;
44.316;-2.593785;1.653612;;
44.337;-2.604317;1.682644;;
44.339;-2.60453;1.683232;;
44.36;-2.614412;1.712193;;
44.361;-2.614605;1.712759;;
44.362;-2.614642;1.712865;;
44.383;-2.624494;1.743681;;
44.3934225;;;0.119972179441653;-0.222507243804671
44.158;-2.503247;1.453302;;
44.16;-2.503733;1.454179;;
44.181;-2.517963;1.481421;;
44.183;-2.518132;1.481744;;
44.203;-2.532017;1.509612;;
44.204;-2.532163;1.509904;;
44.205;-2.532194;1.509967;;
44.226;-2.545244;1.537452;;
44.249;-2.558518;1.566835;;
44.25;-2.558629;1.56708;;
44.251;-2.558656;1.56714;;
44.271;-2.570642;1.595103;;
44.293;-2.582789;1.624995;;
44.294;-2.582907;1.625285;;
44.315;-2.59378;1.653598;;
44.316;-2.593785;1.653612;;
44.337;-2.604317;1.682644;;
44.339;-2.60453;1.683232;;
44.36;-2.614412;1.712193;;
44.361;-2.614605;1.712759;;
44.362;-2.614642;1.712865;;
44.383;-2.624494;1.743681;;
44.405;-2.633178;1.772754;;
44.406;-2.633252;1.773002;;
44.428;-2.641462;1.802482;;
44.43;-2.641543;1.802773;;
44.431;-2.641554;1.802814;;
44.451;-2.649637;1.834187;;
44.4711283;;;0.0153871644089096;-0.227390981353539
44.249;-2.558518;1.566835;;
44.25;-2.558629;1.56708;;
44.251;-2.558656;1.56714;;
44.271;-2.570642;1.595103;;
44.293;-2.582789;1.624995;;
44.294;-2.582907;1.625285;;
44.315;-2.59378;1.653598;;
44.316;-2.593785;1.653612;;
44.337;-2.604317;1.682644;;
44.339;-2.60453;1.683232;;
44.36;-2.614412;1.712193;;
44.361;-2.614605;1.712759;;
44.362;-2.614642;1.712865;;
44.383;-2.624494;1.743681;;
44.405;-2.633178;1.772754;;
44.406;-2.633252;1.773002;;
44.428;-2.641462;1.802482;;
44.43;-2.641543;1.802773;;
44.431;-2.641554;1.802814;;
44.451;-2.649637;1.834187;;
44.472;-2.656574;1.863387;;
44.474;-2.656661;1.863755;;
44.475;-2.656738;1.86408;;
44.494;-2.663425;1.894842;;
44.516;-2.669514;1.92566;;
44.518;-2.669574;1.925965;;
44.539;-2.674817;1.955455;;
44.54;-2.674919;1.956029;;
44.542;-2.67494;1.956147;;
44.5493355;;;0.0192345081451211;-0.23195410692439
44.315;-2.59378;1.653598;;
44.316;-2.593785;1.653612;;
44.337;-2.604317;1.682644;;
44.339;-2.60453;1.683232;;
44.36;-2.614412;1.712193;;
44.361;-2.614605;1.712759;;
44.362;-2.614642;1.712865;;
44.383;-2.624494;1.743681;;
44.405;-2.633178;1.772754;;
44.406;-2.633252;1.773002;;
44.428;-2.641462;1.802482;;
44.43;-2.641543;1.802773;;
44.431;-2.641554;1.802814;;
44.451;-2.649637;1.834187;;
44.472;-2.656574;1.863387;;
44.474;-2.656661;1.863755;;
44.475;-2.656738;1.86408;;
44.494;-2.663425;1.894842;;
44.516;-2.669514;1.92566;;
44.518;-2.669574;1.925965;;
44.539;-2.674817;1.955455;;
44.54;-2.674919;1.956029;;
44.542;-2.67494;1.956147;;
44.564;-2.677662;1.972858;;
44.565;-2.677687;1.973017;;
44.585;-2.682194;2.003481;;
44.587;-2.682194;2.003481;;
44.607;-2.687845;2.04906;;
44.6160118;;;0.0298568780908277;-0.235632034999765
44.383;-2.624494;1.743681;;
44.405;-2.633178;1.772754;;
44.406;-2.633252;1.773002;;
44.428;-2.641462;1.802482;;
44.43;-2.641543;1.802773;;
44.431;-2.641554;1.802814;;
44.451;-2.649637;1.834187;;
44.472;-2.656574;1.863387;;
44.474;-2.656661;1.863755;;
44.475;-2.656738;1.86408;;
44.494;-2.663425;1.894842;;
44.516;-2.669514;1.92566;;
44.518;-2.669574;1.925965;;
44.539;-2.674817;1.955455;;
44.54;-2.674919;1.956029;;
44.542;-2.67494;1.956147;;
44.564;-2.677662;1.972858;;
44.565;-2.677687;1.973017;;
44.585;-2.682194;2.003481;;
44.587;-2.682194;2.003481;;
44.607;-2.687845;2.04906;;
44.629;-2.691032;2.080796;;
44.63;-2.691032;2.080796;;
44.65;-2.693515;2.111519;;
44.651;-2.69354;2.111839;;
44.673;-2.695419;2.142291;;
44.675;-2.695471;2.14314;;
44.6952222;;;-0.0277233932551045;-0.2361989461163
44.472;-2.656574;1.863387;;
44.474;-2.656661;1.863755;;
44.475;-2.656738;1.86408;;
44.494;-2.663425;1.894842;;
44.516;-2.669514;1.92566;;
44.518;-2.669574;1.925965;;
44.539;-2.674817;1.955455;;
44.54;-2.674919;1.956029;;
44.542;-2.67494;1.956147;;
44.564;-2.677662;1.972858;;
44.565;-2.677687;1.973017;;
44.585;-2.682194;2.003481;;
44.587;-2.682194;2.003481;;
44.607;-2.687845;2.04906;;
44.629;-2.691032;2.080796;;
44.63;-2.691032;2.080796;;
44.65;-2.693515;2.111519;;
44.651;-2.69354;2.111839;;
44.673;-2.695419;2.142291;;
44.675;-2.695471;2.14314;;
44.697;-2.696796;2.17424;;
44.698;-2.696811;2.174595;;
44.699;-2.696811;2.174595;;
44.719;-2.697559;2.207303;;
44.741;-2.697674;2.238029;;
44.743;-2.697675;2.23834;;
44.765;-2.697216;2.268633;;
44.767;-2.697211;2.268931;;
44.768;-2.697211;2.268964;;
44.7729279;;;0.207748404262649;-0.218494451625506
44.539;-2.674817;1.955455;;
44.54;-2.674919;1.956029;;
44.542;-2.67494;1.956147;;
44.564;-2.677662;1.972858;;
44.565;-2.677687;1.973017;;
44.585;-2.682194;2.003481;;
44.587;-2.682194;2.003481;;
44.607;-2.687845;2.04906;;
44.629;-2.691032;2.080796;;
44.63;-2.691032;2.080796;;
44.65;-2.693515;2.111519;;
44.651;-2.69354;2.111839;;
44.673;-2.695419;2.142291;;
44.675;-2.695471;2.14314;;
44.697;-2.696796;2.17424;;
44.698;-2.696811;2.174595;;
44.699;-2.696811;2.174595;;
44.719;-2.697559;2.207303;;
44.741;-2.697674;2.238029;;
44.743;-2.697675;2.23834;;
44.765;-2.697216;2.268633;;
44.767;-2.697211;2.268931;;
44.768;-2.697211;2.268964;;
44.787;-2.696106;2.301154;;
44.788;-2.696106;2.301154;;
44.808;-2.694519;2.330925;;
44.809;-2.694503;2.331232;;
44.83;-2.692207;2.362976;;
44.8496307;;;0.250196450276954;-0.197703680915009
44.629;-2.691032;2.080796;;
44.63;-2.691032;2.080796;;
44.65;-2.693515;2.111519;;
44.651;-2.69354;2.111839;;
44.673;-2.695419;2.142291;;
44.675;-2.695471;2.14314;;
44.697;-2.696796;2.17424;;
44.698;-2.696811;2.174595;;
44.699;-2.696811;2.174595;;
44.719;-2.697559;2.207303;;
44.741;-2.697674;2.238029;;
44.743;-2.697675;2.23834;;
44.765;-2.697216;2.268633;;
44.767;-2.697211;2.268931;;
44.768;-2.697211;2.268964;;
44.787;-2.696106;2.301154;;
44.788;-2.696106;2.301154;;
44.808;-2.694519;2.330925;;
44.809;-2.694503;2.331232;;
44.83;-2.692207;2.362976;;
44.851;-2.689373;2.393955;;
44.852;-2.689371;2.393979;;
44.874;-2.686003;2.424453;;
44.875;-2.685971;2.42475;;
44.897;-2.68184;2.456491;;
44.898;-2.681803;2.456781;;
44.92;-2.677252;2.487193;;
44.921;-2.677252;2.487193;;
44.921;-2.677252;2.487193;;
44.9283391;;;0.731663646308775;-0.107667834369973
44.697;-2.696796;2.17424;;
44.698;-2.696811;2.174595;;
44.699;-2.696811;2.174595;;
44.719;-2.697559;2.207303;;
44.741;-2.697674;2.238029;;
44.743;-2.697675;2.23834;;
44.765;-2.697216;2.268633;;
44.767;-2.697211;2.268931;;
44.768;-2.697211;2.268964;;
44.787;-2.696106;2.301154;;
44.788;-2.696106;2.301154;;
44.808;-2.694519;2.330925;;
44.809;-2.694503;2.331232;;
44.83;-2.692207;2.362976;;
44.851;-2.689373;2.393955;;
44.852;-2.689371;2.393979;;
44.874;-2.686003;2.424453;;
44.875;-2.685971;2.42475;;
44.897;-2.68184;2.456491;;
44.898;-2.681803;2.456781;;
44.92;-2.677252;2.487193;;
44.921;-2.677252;2.487193;;
44.921;-2.677252;2.487193;;
44.942;-2.671937;2.51858;;
44.964;-2.666199;2.548959;;
44.965;-2.666145;2.549242;;
44.985;-2.659824;2.579526;;
45.0060448;;;0.555703022003313;0.00529203332987897
44.741;-2.697674;2.238029;;
44.743;-2.697675;2.23834;;
44.765;-2.697216;2.268633;;
44.767;-2.697211;2.268931;;
44.768;-2.697211;2.268964;;
44.787;-2.696106;2.301154;;
44.788;-2.696106;2.301154;;
44.808;-2.694519;2.330925;;
44.809;-2.694503;2.331232;;
44.83;-2.692207;2.362976;;
44.851;-2.689373;2.393955;;
44.852;-2.689371;2.393979;;
44.874;-2.686003;2.424453;;
44.875;-2.685971;2.42475;;
44.897;-2.68184;2.456491;;
44.898;-2.681803;2.456781;;
44.92;-2.677252;2.487193;;
44.921;-2.677252;2.487193;;
44.921;-2.677252;2.487193;;
44.942;-2.671937;2.51858;;
44.964;-2.666199;2.548959;;
44.965;-2.666145;2.549242;;
44.985;-2.659824;2.579526;;
45.008;-2.652737;2.610508;;
45.031;-2.645285;2.640488;;
45.0847532;;;0.698176613498762;0.138256971510626
44.808;-2.694519;2.330925;;
44.809;-2.694503;2.331232;;
44.83;-2.692207;2.362976;;
44.851;-2.689373;2.393955;;
44.852;-2.689371;2.393979;;
44.874;-2.686003;2.424453;;
44.875;-2.685971;2.42475;;
44.897;-2.68184;2.456491;;
44.898;-2.681803;2.456781;;
44.92;-2.677252;2.487193;;
44.921;-2.677252;2.487193;;
44.921;-2.677252;2.487193;;
44.942;-2.671937;2.51858;;
44.964;-2.666199;2.548959;;
44.965;-2.666145;2.549242;;
44.985;-2.659824;2.579526;;
45.008;-2.652737;2.610508;;
45.031;-2.645285;2.640488;;
45.099;-2.619087;2.730914;;
45.1629606;;;0.819823218602963;0.266241432934943
44.808;-2.694519;2.330925;;
44.809;-2.694503;2.331232;;
44.83;-2.692207;2.362976;;
44.851;-2.689373;2.393955;;
44.852;-2.689371;2.393979;;
44.874;-2.686003;2.424453;;
44.875;-2.685971;2.42475;;
44.897;-2.68184;2.456491;;
44.898;-2.681803;2.456781;;
44.92;-2.677252;2.487193;;
44.921;-2.677252;2.487193;;
44.921;-2.677252;2.487193;;
44.942;-2.671937;2.51858;;
44.964;-2.666199;2.548959;;
44.965;-2.666145;2.549242;;
44.985;-2.659824;2.579526;;
45.008;-2.652737;2.610508;;
45.031;-2.645285;2.640488;;
45.099;-2.619087;2.730914;;
45.2406672;;;0.819823218602963;0.353321825865649
45.008;-2.652737;2.610508;;
45.031;-2.645285;2.640488;;
45.099;-2.619087;2.730914;;
45.298;-2.509938;2.991492;;
45.3193749;;;-0.128340138413667;0.332629132711039
45.008;-2.652737;2.610508;;
45.031;-2.645285;2.640488;;
45.099;-2.619087;2.730914;;
45.298;-2.509938;2.991492;;
45.4091134;;;-0.128340138413667;0.320651857475824
45.298;-2.509938;2.991492;;
45.409;-2.430104;3.127566;;
45.433;-2.4129;3.153382;;
45.434;-2.412614;3.153813;;
45.454;-2.395199;3.178877;;
45.455;-2.395024;3.179128;;
45.476;-2.377165;3.203824;;
45.478;-2.37679;3.204342;;
45.4978476;;;0.00339782516009268;0.319332133893738
45.298;-2.509938;2.991492;;
45.409;-2.430104;3.127566;;
45.433;-2.4129;3.153382;;
45.434;-2.412614;3.153813;;
45.454;-2.395199;3.178877;;
45.455;-2.395024;3.179128;;
45.476;-2.377165;3.203824;;
45.478;-2.37679;3.204342;;
45.501;-2.357246;3.230291;;
45.511;-2.357044;3.230559;;
45.523;-2.338959;3.253639;;
45.524;-2.338639;3.254047;;
45.545;-2.318819;3.27839;;
45.546;-2.31862;3.278635;;
45.567;-2.297818;3.303188;;
45.568;-2.297613;3.30343;;
45.5770573;;;-0.0300001246282418;0.314344050333816
45.409;-2.430104;3.127566;;
45.433;-2.4129;3.153382;;
45.434;-2.412614;3.153813;;
45.454;-2.395199;3.178877;;
45.455;-2.395024;3.179128;;
45.476;-2.377165;3.203824;;
45.478;-2.37679;3.204342;;
45.501;-2.357246;3.230291;;
45.511;-2.357044;3.230559;;
45.523;-2.338959;3.253639;;
45.524;-2.338639;3.254047;;
45.545;-2.318819;3.27839;;
45.546;-2.31862;3.278635;;
45.567;-2.297818;3.303188;;
45.568;-2.297613;3.30343;;
45.59;-2.277884;3.325837;;
45.591;-2.277709;3.326035;;
45.612;-2.2562;3.34955;;
45.614;-2.255942;3.349832;;
45.634;-2.234667;3.372206;;
45.635;-2.234445;3.37244;;
45.657;-2.213375;3.393776;;
45.659;-2.212813;3.394344;;
45.665793;;;-0.0483356919040693;0.312626358779736
45.409;-2.430104;3.127566;;
45.433;-2.4129;3.153382;;
45.434;-2.412614;3.153813;;
45.454;-2.395199;3.178877;;
45.455;-2.395024;3.179128;;
45.476;-2.377165;3.203824;;
45.478;-2.37679;3.204342;;
45.501;-2.357246;3.230291;;
45.511;-2.357044;3.230559;;
45.523;-2.338959;3.253639;;
45.524;-2.338639;3.254047;;
45.545;-2.318819;3.27839;;
45.546;-2.31862;3.278635;;
45.567;-2.297818;3.303188;;
45.568;-2.297613;3.30343;;
45.59;-2.277884;3.325837;;
45.591;-2.277709;3.326035;;
45.612;-2.2562;3.34955;;
45.614;-2.255942;3.349832;;
45.634;-2.234667;3.372206;;
45.635;-2.234445;3.37244;;
45.657;-2.213375;3.393776;;
45.659;-2.212813;3.394344;;
45.68;-2.190498;3.416106;;
45.681;-2.190233;3.416364;;
45.7439999;;;0.492338251261467;0.33634217936297
45.476;-2.377165;3.203824;;
45.478;-2.37679;3.204342;;
45.501;-2.357246;3.230291;;
45.511;-2.357044;3.230559;;
45.523;-2.338959;3.253639;;
45.524;-2.338639;3.254047;;
45.545;-2.318819;3.27839;;
45.546;-2.31862;3.278635;;
45.567;-2.297818;3.303188;;
45.568;-2.297613;3.30343;;
45.59;-2.277884;3.325837;;
45.591;-2.277709;3.326035;;
45.612;-2.2562;3.34955;;
45.614;-2.255942;3.349832;;
45.634;-2.234667;3.372206;;
45.635;-2.234445;3.37244;;
45.657;-2.213375;3.393776;;
45.659;-2.212813;3.394344;;
45.68;-2.190498;3.416106;;
45.681;-2.190233;3.416364;;
45.745;-2.120667;3.479191;;
45.767;-2.096625;3.499297;;
45.8217053;;;0.678035186462163;0.371995407378405
45.476;-2.377165;3.203824;;
45.478;-2.37679;3.204342;;
45.501;-2.357246;3.230291;;
45.511;-2.357044;3.230559;;
45.523;-2.338959;3.253639;;
45.524;-2.338639;3.254047;;
45.545;-2.318819;3.27839;;
45.546;-2.31862;3.278635;;
45.567;-2.297818;3.303188;;
45.568;-2.297613;3.30343;;
45.59;-2.277884;3.325837;;
45.591;-2.277709;3.326035;;
45.612;-2.2562;3.34955;;
45.614;-2.255942;3.349832;;
45.634;-2.234667;3.372206;;
45.635;-2.234445;3.37244;;
45.657;-2.213375;3.393776;;
45.659;-2.212813;3.394344;;
45.68;-2.190498;3.416106;;
45.681;-2.190233;3.416364;;
45.745;-2.120667;3.479191;;
45.767;-2.096625;3.499297;;
45.899913;;;0.678035186462163;0.367526369057854
45.68;-2.190498;3.416106;;
45.681;-2.190233;3.416364;;
45.745;-2.120667;3.479191;;
45.767;-2.096625;3.499297;;
45.92;-1.931923;3.618173;;
45.921;-1.9317;3.618335;;
45.942;-1.904652;3.635045;;
45.943;-1.9041;3.635386;;
45.963;-1.877594;3.65106;;
45.964;-1.877336;3.651212;;
45.9786214;;;0.246615369030545;0.341769064643456
45.767;-2.096625;3.499297;;
45.92;-1.931923;3.618173;;
45.921;-1.9317;3.618335;;
45.942;-1.904652;3.635045;;
45.943;-1.9041;3.635386;;
45.963;-1.877594;3.65106;;
45.964;-1.877336;3.651212;;
45.984;-1.850257;3.666538;;
45.985;-1.849991;3.666688;;
46.005;-1.822212;3.68171;;
46.006;-1.821862;3.6819;;
46.049;-1.765723;3.710194;;
46.0673563;;;0.00683780505155562;0.284157497272856
45.767;-2.096625;3.499297;;
45.92;-1.931923;3.618173;;
45.921;-1.9317;3.618335;;
45.942;-1.904652;3.635045;;
45.943;-1.9041;3.635386;;
45.963;-1.877594;3.65106;;
45.964;-1.877336;3.651212;;
45.984;-1.850257;3.666538;;
45.985;-1.849991;3.666688;;
46.005;-1.822212;3.68171;;
46.006;-1.821862;3.6819;;
46.049;-1.765723;3.710194;;
46.1565923;;;0.00683780505155562;0.216408712810238
45.92;-1.931923;3.618173;;
45.921;-1.9317;3.618335;;
45.942;-1.904652;3.635045;;
45.943;-1.9041;3.635386;;
45.963;-1.877594;3.65106;;
45.964;-1.877336;3.651212;;
45.984;-1.850257;3.666538;;
45.985;-1.849991;3.666688;;
46.005;-1.822212;3.68171;;
46.006;-1.821862;3.6819;;
46.049;-1.765723;3.710194;;
46.201;-1.577641;3.786588;;
46.2468321;;;0.361013204180107;0.178174544941667
46.049;-1.765723;3.710194;;
46.201;-1.577641;3.786588;;
46.266;-1.488043;3.813885;;
46.267;-1.487794;3.813961;;
46.288;-1.457249;3.821999;;
46.309;-1.426341;3.829499;;
46.333;-1.396333;3.83618;;
46.334;-1.396091;3.836234;;
46.3360678;;;0.836016126790033;0.258537567041975
46.201;-1.577641;3.786588;;
46.266;-1.488043;3.813885;;
46.267;-1.487794;3.813961;;
46.288;-1.457249;3.821999;;
46.309;-1.426341;3.829499;;
46.333;-1.396333;3.83618;;
46.334;-1.396091;3.836234;;
46.355;-1.366001;3.842337;;
46.399;-1.303647;3.853139;;
46.4;-1.303347;3.853191;;
46.422;-1.27278;3.857582;;
46.423;-1.272537;3.857617;;
46.4248031;;;-0.288630414094366;0.245180044068584
46.266;-1.488043;3.813885;;
46.267;-1.487794;3.813961;;
46.288;-1.457249;3.821999;;
46.309;-1.426341;3.829499;;
46.333;-1.396333;3.83618;;
46.334;-1.396091;3.836234;;
46.355;-1.366001;3.842337;;
46.399;-1.303647;3.853139;;
46.4;-1.303347;3.853191;;
46.422;-1.27278;3.857582;;
46.423;-1.272537;3.857617;;
46.443;-1.24103;3.861527;;
46.444;-1.240701;3.861568;;
46.464;-1.209913;3.864787;;
46.485;-1.178198;3.867499;;
46.486;-1.178198;3.867499;;
46.486;-1.178198;3.867499;;
46.507;-1.147971;3.869502;;
46.5140398;;;-0.78631892437832;0.179370314940383
46.288;-1.457249;3.821999;;
46.309;-1.426341;3.829499;;
46.333;-1.396333;3.83618;;
46.334;-1.396091;3.836234;;
46.355;-1.366001;3.842337;;
46.399;-1.303647;3.853139;;
46.4;-1.303347;3.853191;;
46.422;-1.27278;3.857582;;
46.423;-1.272537;3.857617;;
46.443;-1.24103;3.861527;;
46.444;-1.240701;3.861568;;
46.464;-1.209913;3.864787;;
46.485;-1.178198;3.867499;;
46.486;-1.178198;3.867499;;
46.486;-1.178198;3.867499;;
46.507;-1.147971;3.869502;;
46.528;-1.116228;3.871006;;
46.529;-1.115855;3.871024;;
46.549;-1.084897;3.87189;;
46.55;-1.084593;3.871898;;
46.57;-1.05353;3.872175;;
46.571;-1.053205;3.872178;;
46.5962571;;;-0.882102131080199;0.10836181440272
46.399;-1.303647;3.853139;;
46.4;-1.303347;3.853191;;
46.422;-1.27278;3.857582;;
46.423;-1.272537;3.857617;;
46.443;-1.24103;3.861527;;
46.444;-1.240701;3.861568;;
46.464;-1.209913;3.864787;;
46.485;-1.178198;3.867499;;
46.486;-1.178198;3.867499;;
46.486;-1.178198;3.867499;;
46.507;-1.147971;3.869502;;
46.528;-1.116228;3.871006;;
46.529;-1.115855;3.871024;;
46.549;-1.084897;3.87189;;
46.55;-1.084593;3.871898;;
46.57;-1.05353;3.872175;;
46.571;-1.053205;3.872178;;
46.617;-0.9851815;3.870719;;
46.618;-0.9848819;3.870713;;
46.619;-0.9848114;3.870711;;
46.639;-0.9595127;3.869444;;
46.64;-0.9592822;3.869432;;
46.66;-0.9265247;3.867204;;
46.662;-0.9261706;3.86718;;
46.6814827;;;-0.683303578958081;0.0554478238148852
46.464;-1.209913;3.864787;;
46.485;-1.178198;3.867499;;
46.486;-1.178198;3.867499;;
46.486;-1.178198;3.867499;;
46.507;-1.147971;3.869502;;
46.528;-1.116228;3.871006;;
46.529;-1.115855;3.871024;;
46.549;-1.084897;3.87189;;
46.55;-1.084593;3.871898;;
46.57;-1.05353;3.872175;;
46.571;-1.053205;3.872178;;
46.617;-0.9851815;3.870719;;
46.618;-0.9848819;3.870713;;
46.619;-0.9848114;3.870711;;
46.639;-0.9595127;3.869444;;
46.64;-0.9592822;3.869432;;
46.66;-0.9265247;3.867204;;
46.662;-0.9261706;3.86718;;
46.683;-0.8969935;3.864635;;
46.684;-0.8969776;3.864633;;
46.704;-0.880743;3.862994;;
46.705;-0.8688808;3.861677;;
46.726;-0.8485228;3.85925;;
46.727;-0.8353506;3.857525;;
46.749;-0.8022515;3.85274;;
46.75;-0.8019544;3.852697;;
46.7606929;;;-0.760758963621142;-0.0489769440919989
46.528;-1.116228;3.871006;;
46.529;-1.115855;3.871024;;
46.549;-1.084897;3.87189;;
46.55;-1.084593;3.871898;;
46.57;-1.05353;3.872175;;
46.571;-1.053205;3.872178;;
46.617;-0.9851815;3.870719;;
46.618;-0.9848819;3.870713;;
46.619;-0.9848114;3.870711;;
46.639;-0.9595127;3.869444;;
46.64;-0.9592822;3.869432;;
46.66;-0.9265247;3.867204;;
46.662;-0.9261706;3.86718;;
46.683;-0.8969935;3.864635;;
46.684;-0.8969776;3.864633;;
46.704;-0.880743;3.862994;;
46.705;-0.8688808;3.861677;;
46.726;-0.8485228;3.85925;;
46.727;-0.8353506;3.857525;;
46.749;-0.8022515;3.85274;;
46.75;-0.8019544;3.852697;;
46.77;-0.7873099;3.850354;;
46.771;-0.773634;3.848034;;
46.793;-0.7555923;3.844812;;
46.794;-0.7449753;3.842801;;
46.816;-0.7095103;3.83561;;
46.8383985;;;-0.762817845330921;-0.169048030074756
46.528;-1.116228;3.871006;;
46.529;-1.115855;3.871024;;
46.549;-1.084897;3.87189;;
46.55;-1.084593;3.871898;;
46.57;-1.05353;3.872175;;
46.571;-1.053205;3.872178;;
46.617;-0.9851815;3.870719;;
46.618;-0.9848819;3.870713;;
46.619;-0.9848114;3.870711;;
46.639;-0.9595127;3.869444;;
46.64;-0.9592822;3.869432;;
46.66;-0.9265247;3.867204;;
46.662;-0.9261706;3.86718;;
46.683;-0.8969935;3.864635;;
46.684;-0.8969776;3.864633;;
46.704;-0.880743;3.862994;;
46.705;-0.8688808;3.861677;;
46.726;-0.8485228;3.85925;;
46.727;-0.8353506;3.857525;;
46.749;-0.8022515;3.85274;;
46.75;-0.8019544;3.852697;;
46.77;-0.7873099;3.850354;;
46.771;-0.773634;3.848034;;
46.793;-0.7555923;3.844812;;
46.794;-0.7449753;3.842801;;
46.816;-0.7095103;3.83561;;
46.9166062;;;-0.762817845330921;-0.289119116057513
46.528;-1.116228;3.871006;;
46.529;-1.115855;3.871024;;
46.549;-1.084897;3.87189;;
46.55;-1.084593;3.871898;;
46.57;-1.05353;3.872175;;
46.571;-1.053205;3.872178;;
46.617;-0.9851815;3.870719;;
46.618;-0.9848819;3.870713;;
46.619;-0.9848114;3.870711;;
46.639;-0.9595127;3.869444;;
46.64;-0.9592822;3.869432;;
46.66;-0.9265247;3.867204;;
46.662;-0.9261706;3.86718;;
46.683;-0.8969935;3.864635;;
46.684;-0.8969776;3.864633;;
46.704;-0.880743;3.862994;;
46.705;-0.8688808;3.861677;;
46.726;-0.8485228;3.85925;;
46.727;-0.8353506;3.857525;;
46.749;-0.8022515;3.85274;;
46.75;-0.8019544;3.852697;;
46.77;-0.7873099;3.850354;;
46.771;-0.773634;3.848034;;
46.793;-0.7555923;3.844812;;
46.794;-0.7449753;3.842801;;
46.816;-0.7095103;3.83561;;
46.9953141;;;-0.762817845330921;-0.373238550587635
46.77;-0.7873099;3.850354;;
46.771;-0.773634;3.848034;;
46.793;-0.7555923;3.844812;;
46.794;-0.7449753;3.842801;;
46.816;-0.7095103;3.83561;;
47.016;-0.4554019;3.75916;;
47.018;-0.4413665;3.753607;;
47.038;-0.4240457;3.746544;;
47.039;-0.4238636;3.74647;;
47.059;-0.3960294;3.7346;;
47.06;-0.3955199;3.734383;;
47.07302;;;-0.915834569220141;-0.450127915110276
46.793;-0.7555923;3.844812;;
46.794;-0.7449753;3.842801;;
46.816;-0.7095103;3.83561;;
47.016;-0.4554019;3.75916;;
47.018;-0.4413665;3.753607;;
47.038;-0.4240457;3.746544;;
47.039;-0.4238636;3.74647;;
47.059;-0.3960294;3.7346;;
47.06;-0.3955199;3.734383;;
47.083;-0.3689185;3.722461;;
47.1507256;;;-0.909360140546366;-0.526477743910103
46.793;-0.7555923;3.844812;;
46.794;-0.7449753;3.842801;;
46.816;-0.7095103;3.83561;;
47.016;-0.4554019;3.75916;;
47.018;-0.4413665;3.753607;;
47.038;-0.4240457;3.746544;;
47.039;-0.4238636;3.74647;;
47.059;-0.3960294;3.7346;;
47.06;-0.3955199;3.734383;;
47.083;-0.3689185;3.722461;;
47.2294343;;;-0.909360140546366;-0.632342189303976
46.793;-0.7555923;3.844812;;
46.794;-0.7449753;3.842801;;
46.816;-0.7095103;3.83561;;
47.016;-0.4554019;3.75916;;
47.018;-0.4413665;3.753607;;
47.038;-0.4240457;3.746544;;
47.039;-0.4238636;3.74647;;
47.059;-0.3960294;3.7346;;
47.06;-0.3955199;3.734383;;
47.083;-0.3689185;3.722461;;
47.319172;;;-0.909360140546366;-0.777790211582009
46.793;-0.7555923;3.844812;;
46.794;-0.7449753;3.842801;;
46.816;-0.7095103;3.83561;;
47.016;-0.4554019;3.75916;;
47.018;-0.4413665;3.753607;;
47.038;-0.4240457;3.746544;;
47.039;-0.4238636;3.74647;;
47.059;-0.3960294;3.7346;;
47.06;-0.3955199;3.734383;;
47.083;-0.3689185;3.722461;;
47.4084083;;;-0.909360140546366;-0.829517688786343
47.494;0.1061431;3.392345;;
47.495;0.1066338;3.392004;;
47.4976445;;;0;-0.763991111754816
47.494;0.1061431;3.392345;;
47.495;0.1066338;3.392004;;
47.516;0.1284177;3.369872;;
47.585;0.1917;3.300424;;
47.587884;;;0.722976284099759;-0.630234577156486
47.494;0.1061431;3.392345;;
47.495;0.1066338;3.392004;;
47.516;0.1284177;3.369872;;
47.585;0.1917;3.300424;;
47.607;0.2121816;3.276136;;
47.629;0.2318118;3.251938;;
47.63;0.2319775;3.251733;;
47.652;0.2503671;3.228161;;
47.654;0.2509244;3.227447;;
47.684;0.270618;3.201168;;
47.685;0.270758;3.200981;;
47.6856428;;;0.94363958794464;-0.494655979914593
47.494;0.1061431;3.392345;;
47.495;0.1066338;3.392004;;
47.516;0.1284177;3.369872;;
47.585;0.1917;3.300424;;
47.607;0.2121816;3.276136;;
47.629;0.2318118;3.251938;;
47.63;0.2319775;3.251733;;
47.652;0.2503671;3.228161;;
47.654;0.2509244;3.227447;;
47.684;0.270618;3.201168;;
47.685;0.270758;3.200981;;
47.697;0.2798836;3.188418;;
47.719;0.3046969;3.152939;;
47.72;0.3049801;3.152534;;
47.721;0.3049801;3.152534;;
47.741;0.3238498;3.124133;;
47.763;0.340301;3.098285;;
47.764;0.3405702;3.097862;;
47.7658555;;;0.886528248398871;-0.357382045579592
47.585;0.1917;3.300424;;
47.607;0.2121816;3.276136;;
47.629;0.2318118;3.251938;;
47.63;0.2319775;3.251733;;
47.652;0.2503671;3.228161;;
47.654;0.2509244;3.227447;;
47.684;0.270618;3.201168;;
47.685;0.270758;3.200981;;
47.697;0.2798836;3.188418;;
47.719;0.3046969;3.152939;;
47.72;0.3049801;3.152534;;
47.721;0.3049801;3.152534;;
47.741;0.3238498;3.124133;;
47.763;0.340301;3.098285;;
47.764;0.3405702;3.097862;;
47.787;0.3570102;3.070902;;
47.788;0.3571598;3.070656;;
47.789;0.3653998;3.056688;;
47.808;0.3730242;3.04347;;
47.833;0.3960004;3.001822;;
47.834;0.3962328;3.0014;;
47.835;0.3962328;3.0014;;
47.8435611;;;0.532979326600683;-0.249398947918625
47.607;0.2121816;3.276136;;
47.629;0.2318118;3.251938;;
47.63;0.2319775;3.251733;;
47.652;0.2503671;3.228161;;
47.654;0.2509244;3.227447;;
47.684;0.270618;3.201168;;
47.685;0.270758;3.200981;;
47.697;0.2798836;3.188418;;
47.719;0.3046969;3.152939;;
47.72;0.3049801;3.152534;;
47.721;0.3049801;3.152534;;
47.741;0.3238498;3.124133;;
47.763;0.340301;3.098285;;
47.764;0.3405702;3.097862;;
47.787;0.3570102;3.070902;;
47.788;0.3571598;3.070656;;
47.789;0.3653998;3.056688;;
47.808;0.3730242;3.04347;;
47.833;0.3960004;3.001822;;
47.834;0.3962328;3.0014;;
47.835;0.3962328;3.0014;;
47.855;0.4030064;2.988546;;
47.856;0.4090362;2.976848;;
47.879;0.4242575;2.946301;;
47.88;0.4245214;2.945771;;
47.901;0.4378182;2.917671;;
47.902;0.4379445;2.917404;;
47.9227711;;;0.0586462793561148;-0.180943604194705
47.697;0.2798836;3.188418;;
47.719;0.3046969;3.152939;;
47.72;0.3049801;3.152534;;
47.721;0.3049801;3.152534;;
47.741;0.3238498;3.124133;;
47.763;0.340301;3.098285;;
47.764;0.3405702;3.097862;;
47.787;0.3570102;3.070902;;
47.788;0.3571598;3.070656;;
47.789;0.3653998;3.056688;;
47.808;0.3730242;3.04347;;
47.833;0.3960004;3.001822;;
47.834;0.3962328;3.0014;;
47.835;0.3962328;3.0014;;
47.855;0.4030064;2.988546;;
47.856;0.4090362;2.976848;;
47.879;0.4242575;2.946301;;
47.88;0.4245214;2.945771;;
47.901;0.4378182;2.917671;;
47.902;0.4379445;2.917404;;
47.923;0.4505802;2.889331;;
47.924;0.4505905;2.889308;;
47.945;0.4629179;2.860455;;
47.947;0.4632069;2.859796;;
47.968;0.4749331;2.830815;;
47.969;0.4750356;2.830562;;
47.989;0.4859433;2.802064;;
48.0004767;;;-0.944051384980683;-0.196046399165518
47.787;0.3570102;3.070902;;
47.788;0.3571598;3.070656;;
47.789;0.3653998;3.056688;;
47.808;0.3730242;3.04347;;
47.833;0.3960004;3.001822;;
47.834;0.3962328;3.0014;;
47.835;0.3962328;3.0014;;
47.855;0.4030064;2.988546;;
47.856;0.4090362;2.976848;;
47.879;0.4242575;2.946301;;
47.88;0.4245214;2.945771;;
47.901;0.4378182;2.917671;;
47.902;0.4379445;2.917404;;
47.923;0.4505802;2.889331;;
47.924;0.4505905;2.889308;;
47.945;0.4629179;2.860455;;
47.947;0.4632069;2.859796;;
47.968;0.4749331;2.830815;;
47.969;0.4750356;2.830562;;
47.989;0.4859433;2.802064;;
48.034;0.5069451;2.742117;;
48.079;0.5251548;2.682995;;
48.0791854;;;-0.0531310220588607;-0.124154436902078
47.787;0.3570102;3.070902;;
47.788;0.3571598;3.070656;;
47.789;0.3653998;3.056688;;
47.808;0.3730242;3.04347;;
47.833;0.3960004;3.001822;;
47.834;0.3962328;3.0014;;
47.835;0.3962328;3.0014;;
47.855;0.4030064;2.988546;;
47.856;0.4090362;2.976848;;
47.879;0.4242575;2.946301;;
47.88;0.4245214;2.945771;;
47.901;0.4378182;2.917671;;
47.902;0.4379445;2.917404;;
47.923;0.4505802;2.889331;;
47.924;0.4505905;2.889308;;
47.945;0.4629179;2.860455;;
47.947;0.4632069;2.859796;;
47.968;0.4749331;2.830815;;
47.969;0.4750356;2.830562;;
47.989;0.4859433;2.802064;;
48.034;0.5069451;2.742117;;
48.079;0.5251548;2.682995;;
48.1563897;;;-0.0531310220588607;-0.052802010361453
47.787;0.3570102;3.070902;;
47.788;0.3571598;3.070656;;
47.789;0.3653998;3.056688;;
47.808;0.3730242;3.04347;;
47.833;0.3960004;3.001822;;
47.834;0.3962328;3.0014;;
47.835;0.3962328;3.0014;;
47.855;0.4030064;2.988546;;
47.856;0.4090362;2.976848;;
47.879;0.4242575;2.946301;;
47.88;0.4245214;2.945771;;
47.901;0.4378182;2.917671;;
47.902;0.4379445;2.917404;;
47.923;0.4505802;2.889331;;
47.924;0.4505905;2.889308;;
47.945;0.4629179;2.860455;;
47.947;0.4632069;2.859796;;
47.968;0.4749331;2.830815;;
47.969;0.4750356;2.830562;;
47.989;0.4859433;2.802064;;
48.034;0.5069451;2.742117;;
48.079;0.5251548;2.682995;;
48.2345966;;;0.0213655900699095;0.0247584671899034
48.034;0.5069451;2.742117;;
48.079;0.5251548;2.682995;;
48.236;0.5717664;2.467294;;
48.28;0.5796917;2.404952;;
48.301;0.5812519;2.390129;;
48.3143081;;;-0.43080669078046;0.0646379213370623
48.236;0.5717664;2.467294;;
48.28;0.5796917;2.404952;;
48.301;0.5812519;2.390129;;
48.324;0.5839871;2.359453;;
48.347;0.5870203;2.313015;;
48.369;0.5883914;2.280077;;
48.391;0.5887939;2.265118;;
48.40204;;;-0.679074202694833;0.0838284161580234
48.236;0.5717664;2.467294;;
48.28;0.5796917;2.404952;;
48.301;0.5812519;2.390129;;
48.324;0.5839871;2.359453;;
48.347;0.5870203;2.313015;;
48.369;0.5883914;2.280077;;
48.391;0.5887939;2.265118;;
48.413;0.589187;2.233589;;
48.414;0.5891635;2.220031;;
48.458;0.5875644;2.155641;;
48.48;0.5867778;2.139596;;
48.491778;;;-0.652070744005619;0.0294891874908885
48.28;0.5796917;2.404952;;
48.301;0.5812519;2.390129;;
48.324;0.5839871;2.359453;;
48.347;0.5870203;2.313015;;
48.369;0.5883914;2.280077;;
48.391;0.5887939;2.265118;;
48.413;0.589187;2.233589;;
48.414;0.5891635;2.220031;;
48.458;0.5875644;2.155641;;
48.48;0.5867778;2.139596;;
48.503;0.583562;2.092921;;
48.569;0.5751801;2.014593;;
48.5704862;;;-0.176017467802556;-0.0454269585009711
48.324;0.5839871;2.359453;;
48.347;0.5870203;2.313015;;
48.369;0.5883914;2.280077;;
48.391;0.5887939;2.265118;;
48.413;0.589187;2.233589;;
48.414;0.5891635;2.220031;;
48.458;0.5875644;2.155641;;
48.48;0.5867778;2.139596;;
48.503;0.583562;2.092921;;
48.569;0.5751801;2.014593;;
48.571;0.5732529;2.000426;;
48.615;0.5631593;1.937398;;
48.616;0.5630937;1.936976;;
48.6597232;;;-0.0615106980329728;-0.129189482332439
48.324;0.5839871;2.359453;;
48.347;0.5870203;2.313015;;
48.369;0.5883914;2.280077;;
48.391;0.5887939;2.265118;;
48.413;0.589187;2.233589;;
48.414;0.5891635;2.220031;;
48.458;0.5875644;2.155641;;
48.48;0.5867778;2.139596;;
48.503;0.583562;2.092921;;
48.569;0.5751801;2.014593;;
48.571;0.5732529;2.000426;;
48.615;0.5631593;1.937398;;
48.616;0.5630937;1.936976;;
48.7394341;;;-0.0615106980329728;-0.208192727868426
48.324;0.5839871;2.359453;;
48.347;0.5870203;2.313015;;
48.369;0.5883914;2.280077;;
48.391;0.5887939;2.265118;;
48.413;0.589187;2.233589;;
48.414;0.5891635;2.220031;;
48.458;0.5875644;2.155641;;
48.48;0.5867778;2.139596;;
48.503;0.583562;2.092921;;
48.569;0.5751801;2.014593;;
48.571;0.5732529;2.000426;;
48.615;0.5631593;1.937398;;
48.616;0.5630937;1.936976;;
48.8276676;;;-0.0615106980329728;-0.257733563254564
48.324;0.5839871;2.359453;;
48.347;0.5870203;2.313015;;
48.369;0.5883914;2.280077;;
48.391;0.5887939;2.265118;;
48.413;0.589187;2.233589;;
48.414;0.5891635;2.220031;;
48.458;0.5875644;2.155641;;
48.48;0.5867778;2.139596;;
48.503;0.583562;2.092921;;
48.569;0.5751801;2.014593;;
48.571;0.5732529;2.000426;;
48.615;0.5631593;1.937398;;
48.616;0.5630937;1.936976;;
48.9159013;;;-0.0615106980329728;-0.267746644703655
48.925;0.4352277;1.534299;;
48.948;0.4219121;1.506334;;
48.949;0.4217899;1.506077;;
48.97;0.407886;1.47835;;
48.971;0.4077585;1.478096;;
48.972;0.407728;1.478035;;
48.993;0.3934588;1.450887;;
48.99461;;;-0.907618849137699;-0.264710600050073
48.925;0.4352277;1.534299;;
48.948;0.4219121;1.506334;;
48.949;0.4217899;1.506077;;
48.97;0.407886;1.47835;;
48.971;0.4077585;1.478096;;
48.972;0.407728;1.478035;;
48.993;0.3934588;1.450887;;
48.995;0.3871241;1.439234;;
49.039;0.3543203;1.382073;;
49.0838459;;;-0.699245718522657;-0.318553491422056
48.925;0.4352277;1.534299;;
48.948;0.4219121;1.506334;;
48.949;0.4217899;1.506077;;
48.97;0.407886;1.47835;;
48.971;0.4077585;1.478096;;
48.972;0.407728;1.478035;;
48.993;0.3934588;1.450887;;
48.995;0.3871241;1.439234;;
49.039;0.3543203;1.382073;;
49.173;0.2574418;1.238612;;
49.1730829;;;-0.117667524531598;-0.323931533294784
48.948;0.4219121;1.506334;;
48.949;0.4217899;1.506077;;
48.97;0.407886;1.47835;;
48.971;0.4077585;1.478096;;
48.972;0.407728;1.478035;;
48.993;0.3934588;1.450887;;
48.995;0.3871241;1.439234;;
49.039;0.3543203;1.382073;;
49.173;0.2574418;1.238612;;
49.174;0.2494651;1.228125;;
49.197;0.2283716;1.201212;;
49.198;0.2281758;1.200962;;
49.22;0.2081846;1.176507;;
49.221;0.2079941;1.176274;;
49.243;0.1889091;1.153802;;
49.244;0.1887348;1.153597;;
49.245;0.188692;1.153546;;
49.2633215;;;0.894425495045828;-0.251176541213457
49.173;0.2574418;1.238612;;
49.174;0.2494651;1.228125;;
49.197;0.2283716;1.201212;;
49.198;0.2281758;1.200962;;
49.22;0.2081846;1.176507;;
49.221;0.2079941;1.176274;;
49.243;0.1889091;1.153802;;
49.244;0.1887348;1.153597;;
49.245;0.188692;1.153546;;
49.346;0.1030239;1.061852;;
49.347;0.102862;1.061679;;
49.348;0.1028109;1.061624;;
49.349;0.1028109;1.061624;;
49.351;0.1028109;1.061624;;
49.3525579;;;0.617519317744507;-0.163816040503043
49.173;0.2574418;1.238612;;
49.174;0.2494651;1.228125;;
49.197;0.2283716;1.201212;;
49.198;0.2281758;1.200962;;
49.22;0.2081846;1.176507;;
49.221;0.2079941;1.176274;;
49.243;0.1889091;1.153802;;
49.244;0.1887348;1.153597;;
49.245;0.188692;1.153546;;
49.346;0.1030239;1.061852;;
49.347;0.102862;1.061679;;
49.348;0.1028109;1.061624;;
49.349;0.1028109;1.061624;;
49.351;0.1028109;1.061624;;
49.352;0.0934037;1.052387;;
49.354;0.09251878;1.051518;;
49.355;0.09181704;1.050829;;
49.356;0.09163574;1.050651;;
49.374;0.05756353;1.018467;;
49.375;0.05676658;1.017714;;
49.397;0.03408982;0.9972951;;
49.398;0.03386952;0.9970967;;
49.419;0.01033876;0.9767101;;
49.42;0.009851762;0.9762883;;
49.4302641;;;0.571800231775001;-0.0595765042972238
49.22;0.2081846;1.176507;;
49.221;0.2079941;1.176274;;
49.243;0.1889091;1.153802;;
49.244;0.1887348;1.153597;;
49.245;0.188692;1.153546;;
49.346;0.1030239;1.061852;;
49.347;0.102862;1.061679;;
49.348;0.1028109;1.061624;;
49.349;0.1028109;1.061624;;
49.351;0.1028109;1.061624;;
49.352;0.0934037;1.052387;;
49.354;0.09251878;1.051518;;
49.355;0.09181704;1.050829;;
49.356;0.09163574;1.050651;;
49.374;0.05756353;1.018467;;
49.375;0.05676658;1.017714;;
49.397;0.03408982;0.9972951;;
49.398;0.03386952;0.9970967;;
49.419;0.01033876;0.9767101;;
49.42;0.009851762;0.9762883;;
49.441;-0.001575153;0.9666684;;
49.442;-0.01183167;0.9581996;;
49.463;-0.02630736;0.9464446;;
49.465;-0.03865129;0.9366441;;
49.486;-0.06379804;0.9172728;;
49.487;-0.06404352;0.9170837;;
49.508;-0.08723715;0.8998983;;
49.5089728;;;-0.768591986294224;-0.0692866078212742
49.346;0.1030239;1.061852;;
49.347;0.102862;1.061679;;
49.348;0.1028109;1.061624;;
49.349;0.1028109;1.061624;;
49.351;0.1028109;1.061624;;
49.352;0.0934037;1.052387;;
49.354;0.09251878;1.051518;;
49.355;0.09181704;1.050829;;
49.356;0.09163574;1.050651;;
49.374;0.05756353;1.018467;;
49.375;0.05676658;1.017714;;
49.397;0.03408982;0.9972951;;
49.398;0.03386952;0.9970967;;
49.419;0.01033876;0.9767101;;
49.42;0.009851762;0.9762883;;
49.441;-0.001575153;0.9666684;;
49.442;-0.01183167;0.9581996;;
49.463;-0.02630736;0.9464446;;
49.465;-0.03865129;0.9366441;;
49.486;-0.06379804;0.9172728;;
49.487;-0.06404352;0.9170837;;
49.508;-0.08723715;0.8998983;;
49.531;-0.1143447;0.8805858;;
49.532;-0.1145708;0.8804246;;
49.552;-0.1399092;0.8631178;;
49.554;-0.1401844;0.8629298;;
49.575;-0.1527271;0.8546189;;
49.5861764;;;-0.0464758268615448;-0.0584914710761899
49.374;0.05756353;1.018467;;
49.375;0.05676658;1.017714;;
49.397;0.03408982;0.9972951;;
49.398;0.03386952;0.9970967;;
49.419;0.01033876;0.9767101;;
49.42;0.009851762;0.9762883;;
49.441;-0.001575153;0.9666684;;
49.442;-0.01183167;0.9581996;;
49.463;-0.02630736;0.9464446;;
49.465;-0.03865129;0.9366441;;
49.486;-0.06379804;0.9172728;;
49.487;-0.06404352;0.9170837;;
49.508;-0.08723715;0.8998983;;
49.531;-0.1143447;0.8805858;;
49.532;-0.1145708;0.8804246;;
49.552;-0.1399092;0.8631178;;
49.554;-0.1401844;0.8629298;;
49.575;-0.1527271;0.8546189;;
49.619;-0.2058579;0.8212016;;
49.642;-0.2333605;0.8049824;;
49.643;-0.2437255;0.7990723;;
49.664;-0.260844;0.7894856;;
49.6648855;;;-0.00653217274271434;-0.0539099273020017
49.441;-0.001575153;0.9666684;;
49.442;-0.01183167;0.9581996;;
49.463;-0.02630736;0.9464446;;
49.465;-0.03865129;0.9366441;;
49.486;-0.06379804;0.9172728;;
49.487;-0.06404352;0.9170837;;
49.508;-0.08723715;0.8998983;;
49.531;-0.1143447;0.8805858;;
49.532;-0.1145708;0.8804246;;
49.552;-0.1399092;0.8631178;;
49.554;-0.1401844;0.8629298;;
49.575;-0.1527271;0.8546189;;
49.619;-0.2058579;0.8212016;;
49.642;-0.2333605;0.8049824;;
49.643;-0.2437255;0.7990723;;
49.664;-0.260844;0.7894856;;
49.666;-0.2731927;0.7827541;;
49.687;-0.3022834;0.7674118;;
49.688;-0.3026536;0.7672146;;
49.709;-0.3160914;0.7603813;;
49.71;-0.3276532;0.7546363;;
49.731;-0.344622;0.7463831;;
49.732;-0.3542232;0.7418417;;
49.7425917;;;0.0479793948743799;-0.0447857528930557
49.531;-0.1143447;0.8805858;;
49.532;-0.1145708;0.8804246;;
49.552;-0.1399092;0.8631178;;
49.554;-0.1401844;0.8629298;;
49.575;-0.1527271;0.8546189;;
49.619;-0.2058579;0.8212016;;
49.642;-0.2333605;0.8049824;;
49.643;-0.2437255;0.7990723;;
49.664;-0.260844;0.7894856;;
49.666;-0.2731927;0.7827541;;
49.687;-0.3022834;0.7674118;;
49.688;-0.3026536;0.7672146;;
49.709;-0.3160914;0.7603813;;
49.71;-0.3276532;0.7546363;;
49.731;-0.344622;0.7463831;;
49.732;-0.3542232;0.7418417;;
49.754;-0.3875312;0.7265984;;
49.755;-0.387854;0.7264507;;
49.783;-0.4011976;0.720602;;
49.785;-0.401302;0.7205563;;
49.797;-0.4156509;0.7144264;;
49.798;-0.415908;0.7143165;;
49.82;-0.4579364;0.6972952;;
49.822;-0.4728874;0.6915575;;
49.8218011;;;0.192895453225178;-0.0235852402882098
49.619;-0.2058579;0.8212016;;
49.642;-0.2333605;0.8049824;;
49.643;-0.2437255;0.7990723;;
49.664;-0.260844;0.7894856;;
49.666;-0.2731927;0.7827541;;
49.687;-0.3022834;0.7674118;;
49.688;-0.3026536;0.7672146;;
49.709;-0.3160914;0.7603813;;
49.71;-0.3276532;0.7546363;;
49.731;-0.344622;0.7463831;;
49.732;-0.3542232;0.7418417;;
49.754;-0.3875312;0.7265984;;
49.755;-0.387854;0.7264507;;
49.783;-0.4011976;0.720602;;
49.785;-0.401302;0.7205563;;
49.797;-0.4156509;0.7144264;;
49.798;-0.415908;0.7143165;;
49.82;-0.4579364;0.6972952;;
49.822;-0.4728874;0.6915575;;
49.843;-0.488966;0.6855581;;
49.844;-0.5018957;0.6808956;;
49.869;-0.5335882;0.6699425;;
49.871;-0.5342133;0.6697265;;
49.872;-0.5342133;0.6697265;;
49.891;-0.5626441;0.6605365;;
49.893;-0.5632837;0.6603298;;
49.899005;;;0.681538710083753;0.0383355437215174
49.664;-0.260844;0.7894856;;
49.666;-0.2731927;0.7827541;;
49.687;-0.3022834;0.7674118;;
49.688;-0.3026536;0.7672146;;
49.709;-0.3160914;0.7603813;;
49.71;-0.3276532;0.7546363;;
49.731;-0.344622;0.7463831;;
49.732;-0.3542232;0.7418417;;
49.754;-0.3875312;0.7265984;;
49.755;-0.387854;0.7264507;;
49.783;-0.4011976;0.720602;;
49.785;-0.401302;0.7205563;;
49.797;-0.4156509;0.7144264;;
49.798;-0.415908;0.7143165;;
49.82;-0.4579364;0.6972952;;
49.822;-0.4728874;0.6915575;;
49.843;-0.488966;0.6855581;;
49.844;-0.5018957;0.6808956;;
49.869;-0.5335882;0.6699425;;
49.871;-0.5342133;0.6697265;;
49.872;-0.5342133;0.6697265;;
49.891;-0.5626441;0.6605365;;
49.893;-0.5632837;0.6603298;;
49.914;-0.5926197;0.6514486;;
49.915;-0.5928887;0.6513672;;
49.936;-0.6226031;0.6429809;;
49.957;-0.6534504;0.634905;;
49.958;-0.6538206;0.6348081;;
49.959;-0.6538206;0.6348081;;
49.9772124;;;0.182514184745799;0.129179963211809
49.754;-0.3875312;0.7265984;;
49.755;-0.387854;0.7264507;;
49.783;-0.4011976;0.720602;;
49.785;-0.401302;0.7205563;;
49.797;-0.4156509;0.7144264;;
49.798;-0.415908;0.7143165;;
49.82;-0.4579364;0.6972952;;
49.822;-0.4728874;0.6915575;;
49.843;-0.488966;0.6855581;;
49.844;-0.5018957;0.6808956;;
49.869;-0.5335882;0.6699425;;
49.871;-0.5342133;0.6697265;;
49.872;-0.5342133;0.6697265;;
49.891;-0.5626441;0.6605365;;
49.893;-0.5632837;0.6603298;;
49.914;-0.5926197;0.6514486;;
49.915;-0.5928887;0.6513672;;
49.936;-0.6226031;0.6429809;;
49.957;-0.6534504;0.634905;;
49.958;-0.6538206;0.6348081;;
49.959;-0.6538206;0.6348081;;
49.98;-0.6841316;0.6275055;;
50.003;-0.7146598;0.6207504;;
50.004;-0.7148908;0.6206992;;
50.025;-0.7450651;0.6146281;;
50.026;-0.7454239;0.614556;;
50.027;-0.7454239;0.614556;;
50.047;-0.7762948;0.6089584;;
50.054918;;;-0.0114286707015582;0.186498050530234
49.82;-0.4579364;0.6972952;;
49.822;-0.4728874;0.6915575;;
49.843;-0.488966;0.6855581;;
49.844;-0.5018957;0.6808956;;
49.869;-0.5335882;0.6699425;;
49.871;-0.5342133;0.6697265;;
49.872;-0.5342133;0.6697265;;
49.891;-0.5626441;0.6605365;;
49.893;-0.5632837;0.6603298;;
49.914;-0.5926197;0.6514486;;
49.915;-0.5928887;0.6513672;;
49.936;-0.6226031;0.6429809;;
49.957;-0.6534504;0.634905;;
49.958;-0.6538206;0.6348081;;
49.959;-0.6538206;0.6348081;;
49.98;-0.6841316;0.6275055;;
50.003;-0.7146598;0.6207504;;
50.004;-0.7148908;0.6206992;;
50.025;-0.7450651;0.6146281;;
50.026;-0.7454239;0.614556;;
50.027;-0.7454239;0.614556;;
50.047;-0.7762948;0.6089584;;
50.068;-0.8067791;0.6040213;;
50.07;-0.8070934;0.6039703;;
50.091;-0.8385525;0.5994988;;
50.112;-0.8696625;0.5956814;;
50.114;-0.8699841;0.5956419;;
50.1336264;;;-0.581842900047257;0.147816769237262
49.914;-0.5926197;0.6514486;;
49.915;-0.5928887;0.6513672;;
49.936;-0.6226031;0.6429809;;
49.957;-0.6534504;0.634905;;
49.958;-0.6538206;0.6348081;;
49.959;-0.6538206;0.6348081;;
49.98;-0.6841316;0.6275055;;
50.003;-0.7146598;0.6207504;;
50.004;-0.7148908;0.6206992;;
50.025;-0.7450651;0.6146281;;
50.026;-0.7454239;0.614556;;
50.027;-0.7454239;0.614556;;
50.047;-0.7762948;0.6089584;;
50.068;-0.8067791;0.6040213;;
50.07;-0.8070934;0.6039703;;
50.091;-0.8385525;0.5994988;;
50.112;-0.8696625;0.5956814;;
50.114;-0.8699841;0.5956419;;
50.135;-0.9003261;0.5925061;;
50.136;-0.9006903;0.5924685;;
50.158;-0.9324221;0.5898038;;
50.159;-0.9327768;0.589774;;
50.181;-0.9633147;0.5877996;;
50.182;-0.9635524;0.5877842;;
50.203;-0.9942344;0.5863816;;
50.204;-0.9947695;0.5863572;;
50.2118338;;;-0.845429472522106;0.00282885527326769
49.98;-0.6841316;0.6275055;;
50.003;-0.7146598;0.6207504;;
50.004;-0.7148908;0.6206992;;
50.025;-0.7450651;0.6146281;;
50.026;-0.7454239;0.614556;;
50.027;-0.7454239;0.614556;;
50.047;-0.7762948;0.6089584;;
50.068;-0.8067791;0.6040213;;
50.07;-0.8070934;0.6039703;;
50.091;-0.8385525;0.5994988;;
50.112;-0.8696625;0.5956814;;
50.114;-0.8699841;0.5956419;;
50.135;-0.9003261;0.5925061;;
50.136;-0.9006903;0.5924685;;
50.158;-0.9324221;0.5898038;;
50.159;-0.9327768;0.589774;;
50.181;-0.9633147;0.5877996;;
50.182;-0.9635524;0.5877842;;
50.203;-0.9942344;0.5863816;;
50.204;-0.9947695;0.5863572;;
50.226;-1.025939;0.5855223;;
50.237;-1.025939;0.5855223;;
50.248;-1.057051;0.5852873;;
50.249;-1.057627;0.585283;;
50.27;-1.088487;0.5856418;;
50.272;-1.089116;0.5856491;;
50.290041;;;-0.919754914933626;-0.125277330783243
50.068;-0.8067791;0.6040213;;
50.07;-0.8070934;0.6039703;;
50.091;-0.8385525;0.5994988;;
50.112;-0.8696625;0.5956814;;
50.114;-0.8699841;0.5956419;;
50.135;-0.9003261;0.5925061;;
50.136;-0.9006903;0.5924685;;
50.158;-0.9324221;0.5898038;;
50.159;-0.9327768;0.589774;;
50.181;-0.9633147;0.5877996;;
50.182;-0.9635524;0.5877842;;
50.203;-0.9942344;0.5863816;;
50.204;-0.9947695;0.5863572;;
50.226;-1.025939;0.5855223;;
50.237;-1.025939;0.5855223;;
50.248;-1.057051;0.5852873;;
50.249;-1.057627;0.585283;;
50.27;-1.088487;0.5856418;;
50.272;-1.089116;0.5856491;;
50.293;-1.12026;0.5866081;;
50.294;-1.120575;0.5866178;;
50.315;-1.151493;0.5881647;;
50.316;-1.152113;0.5881957;;
50.338;-1.184092;0.5904189;;
50.34;-1.18445;0.5904437;;
50.36;-1.214517;0.5931146;;
50.362;-1.214843;0.5931436;;
50.3677466;;;-0.793723300589848;-0.239070958480314
50.135;-0.9003261;0.5925061;;
50.136;-0.9006903;0.5924685;;
50.158;-0.9324221;0.5898038;;
50.159;-0.9327768;0.589774;;
50.181;-0.9633147;0.5877996;;
50.182;-0.9635524;0.5877842;;
50.203;-0.9942344;0.5863816;;
50.204;-0.9947695;0.5863572;;
50.226;-1.025939;0.5855223;;
50.237;-1.025939;0.5855223;;
50.248;-1.057051;0.5852873;;
50.249;-1.057627;0.585283;;
50.27;-1.088487;0.5856418;;
50.272;-1.089116;0.5856491;;
50.293;-1.12026;0.5866081;;
50.294;-1.120575;0.5866178;;
50.315;-1.151493;0.5881647;;
50.316;-1.152113;0.5881957;;
50.338;-1.184092;0.5904189;;
50.34;-1.18445;0.5904437;;
50.36;-1.214517;0.5931146;;
50.362;-1.214843;0.5931436;;
50.383;-1.245006;0.5963896;;
50.384;-1.245296;0.5964208;;
50.406;-1.277027;0.6004509;;
50.406;-1.277131;0.6004641;;
50.426;-1.307302;0.6048805;;
50.428;-1.307628;0.6049282;;
50.4469565;;;-0.35250944232978;-0.204397413149944
50.226;-1.025939;0.5855223;;
50.237;-1.025939;0.5855223;;
50.248;-1.057051;0.5852873;;
50.249;-1.057627;0.585283;;
50.27;-1.088487;0.5856418;;
50.272;-1.089116;0.5856491;;
50.293;-1.12026;0.5866081;;
50.294;-1.120575;0.5866178;;
50.315;-1.151493;0.5881647;;
50.316;-1.152113;0.5881957;;
50.338;-1.184092;0.5904189;;
50.34;-1.18445;0.5904437;;
50.36;-1.214517;0.5931146;;
50.362;-1.214843;0.5931436;;
50.383;-1.245006;0.5963896;;
50.384;-1.245296;0.5964208;;
50.406;-1.277027;0.6004509;;
50.406;-1.277131;0.6004641;;
50.426;-1.307302;0.6048805;;
50.428;-1.307628;0.6049282;;
50.449;-1.338119;0.609983;;
50.45;-1.338418;0.6100326;;
50.47;-1.370705;0.6160374;;
50.471;-1.371039;0.6160994;;
50.492;-1.400243;0.6221146;;
50.493;-1.400513;0.6221702;;
50.514;-1.430836;0.6290166;;
50.515;-1.431762;0.6292255;;
50.5241609;;;-0.0995270648121049;-0.208818349645824
50.315;-1.151493;0.5881647;;
50.316;-1.152113;0.5881957;;
50.338;-1.184092;0.5904189;;
50.34;-1.18445;0.5904437;;
50.36;-1.214517;0.5931146;;
50.362;-1.214843;0.5931436;;
50.383;-1.245006;0.5963896;;
50.384;-1.245296;0.5964208;;
50.406;-1.277027;0.6004509;;
50.406;-1.277131;0.6004641;;
50.426;-1.307302;0.6048805;;
50.428;-1.307628;0.6049282;;
50.449;-1.338119;0.609983;;
50.45;-1.338418;0.6100326;;
50.47;-1.370705;0.6160374;;
50.471;-1.371039;0.6160994;;
50.492;-1.400243;0.6221146;;
50.493;-1.400513;0.6221702;;
50.514;-1.430836;0.6290166;;
50.515;-1.431762;0.6292255;;
50.536;-1.46295;0.636911;;
50.538;-1.463315;0.6370009;;
50.559;-1.492029;0.6446612;;
50.602;-1.538086;0.658117;;
50.6033711;;;0.0414844765299691;-0.204816962206434
50.383;-1.245006;0.5963896;;
50.384;-1.245296;0.5964208;;
50.406;-1.277027;0.6004509;;
50.406;-1.277131;0.6004641;;
50.426;-1.307302;0.6048805;;
50.428;-1.307628;0.6049282;;
50.449;-1.338119;0.609983;;
50.45;-1.338418;0.6100326;;
50.47;-1.370705;0.6160374;;
50.471;-1.371039;0.6160994;;
50.492;-1.400243;0.6221146;;
50.493;-1.400513;0.6221702;;
50.514;-1.430836;0.6290166;;
50.515;-1.431762;0.6292255;;
50.536;-1.46295;0.636911;;
50.538;-1.463315;0.6370009;;
50.559;-1.492029;0.6446612;;
50.602;-1.538086;0.658117;;
50.623;-1.56679;0.6672475;;
50.665;-1.626455;0.6881155;;
50.681578;;;0.0357331498563716;-0.205837482624601
50.47;-1.370705;0.6160374;;
50.471;-1.371039;0.6160994;;
50.492;-1.400243;0.6221146;;
50.493;-1.400513;0.6221702;;
50.514;-1.430836;0.6290166;;
50.515;-1.431762;0.6292255;;
50.536;-1.46295;0.636911;;
50.538;-1.463315;0.6370009;;
50.559;-1.492029;0.6446612;;
50.602;-1.538086;0.658117;;
50.623;-1.56679;0.6672475;;
50.665;-1.626455;0.6881155;;
50.75;-1.74217;0.7361965;;
50.752;-1.742462;0.7363179;;
50.7587826;;;0.152390416936086;-0.209212902315358
50.536;-1.46295;0.636911;;
50.538;-1.463315;0.6370009;;
50.559;-1.492029;0.6446612;;
50.602;-1.538086;0.658117;;
50.623;-1.56679;0.6672475;;
50.665;-1.626455;0.6881155;;
50.75;-1.74217;0.7361965;;
50.752;-1.742462;0.7363179;;
50.817;-1.82663;0.7780985;;
50.8490216;;;0.541164033061926;-0.220910792067177
50.665;-1.626455;0.6881155;;
50.75;-1.74217;0.7361965;;
50.752;-1.742462;0.7363179;;
50.817;-1.82663;0.7780985;;
50.925;-1.948587;0.8499434;;
50.9377569;;;0.422539780151405;-0.20090865911671
50.75;-1.74217;0.7361965;;
50.752;-1.742462;0.7363179;;
50.817;-1.82663;0.7780985;;
50.925;-1.948587;0.8499434;;
50.948;-1.974708;0.8672296;;
51.014;-2.051416;0.9223748;;
51.0269928;;;-0.0903249864861829;-0.207483352098762
50.817;-1.82663;0.7780985;;
50.925;-1.948587;0.8499434;;
50.948;-1.974708;0.8672296;;
51.014;-2.051416;0.9223748;;
51.037;-2.076041;0.9415357;;
51.038;-2.076246;0.941695;;
51.039;-2.086098;0.9495993;;
51.059;-2.100078;0.9609849;;
51.06;-2.100226;0.961106;;
51.081;-2.124374;0.9814287;;
51.082;-2.1246;0.981619;;
51.103;-2.14788;1.001986;;
51.104;-2.148112;1.002189;;
51.1167311;;;-0.854048593252716;-0.230167159865884
50.925;-1.948587;0.8499434;;
50.948;-1.974708;0.8672296;;
51.014;-2.051416;0.9223748;;
51.037;-2.076041;0.9415357;;
51.038;-2.076246;0.941695;;
51.039;-2.086098;0.9495993;;
51.059;-2.100078;0.9609849;;
51.06;-2.100226;0.961106;;
51.081;-2.124374;0.9814287;;
51.082;-2.1246;0.981619;;
51.103;-2.14788;1.001986;;
51.104;-2.148112;1.002189;;
51.127;-2.171221;1.023199;;
51.128;-2.180184;1.031588;;
51.152;-2.206121;1.056502;;
51.153;-2.206313;1.056687;;
51.173;-2.227952;1.078361;;
51.174;-2.228228;1.078637;;
51.194;-2.238596;1.089318;;
51.196;-2.248249;1.099449;;
51.2059671;;;-0.68426169219453;-0.216736511505252
51.014;-2.051416;0.9223748;;
51.037;-2.076041;0.9415357;;
51.038;-2.076246;0.941695;;
51.039;-2.086098;0.9495993;;
51.059;-2.100078;0.9609849;;
51.06;-2.100226;0.961106;;
51.081;-2.124374;0.9814287;;
51.082;-2.1246;0.981619;;
51.103;-2.14788;1.001986;;
51.104;-2.148112;1.002189;;
51.127;-2.171221;1.023199;;
51.128;-2.180184;1.031588;;
51.152;-2.206121;1.056502;;
51.153;-2.206313;1.056687;;
51.173;-2.227952;1.078361;;
51.174;-2.228228;1.078637;;
51.194;-2.238596;1.089318;;
51.196;-2.248249;1.099449;;
51.217;-2.270609;1.123562;;
51.239;-2.28096;1.135059;;
51.271;-2.301836;1.158936;;
51.272;-2.311095;1.169843;;
51.274;-2.312761;1.171806;;
51.283;-2.312761;1.171806;;
51.284676;;;-0.462374691867753;-0.17862149291643
51.059;-2.100078;0.9609849;;
51.06;-2.100226;0.961106;;
51.081;-2.124374;0.9814287;;
51.082;-2.1246;0.981619;;
51.103;-2.14788;1.001986;;
51.104;-2.148112;1.002189;;
51.127;-2.171221;1.023199;;
51.128;-2.180184;1.031588;;
51.152;-2.206121;1.056502;;
51.153;-2.206313;1.056687;;
51.173;-2.227952;1.078361;;
51.174;-2.228228;1.078637;;
51.194;-2.238596;1.089318;;
51.196;-2.248249;1.099449;;
51.217;-2.270609;1.123562;;
51.239;-2.28096;1.135059;;
51.271;-2.301836;1.158936;;
51.272;-2.311095;1.169843;;
51.274;-2.312761;1.171806;;
51.283;-2.312761;1.171806;;
51.285;-2.321207;1.181956;;
51.305;-2.340954;1.206326;;
51.306;-2.350622;1.218624;;
51.328;-2.361257;1.232403;;
51.33;-2.361361;1.232538;;
51.351;-2.379749;1.257144;;
51.352;-2.388381;1.269052;;
51.3628827;;;-0.777862311351515;-0.177299743813235
51.127;-2.171221;1.023199;;
51.128;-2.180184;1.031588;;
51.152;-2.206121;1.056502;;
51.153;-2.206313;1.056687;;
51.173;-2.227952;1.078361;;
51.174;-2.228228;1.078637;;
51.194;-2.238596;1.089318;;
51.196;-2.248249;1.099449;;
51.217;-2.270609;1.123562;;
51.239;-2.28096;1.135059;;
51.271;-2.301836;1.158936;;
51.272;-2.311095;1.169843;;
51.274;-2.312761;1.171806;;
51.283;-2.312761;1.171806;;
51.285;-2.321207;1.181956;;
51.305;-2.340954;1.206326;;
51.306;-2.350622;1.218624;;
51.328;-2.361257;1.232403;;
51.33;-2.361361;1.232538;;
51.351;-2.379749;1.257144;;
51.352;-2.388381;1.269052;;
51.374;-2.407765;1.296569;;
51.377;-2.40797;1.296861;;
51.42;-2.442039;1.348426;;
51.421;-2.442343;1.348887;;
51.422;-2.442441;1.349034;;
51.4405885;;;-0.724699983735731;-0.208315622263731
51.217;-2.270609;1.123562;;
51.239;-2.28096;1.135059;;
51.271;-2.301836;1.158936;;
51.272;-2.311095;1.169843;;
51.274;-2.312761;1.171806;;
51.283;-2.312761;1.171806;;
51.285;-2.321207;1.181956;;
51.305;-2.340954;1.206326;;
51.306;-2.350622;1.218624;;
51.328;-2.361257;1.232403;;
51.33;-2.361361;1.232538;;
51.351;-2.379749;1.257144;;
51.352;-2.388381;1.269052;;
51.374;-2.407765;1.296569;;
51.377;-2.40797;1.296861;;
51.42;-2.442039;1.348426;;
51.421;-2.442343;1.348887;;
51.422;-2.442441;1.349034;;
51.442;-2.458266;1.374524;;
51.443;-2.458275;1.374539;;
51.464;-2.474626;1.402014;;
51.465;-2.474788;1.402287;;
51.49;-2.490294;1.42954;;
51.491;-2.490425;1.429769;;
51.512;-2.505355;1.457223;;
51.514;-2.505494;1.457479;;
51.5187957;;;-0.0869747060143604;-0.207269592363919
51.285;-2.321207;1.181956;;
51.305;-2.340954;1.206326;;
51.306;-2.350622;1.218624;;
51.328;-2.361257;1.232403;;
51.33;-2.361361;1.232538;;
51.351;-2.379749;1.257144;;
51.352;-2.388381;1.269052;;
51.374;-2.407765;1.296569;;
51.377;-2.40797;1.296861;;
51.42;-2.442039;1.348426;;
51.421;-2.442343;1.348887;;
51.422;-2.442441;1.349034;;
51.442;-2.458266;1.374524;;
51.443;-2.458275;1.374539;;
51.464;-2.474626;1.402014;;
51.465;-2.474788;1.402287;;
51.49;-2.490294;1.42954;;
51.491;-2.490425;1.429769;;
51.512;-2.505355;1.457223;;
51.514;-2.505494;1.457479;;
51.536;-2.519373;1.484194;;
51.537;-2.519632;1.484693;;
51.559;-2.533742;1.513166;;
51.56;-2.533873;1.51343;;
51.582;-2.546933;1.541107;;
51.583;-2.547045;1.541345;;
51.5970034;;;0.922701502196856;-0.133834840225012
51.374;-2.407765;1.296569;;
51.377;-2.40797;1.296861;;
51.42;-2.442039;1.348426;;
51.421;-2.442343;1.348887;;
51.422;-2.442441;1.349034;;
51.442;-2.458266;1.374524;;
51.443;-2.458275;1.374539;;
51.464;-2.474626;1.402014;;
51.465;-2.474788;1.402287;;
51.49;-2.490294;1.42954;;
51.491;-2.490425;1.429769;;
51.512;-2.505355;1.457223;;
51.514;-2.505494;1.457479;;
51.536;-2.519373;1.484194;;
51.537;-2.519632;1.484693;;
51.559;-2.533742;1.513166;;
51.56;-2.533873;1.51343;;
51.582;-2.546933;1.541107;;
51.583;-2.547045;1.541345;;
51.606;-2.559522;1.569136;;
51.608;-2.559875;1.569923;;
51.609;-2.564816;1.581368;;
51.629;-2.572088;1.598571;;
51.654;-2.589603;1.642569;;
51.655;-2.589882;1.64327;;
51.656;-2.589942;1.643422;;
51.6757113;;;0.0897513933278293;-0.129333319935724
51.464;-2.474626;1.402014;;
51.465;-2.474788;1.402287;;
51.49;-2.490294;1.42954;;
51.491;-2.490425;1.429769;;
51.512;-2.505355;1.457223;;
51.514;-2.505494;1.457479;;
51.536;-2.519373;1.484194;;
51.537;-2.519632;1.484693;;
51.559;-2.533742;1.513166;;
51.56;-2.533873;1.51343;;
51.582;-2.546933;1.541107;;
51.583;-2.547045;1.541345;;
51.606;-2.559522;1.569136;;
51.608;-2.559875;1.569923;;
51.609;-2.564816;1.581368;;
51.629;-2.572088;1.598571;;
51.654;-2.589603;1.642569;;
51.655;-2.589882;1.64327;;
51.656;-2.589942;1.643422;;
51.676;-2.600452;1.671785;;
51.677;-2.600584;1.672141;;
51.699;-2.610979;1.701924;;
51.7;-2.61106;1.702159;;
51.729;-2.621068;1.732735;;
51.73;-2.621123;1.732904;;
51.742;-2.62534;1.746431;;
51.744;-2.629412;1.759931;;
51.7534171;;;-0.0555828688072383;-0.146664427081001
51.512;-2.505355;1.457223;;
51.514;-2.505494;1.457479;;
51.536;-2.519373;1.484194;;
51.537;-2.519632;1.484693;;
51.559;-2.533742;1.513166;;
51.56;-2.533873;1.51343;;
51.582;-2.546933;1.541107;;
51.583;-2.547045;1.541345;;
51.606;-2.559522;1.569136;;
51.608;-2.559875;1.569923;;
51.609;-2.564816;1.581368;;
51.629;-2.572088;1.598571;;
51.654;-2.589603;1.642569;;
51.655;-2.589882;1.64327;;
51.656;-2.589942;1.643422;;
51.676;-2.600452;1.671785;;
51.677;-2.600584;1.672141;;
51.699;-2.610979;1.701924;;
51.7;-2.61106;1.702159;;
51.729;-2.621068;1.732735;;
51.73;-2.621123;1.732904;;
51.742;-2.62534;1.746431;;
51.744;-2.629412;1.759931;;
51.765;-2.638474;1.791524;;
51.766;-2.638685;1.792262;;
51.787;-2.646682;1.822418;;
51.788;-2.64676;1.822714;;
51.809;-2.654064;1.852533;;
51.811;-2.654129;1.852799;;
51.8321258;;;-0.0417433795419731;-0.195240044797992
51.606;-2.559522;1.569136;;
51.608;-2.559875;1.569923;;
51.609;-2.564816;1.581368;;
51.629;-2.572088;1.598571;;
51.654;-2.589603;1.642569;;
51.655;-2.589882;1.64327;;
51.656;-2.589942;1.643422;;
51.676;-2.600452;1.671785;;
51.677;-2.600584;1.672141;;
51.699;-2.610979;1.701924;;
51.7;-2.61106;1.702159;;
51.729;-2.621068;1.732735;;
51.73;-2.621123;1.732904;;
51.742;-2.62534;1.746431;;
51.744;-2.629412;1.759931;;
51.765;-2.638474;1.791524;;
51.766;-2.638685;1.792262;;
51.787;-2.646682;1.822418;;
51.788;-2.64676;1.822714;;
51.809;-2.654064;1.852533;;
51.811;-2.654129;1.852799;;
51.832;-2.660806;1.882458;;
51.833;-2.660812;1.882482;;
51.854;-2.667319;1.914205;;
51.855;-2.667383;1.914507;;
51.877;-2.67306;1.945214;;
51.878;-2.673112;1.945494;;
51.899;-2.678131;1.975873;;
51.901;-2.678191;1.976235;;
51.9098314;;;0.0207044946567336;-0.228726318589215
51.699;-2.610979;1.701924;;
51.7;-2.61106;1.702159;;
51.729;-2.621068;1.732735;;
51.73;-2.621123;1.732904;;
51.742;-2.62534;1.746431;;
51.744;-2.629412;1.759931;;
51.765;-2.638474;1.791524;;
51.766;-2.638685;1.792262;;
51.787;-2.646682;1.822418;;
51.788;-2.64676;1.822714;;
51.809;-2.654064;1.852533;;
51.811;-2.654129;1.852799;;
51.832;-2.660806;1.882458;;
51.833;-2.660812;1.882482;;
51.854;-2.667319;1.914205;;
51.855;-2.667383;1.914507;;
51.877;-2.67306;1.945214;;
51.878;-2.673112;1.945494;;
51.899;-2.678131;1.975873;;
51.901;-2.678191;1.976235;;
51.921;-2.682656;2.006869;;
51.922;-2.682701;2.007181;;
51.943;-2.684695;2.022369;;
51.965;-2.688327;2.053461;;
51.967;-2.689774;2.067575;;
51.988;-2.692673;2.100354;;
51.9885401;;;0.0748976572549004;-0.214957764944125
51.765;-2.638474;1.791524;;
51.766;-2.638685;1.792262;;
51.787;-2.646682;1.822418;;
51.788;-2.64676;1.822714;;
51.809;-2.654064;1.852533;;
51.811;-2.654129;1.852799;;
51.832;-2.660806;1.882458;;
51.833;-2.660812;1.882482;;
51.854;-2.667319;1.914205;;
51.855;-2.667383;1.914507;;
51.877;-2.67306;1.945214;;
51.878;-2.673112;1.945494;;
51.899;-2.678131;1.975873;;
51.901;-2.678191;1.976235;;
51.921;-2.682656;2.006869;;
51.922;-2.682701;2.007181;;
51.943;-2.684695;2.022369;;
51.965;-2.688327;2.053461;;
51.967;-2.689774;2.067575;;
51.988;-2.692673;2.100354;;
51.989;-2.692731;2.101008;;
51.99;-2.692736;2.101058;;
52.01;-2.694853;2.132042;;
52.012;-2.694876;2.132377;;
52.033;-2.695696;2.147554;;
52.035;-2.696419;2.163772;;
52.056;-2.697378;2.196035;;
52.057;-2.697378;2.196035;;
52.066246;;;0.00240152160402785;-0.143586922039396
51.832;-2.660806;1.882458;;
51.833;-2.660812;1.882482;;
51.854;-2.667319;1.914205;;
51.855;-2.667383;1.914507;;
51.877;-2.67306;1.945214;;
51.878;-2.673112;1.945494;;
51.899;-2.678131;1.975873;;
51.901;-2.678191;1.976235;;
51.921;-2.682656;2.006869;;
51.922;-2.682701;2.007181;;
51.943;-2.684695;2.022369;;
51.965;-2.688327;2.053461;;
51.967;-2.689774;2.067575;;
51.988;-2.692673;2.100354;;
51.989;-2.692731;2.101008;;
51.99;-2.692736;2.101058;;
52.01;-2.694853;2.132042;;
52.012;-2.694876;2.132377;;
52.033;-2.695696;2.147554;;
52.035;-2.696419;2.163772;;
52.056;-2.697378;2.196035;;
52.057;-2.697378;2.196035;;
52.078;-2.697698;2.226074;;
52.1;-2.697456;2.256819;;
52.102;-2.697452;2.257429;;
52.103;-2.697451;2.257497;;
52.123;-2.696604;2.288622;;
52.124;-2.696586;2.289266;;
52.1444529;;;0.00685790475067138;-0.0859936222939626
51.899;-2.678131;1.975873;;
51.901;-2.678191;1.976235;;
51.921;-2.682656;2.006869;;
51.922;-2.682701;2.007181;;
51.943;-2.684695;2.022369;;
51.965;-2.688327;2.053461;;
51.967;-2.689774;2.067575;;
51.988;-2.692673;2.100354;;
51.989;-2.692731;2.101008;;
51.99;-2.692736;2.101058;;
52.01;-2.694853;2.132042;;
52.012;-2.694876;2.132377;;
52.033;-2.695696;2.147554;;
52.035;-2.696419;2.163772;;
52.056;-2.697378;2.196035;;
52.057;-2.697378;2.196035;;
52.078;-2.697698;2.226074;;
52.1;-2.697456;2.256819;;
52.102;-2.697452;2.257429;;
52.103;-2.697451;2.257497;;
52.123;-2.696604;2.288622;;
52.124;-2.696586;2.289266;;
52.145;-2.695128;2.320633;;
52.147;-2.695127;2.320657;;
52.176;-2.693128;2.351235;;
52.189;-2.68918;2.39577;;
52.2226611;;;-0.00837147249563691;-0.0481600206796197
51.988;-2.692673;2.100354;;
51.989;-2.692731;2.101008;;
51.99;-2.692736;2.101058;;
52.01;-2.694853;2.132042;;
52.012;-2.694876;2.132377;;
52.033;-2.695696;2.147554;;
52.035;-2.696419;2.163772;;
52.056;-2.697378;2.196035;;
52.057;-2.697378;2.196035;;
52.078;-2.697698;2.226074;;
52.1;-2.697456;2.256819;;
52.102;-2.697452;2.257429;;
52.103;-2.697451;2.257497;;
52.123;-2.696604;2.288622;;
52.124;-2.696586;2.289266;;
52.145;-2.695128;2.320633;;
52.147;-2.695127;2.320657;;
52.176;-2.693128;2.351235;;
52.189;-2.68918;2.39577;;
52.234;-2.683404;2.445018;;
52.236;-2.683375;2.445261;;
52.257;-2.678937;2.476352;;
52.258;-2.678895;2.476649;;
52.26;-2.678886;2.476712;;
52.28;-2.673965;2.507007;;
52.282;-2.67386;2.507652;;
52.3008672;;;0.891700856772416;0.0909702433307079
52.056;-2.697378;2.196035;;
52.057;-2.697378;2.196035;;
52.078;-2.697698;2.226074;;
52.1;-2.697456;2.256819;;
52.102;-2.697452;2.257429;;
52.103;-2.697451;2.257497;;
52.123;-2.696604;2.288622;;
52.124;-2.696586;2.289266;;
52.145;-2.695128;2.320633;;
52.147;-2.695127;2.320657;;
52.176;-2.693128;2.351235;;
52.189;-2.68918;2.39577;;
52.234;-2.683404;2.445018;;
52.236;-2.683375;2.445261;;
52.257;-2.678937;2.476352;;
52.258;-2.678895;2.476649;;
52.26;-2.678886;2.476712;;
52.28;-2.673965;2.507007;;
52.282;-2.67386;2.507652;;
52.302;-2.668417;2.537581;;
52.303;-2.668412;2.537608;;
52.324;-2.662222;2.568365;;
52.325;-2.662149;2.568729;;
52.348;-2.65535;2.599398;;
52.35;-2.655221;2.599982;;
52.3790746;;;0.902876273282005;0.226601598082186
52.1;-2.697456;2.256819;;
52.102;-2.697452;2.257429;;
52.103;-2.697451;2.257497;;
52.123;-2.696604;2.288622;;
52.124;-2.696586;2.289266;;
52.145;-2.695128;2.320633;;
52.147;-2.695127;2.320657;;
52.176;-2.693128;2.351235;;
52.189;-2.68918;2.39577;;
52.234;-2.683404;2.445018;;
52.236;-2.683375;2.445261;;
52.257;-2.678937;2.476352;;
52.258;-2.678895;2.476649;;
52.26;-2.678886;2.476712;;
52.28;-2.673965;2.507007;;
52.282;-2.67386;2.507652;;
52.302;-2.668417;2.537581;;
52.303;-2.668412;2.537608;;
52.324;-2.662222;2.568365;;
52.325;-2.662149;2.568729;;
52.348;-2.65535;2.599398;;
52.35;-2.655221;2.599982;;
52.391;-2.639614;2.661779;;
52.4572818;;;0.886091693396876;0.307690464699789
52.1;-2.697456;2.256819;;
52.102;-2.697452;2.257429;;
52.103;-2.697451;2.257497;;
52.123;-2.696604;2.288622;;
52.124;-2.696586;2.289266;;
52.145;-2.695128;2.320633;;
52.147;-2.695127;2.320657;;
52.176;-2.693128;2.351235;;
52.189;-2.68918;2.39577;;
52.234;-2.683404;2.445018;;
52.236;-2.683375;2.445261;;
52.257;-2.678937;2.476352;;
52.258;-2.678895;2.476649;;
52.26;-2.678886;2.476712;;
52.28;-2.673965;2.507007;;
52.282;-2.67386;2.507652;;
52.302;-2.668417;2.537581;;
52.303;-2.668412;2.537608;;
52.324;-2.662222;2.568365;;
52.325;-2.662149;2.568729;;
52.348;-2.65535;2.599398;;
52.35;-2.655221;2.599982;;
52.391;-2.639614;2.661779;;
52.5349874;;;0.886091693396876;0.304639647299791
52.1;-2.697456;2.256819;;
52.102;-2.697452;2.257429;;
52.103;-2.697451;2.257497;;
52.123;-2.696604;2.288622;;
52.124;-2.696586;2.289266;;
52.145;-2.695128;2.320633;;
52.147;-2.695127;2.320657;;
52.176;-2.693128;2.351235;;
52.189;-2.68918;2.39577;;
52.234;-2.683404;2.445018;;
52.236;-2.683375;2.445261;;
52.257;-2.678937;2.476352;;
52.258;-2.678895;2.476649;;
52.26;-2.678886;2.476712;;
52.28;-2.673965;2.507007;;
52.282;-2.67386;2.507652;;
52.302;-2.668417;2.537581;;
52.303;-2.668412;2.537608;;
52.324;-2.662222;2.568365;;
52.325;-2.662149;2.568729;;
52.348;-2.65535;2.599398;;
52.35;-2.655221;2.599982;;
52.391;-2.639614;2.661779;;
52.6136966;;;0.886091693396876;0.371001338972211
52.1;-2.697456;2.256819;;
52.102;-2.697452;2.257429;;
52.103;-2.697451;2.257497;;
52.123;-2.696604;2.288622;;
52.124;-2.696586;2.289266;;
52.145;-2.695128;2.320633;;
52.147;-2.695127;2.320657;;
52.176;-2.693128;2.351235;;
52.189;-2.68918;2.39577;;
52.234;-2.683404;2.445018;;
52.236;-2.683375;2.445261;;
52.257;-2.678937;2.476352;;
52.258;-2.678895;2.476649;;
52.26;-2.678886;2.476712;;
52.28;-2.673965;2.507007;;
52.282;-2.67386;2.507652;;
52.302;-2.668417;2.537581;;
52.303;-2.668412;2.537608;;
52.324;-2.662222;2.568365;;
52.325;-2.662149;2.568729;;
52.348;-2.65535;2.599398;;
52.35;-2.655221;2.599982;;
52.391;-2.639614;2.661779;;
52.6914014;;;0.886091693396876;0.449474219155887
52.1;-2.697456;2.256819;;
52.102;-2.697452;2.257429;;
52.103;-2.697451;2.257497;;
52.123;-2.696604;2.288622;;
52.124;-2.696586;2.289266;;
52.145;-2.695128;2.320633;;
52.147;-2.695127;2.320657;;
52.176;-2.693128;2.351235;;
52.189;-2.68918;2.39577;;
52.234;-2.683404;2.445018;;
52.236;-2.683375;2.445261;;
52.257;-2.678937;2.476352;;
52.258;-2.678895;2.476649;;
52.26;-2.678886;2.476712;;
52.28;-2.673965;2.507007;;
52.282;-2.67386;2.507652;;
52.302;-2.668417;2.537581;;
52.303;-2.668412;2.537608;;
52.324;-2.662222;2.568365;;
52.325;-2.662149;2.568729;;
52.348;-2.65535;2.599398;;
52.35;-2.655221;2.599982;;
52.391;-2.639614;2.661779;;
52.7701104;;;0.886091693396876;0.526793808567458
52.817;-2.383457;3.19524;;
52.848318;;;0;0.52506843401273
52.817;-2.383457;3.19524;;
52.9375538;;;0;0.518826962574822
52.817;-2.383457;3.19524;;
52.972;-2.242255;3.364291;;
52.995;-2.221237;3.385909;;
53.019;-2.198547;3.408351;;
53.0262887;;;0.363523327772631;0.548920446422206
52.817;-2.383457;3.19524;;
52.972;-2.242255;3.364291;;
52.995;-2.221237;3.385909;;
53.019;-2.198547;3.408351;;
53.1160267;;;0.363523327772631;0.578642565007369
52.817;-2.383457;3.19524;;
52.972;-2.242255;3.364291;;
52.995;-2.221237;3.385909;;
53.019;-2.198547;3.408351;;
53.2052625;;;0.363523327772631;0.609633798363058
52.995;-2.221237;3.385909;;
53.019;-2.198547;3.408351;;
53.24;-1.953094;3.604556;;
53.266;-1.930503;3.619049;;
53.284;-1.90101;3.637231;;
53.294499;;;-0.648594206797899;0.481275876398865
53.24;-1.953094;3.604556;;
53.266;-1.930503;3.619049;;
53.284;-1.90101;3.637231;;
53.307;-1.872607;3.653935;;
53.309;-1.872339;3.654093;;
53.33;-1.846248;3.66875;;
53.351;-1.818332;3.683751;;
53.374;-1.790213;3.698178;;
53.375;-1.789912;3.698332;;
53.376;-1.789912;3.698332;;
53.3842367;;;-0.791031528282797;0.340116892935131
53.24;-1.953094;3.604556;;
53.266;-1.930503;3.619049;;
53.284;-1.90101;3.637231;;
53.307;-1.872607;3.653935;;
53.309;-1.872339;3.654093;;
53.33;-1.846248;3.66875;;
53.351;-1.818332;3.683751;;
53.374;-1.790213;3.698178;;
53.375;-1.789912;3.698332;;
53.376;-1.789912;3.698332;;
53.397;-1.762148;3.711902;;
53.419;-1.734549;3.724759;;
53.421;-1.733996;3.725016;;
53.441;-1.705031;3.737836;;
53.442;-1.704766;3.737953;;
53.463;-1.677076;3.74958;;
53.465;-1.67626;3.749923;;
53.4729717;;;-0.777401254992566;0.201492480569345
53.24;-1.953094;3.604556;;
53.266;-1.930503;3.619049;;
53.284;-1.90101;3.637231;;
53.307;-1.872607;3.653935;;
53.309;-1.872339;3.654093;;
53.33;-1.846248;3.66875;;
53.351;-1.818332;3.683751;;
53.374;-1.790213;3.698178;;
53.375;-1.789912;3.698332;;
53.376;-1.789912;3.698332;;
53.397;-1.762148;3.711902;;
53.419;-1.734549;3.724759;;
53.421;-1.733996;3.725016;;
53.441;-1.705031;3.737836;;
53.442;-1.704766;3.737953;;
53.463;-1.677076;3.74958;;
53.465;-1.67626;3.749923;;
53.487;-1.647426;3.761395;;
53.488;-1.647155;3.761502;;
53.49;-1.647101;3.761524;;
53.509;-1.617078;3.772791;;
53.531;-1.588649;3.782861;;
53.533;-1.588145;3.78304;;
53.5521821;;;-0.664868848846214;0.0722457687157539
53.33;-1.846248;3.66875;;
53.351;-1.818332;3.683751;;
53.374;-1.790213;3.698178;;
53.375;-1.789912;3.698332;;
53.376;-1.789912;3.698332;;
53.397;-1.762148;3.711902;;
53.419;-1.734549;3.724759;;
53.421;-1.733996;3.725016;;
53.441;-1.705031;3.737836;;
53.442;-1.704766;3.737953;;
53.463;-1.677076;3.74958;;
53.465;-1.67626;3.749923;;
53.487;-1.647426;3.761395;;
53.488;-1.647155;3.761502;;
53.49;-1.647101;3.761524;;
53.509;-1.617078;3.772791;;
53.531;-1.588649;3.782861;;
53.533;-1.588145;3.78304;;
53.552;-1.558946;3.792758;;
53.554;-1.558892;3.792777;;
53.575;-1.527953;3.802426;;
53.576;-1.527658;3.802518;;
53.598;-1.499418;3.81073;;
53.6;-1.498589;3.810971;;
53.62;-1.467851;3.81928;;
53.621;-1.467468;3.819384;;
53.6298875;;;-0.436133934797073;-0.0379397003004086
53.419;-1.734549;3.724759;;
53.421;-1.733996;3.725016;;
53.441;-1.705031;3.737836;;
53.442;-1.704766;3.737953;;
53.463;-1.677076;3.74958;;
53.465;-1.67626;3.749923;;
53.487;-1.647426;3.761395;;
53.488;-1.647155;3.761502;;
53.49;-1.647101;3.761524;;
53.509;-1.617078;3.772791;;
53.531;-1.588649;3.782861;;
53.533;-1.588145;3.78304;;
53.552;-1.558946;3.792758;;
53.554;-1.558892;3.792777;;
53.575;-1.527953;3.802426;;
53.576;-1.527658;3.802518;;
53.598;-1.499418;3.81073;;
53.6;-1.498589;3.810971;;
53.62;-1.467851;3.81928;;
53.621;-1.467468;3.819384;;
53.642;-1.437879;3.826774;;
53.643;-1.43759;3.826846;;
53.663;-1.422223;3.830453;;
53.665;-1.410568;3.833073;;
53.688;-1.375538;3.840464;;
53.689;-1.375245;3.840526;;
53.709;-1.360929;3.843311;;
53.7101;;;0.859743198732575;-0.0401354081891003
53.463;-1.677076;3.74958;;
53.465;-1.67626;3.749923;;
53.487;-1.647426;3.761395;;
53.488;-1.647155;3.761502;;
53.49;-1.647101;3.761524;;
53.509;-1.617078;3.772791;;
53.531;-1.588649;3.782861;;
53.533;-1.588145;3.78304;;
53.552;-1.558946;3.792758;;
53.554;-1.558892;3.792777;;
53.575;-1.527953;3.802426;;
53.576;-1.527658;3.802518;;
53.598;-1.499418;3.81073;;
53.6;-1.498589;3.810971;;
53.62;-1.467851;3.81928;;
53.621;-1.467468;3.819384;;
53.642;-1.437879;3.826774;;
53.643;-1.43759;3.826846;;
53.663;-1.422223;3.830453;;
53.665;-1.410568;3.833073;;
53.688;-1.375538;3.840464;;
53.689;-1.375245;3.840526;;
53.709;-1.360929;3.843311;;
53.711;-1.345313;3.8462;;
53.733;-1.315526;3.85125;;
53.734;-1.313892;3.851536;;
53.755;-1.283364;3.856127;;
53.756;-1.283008;3.856181;;
53.7888084;;;0.971851854042848;-0.0329887281352693
53.509;-1.617078;3.772791;;
53.531;-1.588649;3.782861;;
53.533;-1.588145;3.78304;;
53.552;-1.558946;3.792758;;
53.554;-1.558892;3.792777;;
53.575;-1.527953;3.802426;;
53.576;-1.527658;3.802518;;
53.598;-1.499418;3.81073;;
53.6;-1.498589;3.810971;;
53.62;-1.467851;3.81928;;
53.621;-1.467468;3.819384;;
53.642;-1.437879;3.826774;;
53.643;-1.43759;3.826846;;
53.663;-1.422223;3.830453;;
53.665;-1.410568;3.833073;;
53.688;-1.375538;3.840464;;
53.689;-1.375245;3.840526;;
53.709;-1.360929;3.843311;;
53.711;-1.345313;3.8462;;
53.733;-1.315526;3.85125;;
53.734;-1.313892;3.851536;;
53.755;-1.283364;3.856127;;
53.756;-1.283008;3.856181;;
53.792;-1.2308;3.862498;;
53.8;-1.220874;3.863699;;
53.802;-1.220358;3.863762;;
53.875538;;;0.928226441222472;0.0443634752999367
53.642;-1.437879;3.826774;;
53.643;-1.43759;3.826846;;
53.663;-1.422223;3.830453;;
53.665;-1.410568;3.833073;;
53.688;-1.375538;3.840464;;
53.689;-1.375245;3.840526;;
53.709;-1.360929;3.843311;;
53.711;-1.345313;3.8462;;
53.733;-1.315526;3.85125;;
53.734;-1.313892;3.851536;;
53.755;-1.283364;3.856127;;
53.756;-1.283008;3.856181;;
53.792;-1.2308;3.862498;;
53.8;-1.220874;3.863699;;
53.802;-1.220358;3.863762;;
53.933;-1.033192;3.872024;;
53.9532442;;;0.609802908703765;0.0951803843585838
53.733;-1.315526;3.85125;;
53.734;-1.313892;3.851536;;
53.755;-1.283364;3.856127;;
53.756;-1.283008;3.856181;;
53.792;-1.2308;3.862498;;
53.8;-1.220874;3.863699;;
53.802;-1.220358;3.863762;;
53.933;-1.033192;3.872024;;
53.956;-1.002104;3.871348;;
53.957;-1.001827;3.871342;;
53.977;-0.9707975;3.870055;;
53.978;-0.9704099;3.870039;;
54;-0.9401022;3.8682;;
54.001;-0.9390481;3.868136;;
54.022;-0.9079481;3.86565;;
54.0319523;;;0.811978864606685;0.132551679094755
53.792;-1.2308;3.862498;;
53.8;-1.220874;3.863699;;
53.802;-1.220358;3.863762;;
53.933;-1.033192;3.872024;;
53.956;-1.002104;3.871348;;
53.957;-1.001827;3.871342;;
53.977;-0.9707975;3.870055;;
53.978;-0.9704099;3.870039;;
54;-0.9401022;3.8682;;
54.001;-0.9390481;3.868136;;
54.022;-0.9079481;3.86565;;
54.045;-0.8764205;3.862526;;
54.046;-0.876161;3.8625;;
54.067;-0.8451303;3.858812;;
54.068;-0.8446181;3.858752;;
54.089;-0.8148578;3.854643;;
54.09;-0.8142981;3.854566;;
54.1101595;;;0.471597068858089;0.14155782418521
53.933;-1.033192;3.872024;;
53.956;-1.002104;3.871348;;
53.957;-1.001827;3.871342;;
53.977;-0.9707975;3.870055;;
53.978;-0.9704099;3.870039;;
54;-0.9401022;3.8682;;
54.001;-0.9390481;3.868136;;
54.022;-0.9079481;3.86565;;
54.045;-0.8764205;3.862526;;
54.046;-0.876161;3.8625;;
54.067;-0.8451303;3.858812;;
54.068;-0.8446181;3.858752;;
54.089;-0.8148578;3.854643;;
54.09;-0.8142981;3.854566;;
54.111;-0.7830362;3.849642;;
54.113;-0.7827125;3.849591;;
54.134;-0.7521802;3.844176;;
54.135;-0.7518754;3.844122;;
54.157;-0.7208833;3.838009;;
54.158;-0.7205994;3.837953;;
54.159;-0.7205526;3.837944;;
54.178;-0.6905627;3.831429;;
54.1883669;;;0.0369789670685293;0.114345794126534
53.956;-1.002104;3.871348;;
53.957;-1.001827;3.871342;;
53.977;-0.9707975;3.870055;;
53.978;-0.9704099;3.870039;;
54;-0.9401022;3.8682;;
54.001;-0.9390481;3.868136;;
54.022;-0.9079481;3.86565;;
54.045;-0.8764205;3.862526;;
54.046;-0.876161;3.8625;;
54.067;-0.8451303;3.858812;;
54.068;-0.8446181;3.858752;;
54.089;-0.8148578;3.854643;;
54.09;-0.8142981;3.854566;;
54.111;-0.7830362;3.849642;;
54.113;-0.7827125;3.849591;;
54.134;-0.7521802;3.844176;;
54.135;-0.7518754;3.844122;;
54.157;-0.7208833;3.838009;;
54.158;-0.7205994;3.837953;;
54.159;-0.7205526;3.837944;;
54.178;-0.6905627;3.831429;;
54.2;-0.6751819;3.827863;;
54.201;-0.6628702;3.824884;;
54.222;-0.6296902;3.816374;;
54.224;-0.6282641;3.816008;;
54.246;-0.5990497;3.807877;;
54.2680876;;;-0.0350840526551909;0.165471640305094
54.022;-0.9079481;3.86565;;
54.045;-0.8764205;3.862526;;
54.046;-0.876161;3.8625;;
54.067;-0.8451303;3.858812;;
54.068;-0.8446181;3.858752;;
54.089;-0.8148578;3.854643;;
54.09;-0.8142981;3.854566;;
54.111;-0.7830362;3.849642;;
54.113;-0.7827125;3.849591;;
54.134;-0.7521802;3.844176;;
54.135;-0.7518754;3.844122;;
54.157;-0.7208833;3.838009;;
54.158;-0.7205994;3.837953;;
54.159;-0.7205526;3.837944;;
54.178;-0.6905627;3.831429;;
54.2;-0.6751819;3.827863;;
54.201;-0.6628702;3.824884;;
54.222;-0.6296902;3.816374;;
54.224;-0.6282641;3.816008;;
54.246;-0.5990497;3.807877;;
54.268;-0.5699865;3.799198;;
54.27;-0.5689834;3.798898;;
54.279;-0.5686756;3.798806;;
54.291;-0.5539285;3.794166;;
54.292;-0.553585;3.794058;;
54.292;-0.5535235;3.794039;;
54.293;-0.5533816;3.793994;;
54.294;-0.5533332;3.793979;;
54.312;-0.5121058;3.780173;;
54.313;-0.5116498;3.78002;;
54.313;-0.5115727;3.779994;;
54.314;-0.5115365;3.779983;;
54.3347638;;;0.0839197439073976;0.238384246320943
54.111;-0.7830362;3.849642;;
54.113;-0.7827125;3.849591;;
54.134;-0.7521802;3.844176;;
54.135;-0.7518754;3.844122;;
54.157;-0.7208833;3.838009;;
54.158;-0.7205994;3.837953;;
54.159;-0.7205526;3.837944;;
54.178;-0.6905627;3.831429;;
54.2;-0.6751819;3.827863;;
54.201;-0.6628702;3.824884;;
54.222;-0.6296902;3.816374;;
54.224;-0.6282641;3.816008;;
54.246;-0.5990497;3.807877;;
54.268;-0.5699865;3.799198;;
54.27;-0.5689834;3.798898;;
54.279;-0.5686756;3.798806;;
54.291;-0.5539285;3.794166;;
54.292;-0.553585;3.794058;;
54.292;-0.5535235;3.794039;;
54.293;-0.5533816;3.793994;;
54.294;-0.5533332;3.793979;;
54.312;-0.5121058;3.780173;;
54.313;-0.5116498;3.78002;;
54.313;-0.5115727;3.779994;;
54.314;-0.5115365;3.779983;;
54.335;-0.4812216;3.769026;;
54.336;-0.4811571;3.769002;;
54.336;-0.4811269;3.768991;;
54.338;-0.4800855;3.768615;;
54.358;-0.4491509;3.756723;;
54.359;-0.4489043;3.756628;;
54.36;-0.4488111;3.756593;;
54.361;-0.4487717;3.756577;;
54.38;-0.4214666;3.745468;;
54.381;-0.4212039;3.745362;;
54.382;-0.4211341;3.745333;;
54.383;-0.4211135;3.745325;;
54.402;-0.3932654;3.733381;;
54.403;-0.3924175;3.733017;;
54.404;-0.3921318;3.732895;;
54.405;-0.3918294;3.732765;;
54.4114669;;;0.032939122243589;0.305912611090623
54.178;-0.6905627;3.831429;;
54.2;-0.6751819;3.827863;;
54.201;-0.6628702;3.824884;;
54.222;-0.6296902;3.816374;;
54.224;-0.6282641;3.816008;;
54.246;-0.5990497;3.807877;;
54.268;-0.5699865;3.799198;;
54.27;-0.5689834;3.798898;;
54.279;-0.5686756;3.798806;;
54.291;-0.5539285;3.794166;;
54.292;-0.553585;3.794058;;
54.292;-0.5535235;3.794039;;
54.293;-0.5533816;3.793994;;
54.294;-0.5533332;3.793979;;
54.312;-0.5121058;3.780173;;
54.313;-0.5116498;3.78002;;
54.313;-0.5115727;3.779994;;
54.314;-0.5115365;3.779983;;
54.335;-0.4812216;3.769026;;
54.336;-0.4811571;3.769002;;
54.336;-0.4811269;3.768991;;
54.338;-0.4800855;3.768615;;
54.358;-0.4491509;3.756723;;
54.359;-0.4489043;3.756628;;
54.36;-0.4488111;3.756593;;
54.361;-0.4487717;3.756577;;
54.38;-0.4214666;3.745468;;
54.381;-0.4212039;3.745362;;
54.382;-0.4211341;3.745333;;
54.383;-0.4211135;3.745325;;
54.402;-0.3932654;3.733381;;
54.403;-0.3924175;3.733017;;
54.404;-0.3921318;3.732895;;
54.405;-0.3918294;3.732765;;
54.428;-0.3627695;3.719628;;
54.429;-0.3627695;3.719628;;
54.43;-0.3627695;3.719628;;
54.43;-0.3627695;3.719628;;
54.449;-0.3316002;3.704766;;
54.45;-0.3312824;3.704615;;
54.45;-0.3312277;3.704589;;
54.451;-0.331192;3.704572;;
54.452;-0.3311868;3.704569;;
54.453;-0.3311855;3.704569;;
54.471;-0.3070763;3.692507;;
54.472;-0.3067978;3.692368;;
54.4896738;;;0.164142307266489;0.374996874100015
54.268;-0.5699865;3.799198;;
54.27;-0.5689834;3.798898;;
54.279;-0.5686756;3.798806;;
54.291;-0.5539285;3.794166;;
54.292;-0.553585;3.794058;;
54.292;-0.5535235;3.794039;;
54.293;-0.5533816;3.793994;;
54.294;-0.5533332;3.793979;;
54.312;-0.5121058;3.780173;;
54.313;-0.5116498;3.78002;;
54.313;-0.5115727;3.779994;;
54.314;-0.5115365;3.779983;;
54.335;-0.4812216;3.769026;;
54.336;-0.4811571;3.769002;;
54.336;-0.4811269;3.768991;;
54.338;-0.4800855;3.768615;;
54.358;-0.4491509;3.756723;;
54.359;-0.4489043;3.756628;;
54.36;-0.4488111;3.756593;;
54.361;-0.4487717;3.756577;;
54.38;-0.4214666;3.745468;;
54.381;-0.4212039;3.745362;;
54.382;-0.4211341;3.745333;;
54.383;-0.4211135;3.745325;;
54.402;-0.3932654;3.733381;;
54.403;-0.3924175;3.733017;;
54.404;-0.3921318;3.732895;;
54.405;-0.3918294;3.732765;;
54.428;-0.3627695;3.719628;;
54.429;-0.3627695;3.719628;;
54.43;-0.3627695;3.719628;;
54.43;-0.3627695;3.719628;;
54.449;-0.3316002;3.704766;;
54.45;-0.3312824;3.704615;;
54.45;-0.3312277;3.704589;;
54.451;-0.331192;3.704572;;
54.452;-0.3311868;3.704569;;
54.453;-0.3311855;3.704569;;
54.471;-0.3070763;3.692507;;
54.472;-0.3067978;3.692368;;
54.492;-0.2792884;3.677986;;
54.493;-0.279001;3.677836;;
54.494;-0.2789583;3.677814;;
54.495;-0.2789524;3.677811;;
54.495;-0.2789514;3.67781;;
54.496;-0.2789508;3.67781;;
54.516;-0.2520796;3.663109;;
54.516;-0.2520796;3.663109;;
54.538;-0.2248;3.647505;;
54.539;-0.2245815;3.64738;;
54.539;-0.2245638;3.64737;;
54.54;-0.2244981;3.647332;;
54.559;-0.197747;3.631339;;
54.56;-0.1974607;3.631167;;
54.5683825;;;0.746256984347644;0.473529450695408
54.335;-0.4812216;3.769026;;
54.336;-0.4811571;3.769002;;
54.336;-0.4811269;3.768991;;
54.338;-0.4800855;3.768615;;
54.358;-0.4491509;3.756723;;
54.359;-0.4489043;3.756628;;
54.36;-0.4488111;3.756593;;
54.361;-0.4487717;3.756577;;
54.38;-0.4214666;3.745468;;
54.381;-0.4212039;3.745362;;
54.382;-0.4211341;3.745333;;
54.383;-0.4211135;3.745325;;
54.402;-0.3932654;3.733381;;
54.403;-0.3924175;3.733017;;
54.404;-0.3921318;3.732895;;
54.405;-0.3918294;3.732765;;
54.428;-0.3627695;3.719628;;
54.429;-0.3627695;3.719628;;
54.43;-0.3627695;3.719628;;
54.43;-0.3627695;3.719628;;
54.449;-0.3316002;3.704766;;
54.45;-0.3312824;3.704615;;
54.45;-0.3312277;3.704589;;
54.451;-0.331192;3.704572;;
54.452;-0.3311868;3.704569;;
54.453;-0.3311855;3.704569;;
54.471;-0.3070763;3.692507;;
54.472;-0.3067978;3.692368;;
54.492;-0.2792884;3.677986;;
54.493;-0.279001;3.677836;;
54.494;-0.2789583;3.677814;;
54.495;-0.2789524;3.677811;;
54.495;-0.2789514;3.67781;;
54.496;-0.2789508;3.67781;;
54.516;-0.2520796;3.663109;;
54.516;-0.2520796;3.663109;;
54.538;-0.2248;3.647505;;
54.539;-0.2245815;3.64738;;
54.539;-0.2245638;3.64737;;
54.54;-0.2244981;3.647332;;
54.559;-0.197747;3.631339;;
54.56;-0.1974607;3.631167;;
54.581;-0.1848445;3.623379;;
54.583;-0.1845035;3.623169;;
54.605;-0.1578214;3.606164;;
54.605;-0.157674;3.60607;;
54.606;-0.1575545;3.605994;;
54.606;-0.1575136;3.605968;;
54.607;-0.1575136;3.605968;;
54.607;-0.1575136;3.605968;;
54.608;-0.1575136;3.605968;;
54.627;-0.1192183;3.58024;;
54.628;-0.1185377;3.579783;;
54.6355603;;;0.106562924332284;0.410764427828717
54.38;-0.4214666;3.745468;;
54.381;-0.4212039;3.745362;;
54.382;-0.4211341;3.745333;;
54.383;-0.4211135;3.745325;;
54.402;-0.3932654;3.733381;;
54.403;-0.3924175;3.733017;;
54.404;-0.3921318;3.732895;;
54.405;-0.3918294;3.732765;;
54.428;-0.3627695;3.719628;;
54.429;-0.3627695;3.719628;;
54.43;-0.3627695;3.719628;;
54.43;-0.3627695;3.719628;;
54.449;-0.3316002;3.704766;;
54.45;-0.3312824;3.704615;;
54.45;-0.3312277;3.704589;;
54.451;-0.331192;3.704572;;
54.452;-0.3311868;3.704569;;
54.453;-0.3311855;3.704569;;
54.471;-0.3070763;3.692507;;
54.472;-0.3067978;3.692368;;
54.492;-0.2792884;3.677986;;
54.493;-0.279001;3.677836;;
54.494;-0.2789583;3.677814;;
54.495;-0.2789524;3.677811;;
54.495;-0.2789514;3.67781;;
54.496;-0.2789508;3.67781;;
54.516;-0.2520796;3.663109;;
54.516;-0.2520796;3.663109;;
54.538;-0.2248;3.647505;;
54.539;-0.2245815;3.64738;;
54.539;-0.2245638;3.64737;;
54.54;-0.2244981;3.647332;;
54.559;-0.197747;3.631339;;
54.56;-0.1974607;3.631167;;
54.581;-0.1848445;3.623379;;
54.583;-0.1845035;3.623169;;
54.605;-0.1578214;3.606164;;
54.605;-0.157674;3.60607;;
54.606;-0.1575545;3.605994;;
54.606;-0.1575136;3.605968;;
54.607;-0.1575136;3.605968;;
54.607;-0.1575136;3.605968;;
54.608;-0.1575136;3.605968;;
54.627;-0.1192183;3.58024;;
54.628;-0.1185377;3.579783;;
54.656;-0.1055547;3.570705;;
54.656;-0.1054855;3.570656;;
54.657;-0.1054453;3.570628;;
54.658;-0.105438;3.570623;;
54.672;-0.09320735;3.561891;;
54.673;-0.09320735;3.561891;;
54.674;-0.09320735;3.561891;;
54.675;-0.09320735;3.561891;;
54.675;-0.09320735;3.561891;;
54.676;-0.09320735;3.561891;;
54.6912078;;;0.0408997199987181;0.333185083325039
54.449;-0.3316002;3.704766;;
54.45;-0.3312824;3.704615;;
54.45;-0.3312277;3.704589;;
54.451;-0.331192;3.704572;;
54.452;-0.3311868;3.704569;;
54.453;-0.3311855;3.704569;;
54.471;-0.3070763;3.692507;;
54.472;-0.3067978;3.692368;;
54.492;-0.2792884;3.677986;;
54.493;-0.279001;3.677836;;
54.494;-0.2789583;3.677814;;
54.495;-0.2789524;3.677811;;
54.495;-0.2789514;3.67781;;
54.496;-0.2789508;3.67781;;
54.516;-0.2520796;3.663109;;
54.516;-0.2520796;3.663109;;
54.538;-0.2248;3.647505;;
54.539;-0.2245815;3.64738;;
54.539;-0.2245638;3.64737;;
54.54;-0.2244981;3.647332;;
54.559;-0.197747;3.631339;;
54.56;-0.1974607;3.631167;;
54.581;-0.1848445;3.623379;;
54.583;-0.1845035;3.623169;;
54.605;-0.1578214;3.606164;;
54.605;-0.157674;3.60607;;
54.606;-0.1575545;3.605994;;
54.606;-0.1575136;3.605968;;
54.607;-0.1575136;3.605968;;
54.607;-0.1575136;3.605968;;
54.608;-0.1575136;3.605968;;
54.627;-0.1192183;3.58024;;
54.628;-0.1185377;3.579783;;
54.656;-0.1055547;3.570705;;
54.656;-0.1054855;3.570656;;
54.657;-0.1054453;3.570628;;
54.658;-0.105438;3.570623;;
54.672;-0.09320735;3.561891;;
54.673;-0.09320735;3.561891;;
54.674;-0.09320735;3.561891;;
54.675;-0.09320735;3.561891;;
54.675;-0.09320735;3.561891;;
54.676;-0.09320735;3.561891;;
54.696;-0.04374416;3.5248;;
54.697;-0.04374416;3.5248;;
54.718;-0.03004126;3.513998;;
54.719;-0.02992764;3.513908;;
54.719;-0.02992168;3.513903;;
54.72;-0.02988917;3.513878;;
54.721;-0.02987875;3.51387;;
54.721;-0.02987812;3.513869;;
54.739;0.004493413;3.485693;;
54.74;0.004880035;3.485376;;
54.7583856;;;-0.0533213069606673;0.303453822533831
54.516;-0.2520796;3.663109;;
54.516;-0.2520796;3.663109;;
54.538;-0.2248;3.647505;;
54.539;-0.2245815;3.64738;;
54.539;-0.2245638;3.64737;;
54.54;-0.2244981;3.647332;;
54.559;-0.197747;3.631339;;
54.56;-0.1974607;3.631167;;
54.581;-0.1848445;3.623379;;
54.583;-0.1845035;3.623169;;
54.605;-0.1578214;3.606164;;
54.605;-0.157674;3.60607;;
54.606;-0.1575545;3.605994;;
54.606;-0.1575136;3.605968;;
54.607;-0.1575136;3.605968;;
54.607;-0.1575136;3.605968;;
54.608;-0.1575136;3.605968;;
54.627;-0.1192183;3.58024;;
54.628;-0.1185377;3.579783;;
54.656;-0.1055547;3.570705;;
54.656;-0.1054855;3.570656;;
54.657;-0.1054453;3.570628;;
54.658;-0.105438;3.570623;;
54.672;-0.09320735;3.561891;;
54.673;-0.09320735;3.561891;;
54.674;-0.09320735;3.561891;;
54.675;-0.09320735;3.561891;;
54.675;-0.09320735;3.561891;;
54.676;-0.09320735;3.561891;;
54.696;-0.04374416;3.5248;;
54.697;-0.04374416;3.5248;;
54.718;-0.03004126;3.513998;;
54.719;-0.02992764;3.513908;;
54.719;-0.02992168;3.513903;;
54.72;-0.02988917;3.513878;;
54.721;-0.02987875;3.51387;;
54.721;-0.02987812;3.513869;;
54.739;0.004493413;3.485693;;
54.74;0.004880035;3.485376;;
54.761;0.02992631;3.463829;;
54.762;0.03022335;3.463573;;
54.763;0.03022335;3.463573;;
54.785;0.04150797;3.45357;;
54.786;0.04161348;3.453476;;
54.787;0.04163159;3.45346;;
54.807;0.07452527;3.423191;;
54.8250624;;;-0.102246556359447;0.224186668873683
54.605;-0.1578214;3.606164;;
54.605;-0.157674;3.60607;;
54.606;-0.1575545;3.605994;;
54.606;-0.1575136;3.605968;;
54.607;-0.1575136;3.605968;;
54.607;-0.1575136;3.605968;;
54.608;-0.1575136;3.605968;;
54.627;-0.1192183;3.58024;;
54.628;-0.1185377;3.579783;;
54.656;-0.1055547;3.570705;;
54.656;-0.1054855;3.570656;;
54.657;-0.1054453;3.570628;;
54.658;-0.105438;3.570623;;
54.672;-0.09320735;3.561891;;
54.673;-0.09320735;3.561891;;
54.674;-0.09320735;3.561891;;
54.675;-0.09320735;3.561891;;
54.675;-0.09320735;3.561891;;
54.676;-0.09320735;3.561891;;
54.696;-0.04374416;3.5248;;
54.697;-0.04374416;3.5248;;
54.718;-0.03004126;3.513998;;
54.719;-0.02992764;3.513908;;
54.719;-0.02992168;3.513903;;
54.72;-0.02988917;3.513878;;
54.721;-0.02987875;3.51387;;
54.721;-0.02987812;3.513869;;
54.739;0.004493413;3.485693;;
54.74;0.004880035;3.485376;;
54.761;0.02992631;3.463829;;
54.762;0.03022335;3.463573;;
54.763;0.03022335;3.463573;;
54.785;0.04150797;3.45357;;
54.786;0.04161348;3.453476;;
54.787;0.04163159;3.45346;;
54.807;0.07452527;3.423191;;
54.829;0.09841152;3.400173;;
54.83;0.09862195;3.39997;;
54.831;0.09867574;3.399918;;
54.851;0.1207219;3.377794;;
54.873;0.1422049;3.355403;;
54.874;0.1426282;3.354962;;
54.896;0.16364;3.332198;;
54.898;0.1640084;3.331799;;
54.9;0.1640755;3.331726;;
54.9042721;;;-0.13630158012671;0.166794015886724
54.656;-0.1055547;3.570705;;
54.656;-0.1054855;3.570656;;
54.657;-0.1054453;3.570628;;
54.658;-0.105438;3.570623;;
54.672;-0.09320735;3.561891;;
54.673;-0.09320735;3.561891;;
54.674;-0.09320735;3.561891;;
54.675;-0.09320735;3.561891;;
54.675;-0.09320735;3.561891;;
54.676;-0.09320735;3.561891;;
54.696;-0.04374416;3.5248;;
54.697;-0.04374416;3.5248;;
54.718;-0.03004126;3.513998;;
54.719;-0.02992764;3.513908;;
54.719;-0.02992168;3.513903;;
54.72;-0.02988917;3.513878;;
54.721;-0.02987875;3.51387;;
54.721;-0.02987812;3.513869;;
54.739;0.004493413;3.485693;;
54.74;0.004880035;3.485376;;
54.761;0.02992631;3.463829;;
54.762;0.03022335;3.463573;;
54.763;0.03022335;3.463573;;
54.785;0.04150797;3.45357;;
54.786;0.04161348;3.453476;;
54.787;0.04163159;3.45346;;
54.807;0.07452527;3.423191;;
54.829;0.09841152;3.400173;;
54.83;0.09862195;3.39997;;
54.831;0.09867574;3.399918;;
54.851;0.1207219;3.377794;;
54.873;0.1422049;3.355403;;
54.874;0.1426282;3.354962;;
54.896;0.16364;3.332198;;
54.898;0.1640084;3.331799;;
54.9;0.1640755;3.331726;;
54.922;0.1741771;3.320462;;
54.943;0.1955564;3.295918;;
54.944;0.1957691;3.295674;;
54.9819777;;;-0.0427613257493217;0.101044770474723
54.761;0.02992631;3.463829;;
54.762;0.03022335;3.463573;;
54.763;0.03022335;3.463573;;
54.785;0.04150797;3.45357;;
54.786;0.04161348;3.453476;;
54.787;0.04163159;3.45346;;
54.807;0.07452527;3.423191;;
54.829;0.09841152;3.400173;;
54.83;0.09862195;3.39997;;
54.831;0.09867574;3.399918;;
54.851;0.1207219;3.377794;;
54.873;0.1422049;3.355403;;
54.874;0.1426282;3.354962;;
54.896;0.16364;3.332198;;
54.898;0.1640084;3.331799;;
54.9;0.1640755;3.331726;;
54.922;0.1741771;3.320462;;
54.943;0.1955564;3.295918;;
54.944;0.1957691;3.295674;;
55.018;0.2739099;3.196559;;
55.021;0.2746768;3.195586;;
55.022;0.2749059;3.195296;;
55.023;0.2749589;3.195229;;
55.024;0.2749712;3.195213;;
55.024;0.2749733;3.19521;;
55.025;0.2749745;3.195209;;
55.026;0.2749747;3.195209;;
55.026;0.2749748;3.195209;;
55.032;0.2790622;3.189541;;
55.032;0.2792965;3.189216;;
55.038;0.2822576;3.185111;;
55.038;0.2823336;3.185006;;
55.043;0.2902935;3.17377;;
55.045;0.2909911;3.172786;;
55.046;0.2911046;3.172626;;
55.047;0.2911434;3.172571;;
55.048;0.2911518;3.172559;;
55.049;0.2911537;3.172556;;
55.0596836;;;-0.282501409123168;0.0430371952453958
54.851;0.1207219;3.377794;;
54.873;0.1422049;3.355403;;
54.874;0.1426282;3.354962;;
54.896;0.16364;3.332198;;
54.898;0.1640084;3.331799;;
54.9;0.1640755;3.331726;;
54.922;0.1741771;3.320462;;
54.943;0.1955564;3.295918;;
54.944;0.1957691;3.295674;;
55.018;0.2739099;3.196559;;
55.021;0.2746768;3.195586;;
55.022;0.2749059;3.195296;;
55.023;0.2749589;3.195229;;
55.024;0.2749712;3.195213;;
55.024;0.2749733;3.19521;;
55.025;0.2749745;3.195209;;
55.026;0.2749747;3.195209;;
55.026;0.2749748;3.195209;;
55.032;0.2790622;3.189541;;
55.032;0.2792965;3.189216;;
55.038;0.2822576;3.185111;;
55.038;0.2823336;3.185006;;
55.043;0.2902935;3.17377;;
55.045;0.2909911;3.172786;;
55.046;0.2911046;3.172626;;
55.047;0.2911434;3.172571;;
55.048;0.2911518;3.172559;;
55.049;0.2911537;3.172556;;
55.068;0.3116484;3.142636;;
55.069;0.3118631;3.142322;;
55.07;0.3119076;3.142257;;
55.07;0.3119151;3.142246;;
55.09;0.3258836;3.120994;;
55.091;0.3261313;3.120617;;
55.093;0.3262293;3.120468;;
55.093;0.3262293;3.120468;;
55.112;0.3430115;3.093935;;
55.113;0.3430115;3.093935;;
55.114;0.3430115;3.093935;;
55.115;0.3430115;3.093935;;
55.134;0.3591084;3.067367;;
55.135;0.3594142;3.066863;;
55.136;0.3595051;3.066713;;
55.137;0.3595215;3.066685;;
55.1383925;;;-0.508660271971793;0.00106494608844796
54.922;0.1741771;3.320462;;
54.943;0.1955564;3.295918;;
54.944;0.1957691;3.295674;;
55.018;0.2739099;3.196559;;
55.021;0.2746768;3.195586;;
55.022;0.2749059;3.195296;;
55.023;0.2749589;3.195229;;
55.024;0.2749712;3.195213;;
55.024;0.2749733;3.19521;;
55.025;0.2749745;3.195209;;
55.026;0.2749747;3.195209;;
55.026;0.2749748;3.195209;;
55.032;0.2790622;3.189541;;
55.032;0.2792965;3.189216;;
55.038;0.2822576;3.185111;;
55.038;0.2823336;3.185006;;
55.043;0.2902935;3.17377;;
55.045;0.2909911;3.172786;;
55.046;0.2911046;3.172626;;
55.047;0.2911434;3.172571;;
55.048;0.2911518;3.172559;;
55.049;0.2911537;3.172556;;
55.068;0.3116484;3.142636;;
55.069;0.3118631;3.142322;;
55.07;0.3119076;3.142257;;
55.07;0.3119151;3.142246;;
55.09;0.3258836;3.120994;;
55.091;0.3261313;3.120617;;
55.093;0.3262293;3.120468;;
55.093;0.3262293;3.120468;;
55.112;0.3430115;3.093935;;
55.113;0.3430115;3.093935;;
55.114;0.3430115;3.093935;;
55.115;0.3430115;3.093935;;
55.134;0.3591084;3.067367;;
55.135;0.3594142;3.066863;;
55.136;0.3595051;3.066713;;
55.137;0.3595215;3.066685;;
55.158;0.3749833;3.040025;;
55.158;0.3750652;3.039884;;
55.159;0.3751521;3.039734;;
55.16;0.3751655;3.039711;;
55.18;0.3935768;3.006354;;
55.181;0.3937522;3.006036;;
55.182;0.3937959;3.005957;;
55.183;0.3938068;3.005937;;
55.202;0.4048489;2.984999;;
55.204;0.4049749;2.98476;;
55.204;0.4049846;2.984741;;
55.205;0.404991;2.984729;;
55.2160979;;;-0.0912350423733207;-0.00325436081294664
55.018;0.2739099;3.196559;;
55.021;0.2746768;3.195586;;
55.022;0.2749059;3.195296;;
55.023;0.2749589;3.195229;;
55.024;0.2749712;3.195213;;
55.024;0.2749733;3.19521;;
55.025;0.2749745;3.195209;;
55.026;0.2749747;3.195209;;
55.026;0.2749748;3.195209;;
55.032;0.2790622;3.189541;;
55.032;0.2792965;3.189216;;
55.038;0.2822576;3.185111;;
55.038;0.2823336;3.185006;;
55.043;0.2902935;3.17377;;
55.045;0.2909911;3.172786;;
55.046;0.2911046;3.172626;;
55.047;0.2911434;3.172571;;
55.048;0.2911518;3.172559;;
55.049;0.2911537;3.172556;;
55.068;0.3116484;3.142636;;
55.069;0.3118631;3.142322;;
55.07;0.3119076;3.142257;;
55.07;0.3119151;3.142246;;
55.09;0.3258836;3.120994;;
55.091;0.3261313;3.120617;;
55.093;0.3262293;3.120468;;
55.093;0.3262293;3.120468;;
55.112;0.3430115;3.093935;;
55.113;0.3430115;3.093935;;
55.114;0.3430115;3.093935;;
55.115;0.3430115;3.093935;;
55.134;0.3591084;3.067367;;
55.135;0.3594142;3.066863;;
55.136;0.3595051;3.066713;;
55.137;0.3595215;3.066685;;
55.158;0.3749833;3.040025;;
55.158;0.3750652;3.039884;;
55.159;0.3751521;3.039734;;
55.16;0.3751655;3.039711;;
55.18;0.3935768;3.006354;;
55.181;0.3937522;3.006036;;
55.182;0.3937959;3.005957;;
55.183;0.3938068;3.005937;;
55.202;0.4048489;2.984999;;
55.204;0.4049749;2.98476;;
55.204;0.4049846;2.984741;;
55.205;0.404991;2.984729;;
55.225;0.4191061;2.95683;;
55.225;0.4192125;2.956619;;
55.226;0.4192731;2.956499;;
55.227;0.4192818;2.956482;;
55.246;0.4264554;2.941771;;
55.247;0.4265363;2.941605;;
55.248;0.4265475;2.941582;;
55.249;0.42655;2.941577;;
55.269;0.4436086;2.904953;;
55.269;0.4438617;2.90441;;
55.27;0.4441201;2.903855;;
55.271;0.4442316;2.903615;;
55.2832765;;;0.0173861769888969;-0.00837232749898516
55.043;0.2902935;3.17377;;
55.045;0.2909911;3.172786;;
55.046;0.2911046;3.172626;;
55.047;0.2911434;3.172571;;
55.048;0.2911518;3.172559;;
55.049;0.2911537;3.172556;;
55.068;0.3116484;3.142636;;
55.069;0.3118631;3.142322;;
55.07;0.3119076;3.142257;;
55.07;0.3119151;3.142246;;
55.09;0.3258836;3.120994;;
55.091;0.3261313;3.120617;;
55.093;0.3262293;3.120468;;
55.093;0.3262293;3.120468;;
55.112;0.3430115;3.093935;;
55.113;0.3430115;3.093935;;
55.114;0.3430115;3.093935;;
55.115;0.3430115;3.093935;;
55.134;0.3591084;3.067367;;
55.135;0.3594142;3.066863;;
55.136;0.3595051;3.066713;;
55.137;0.3595215;3.066685;;
55.158;0.3749833;3.040025;;
55.158;0.3750652;3.039884;;
55.159;0.3751521;3.039734;;
55.16;0.3751655;3.039711;;
55.18;0.3935768;3.006354;;
55.181;0.3937522;3.006036;;
55.182;0.3937959;3.005957;;
55.183;0.3938068;3.005937;;
55.202;0.4048489;2.984999;;
55.204;0.4049749;2.98476;;
55.204;0.4049846;2.984741;;
55.205;0.404991;2.984729;;
55.225;0.4191061;2.95683;;
55.225;0.4192125;2.956619;;
55.226;0.4192731;2.956499;;
55.227;0.4192818;2.956482;;
55.246;0.4264554;2.941771;;
55.247;0.4265363;2.941605;;
55.248;0.4265475;2.941582;;
55.249;0.42655;2.941577;;
55.269;0.4436086;2.904953;;
55.269;0.4438617;2.90441;;
55.27;0.4441201;2.903855;;
55.271;0.4442316;2.903615;;
55.29;0.4582736;2.871517;;
55.291;0.4584036;2.87122;;
55.291;0.4584634;2.871083;;
55.292;0.4584634;2.871083;;
55.312;0.4647611;2.856045;;
55.312;0.4647611;2.856045;;
55.333;0.4823922;2.811502;;
55.334;0.4825641;2.811067;;
55.335;0.4825946;2.81099;;
55.336;0.4826;2.810977;;
55.337;0.482601;2.810974;;
55.338;0.4826012;2.810974;;
55.3504543;;;-0.0349418414302602;-0.0135939400892813
55.112;0.3430115;3.093935;;
55.113;0.3430115;3.093935;;
55.114;0.3430115;3.093935;;
55.115;0.3430115;3.093935;;
55.134;0.3591084;3.067367;;
55.135;0.3594142;3.066863;;
55.136;0.3595051;3.066713;;
55.137;0.3595215;3.066685;;
55.158;0.3749833;3.040025;;
55.158;0.3750652;3.039884;;
55.159;0.3751521;3.039734;;
55.16;0.3751655;3.039711;;
55.18;0.3935768;3.006354;;
55.181;0.3937522;3.006036;;
55.182;0.3937959;3.005957;;
55.183;0.3938068;3.005937;;
55.202;0.4048489;2.984999;;
55.204;0.4049749;2.98476;;
55.204;0.4049846;2.984741;;
55.205;0.404991;2.984729;;
55.225;0.4191061;2.95683;;
55.225;0.4192125;2.956619;;
55.226;0.4192731;2.956499;;
55.227;0.4192818;2.956482;;
55.246;0.4264554;2.941771;;
55.247;0.4265363;2.941605;;
55.248;0.4265475;2.941582;;
55.249;0.42655;2.941577;;
55.269;0.4436086;2.904953;;
55.269;0.4438617;2.90441;;
55.27;0.4441201;2.903855;;
55.271;0.4442316;2.903615;;
55.29;0.4582736;2.871517;;
55.291;0.4584036;2.87122;;
55.291;0.4584634;2.871083;;
55.292;0.4584634;2.871083;;
55.312;0.4647611;2.856045;;
55.312;0.4647611;2.856045;;
55.333;0.4823922;2.811502;;
55.334;0.4825641;2.811067;;
55.335;0.4825946;2.81099;;
55.336;0.4826;2.810977;;
55.337;0.482601;2.810974;;
55.338;0.4826012;2.810974;;
55.356;0.4926157;2.78381;;
55.357;0.4927179;2.783533;;
55.358;0.4927475;2.783453;;
55.359;0.4927519;2.783441;;
55.378;0.4927534;2.783437;;
55.38;0.4927534;2.783437;;
55.401;0.5029433;2.754119;;
55.403;0.5032044;2.753368;;
55.404;0.5032942;2.753109;;
55.405;0.5033071;2.753072;;
55.406;0.50331;2.753064;;
55.4066027;;;-0.182343622072027;-0.0402467038845517
55.18;0.3935768;3.006354;;
55.181;0.3937522;3.006036;;
55.182;0.3937959;3.005957;;
55.183;0.3938068;3.005937;;
55.202;0.4048489;2.984999;;
55.204;0.4049749;2.98476;;
55.204;0.4049846;2.984741;;
55.205;0.404991;2.984729;;
55.225;0.4191061;2.95683;;
55.225;0.4192125;2.956619;;
55.226;0.4192731;2.956499;;
55.227;0.4192818;2.956482;;
55.246;0.4264554;2.941771;;
55.247;0.4265363;2.941605;;
55.248;0.4265475;2.941582;;
55.249;0.42655;2.941577;;
55.269;0.4436086;2.904953;;
55.269;0.4438617;2.90441;;
55.27;0.4441201;2.903855;;
55.271;0.4442316;2.903615;;
55.29;0.4582736;2.871517;;
55.291;0.4584036;2.87122;;
55.291;0.4584634;2.871083;;
55.292;0.4584634;2.871083;;
55.312;0.4647611;2.856045;;
55.312;0.4647611;2.856045;;
55.333;0.4823922;2.811502;;
55.334;0.4825641;2.811067;;
55.335;0.4825946;2.81099;;
55.336;0.4826;2.810977;;
55.337;0.482601;2.810974;;
55.338;0.4826012;2.810974;;
55.356;0.4926157;2.78381;;
55.357;0.4927179;2.783533;;
55.358;0.4927475;2.783453;;
55.359;0.4927519;2.783441;;
55.378;0.4927534;2.783437;;
55.38;0.4927534;2.783437;;
55.401;0.5029433;2.754119;;
55.403;0.5032044;2.753368;;
55.404;0.5032942;2.753109;;
55.405;0.5033071;2.753072;;
55.406;0.50331;2.753064;;
55.407;0.51475;2.717345;;
55.425;0.517545;2.708619;;
55.426;0.5178542;2.707653;;
55.427;0.5180557;2.707024;;
55.428;0.5180994;2.706888;;
55.446;0.5264254;2.678589;;
55.447;0.5265151;2.678284;;
55.448;0.5265337;2.678221;;
55.449;0.5265375;2.678208;;
55.469;0.5385272;2.633642;;
55.47;0.5386478;2.633193;;
55.471;0.5386715;2.633105;;
55.472;0.5386762;2.633088;;
55.4737803;;;-0.148516522508345;-0.109075435181166
55.246;0.4264554;2.941771;;
55.247;0.4265363;2.941605;;
55.248;0.4265475;2.941582;;
55.249;0.42655;2.941577;;
55.269;0.4436086;2.904953;;
55.269;0.4438617;2.90441;;
55.27;0.4441201;2.903855;;
55.271;0.4442316;2.903615;;
55.29;0.4582736;2.871517;;
55.291;0.4584036;2.87122;;
55.291;0.4584634;2.871083;;
55.292;0.4584634;2.871083;;
55.312;0.4647611;2.856045;;
55.312;0.4647611;2.856045;;
55.333;0.4823922;2.811502;;
55.334;0.4825641;2.811067;;
55.335;0.4825946;2.81099;;
55.336;0.4826;2.810977;;
55.337;0.482601;2.810974;;
55.338;0.4826012;2.810974;;
55.356;0.4926157;2.78381;;
55.357;0.4927179;2.783533;;
55.358;0.4927475;2.783453;;
55.359;0.4927519;2.783441;;
55.378;0.4927534;2.783437;;
55.38;0.4927534;2.783437;;
55.401;0.5029433;2.754119;;
55.403;0.5032044;2.753368;;
55.404;0.5032942;2.753109;;
55.405;0.5033071;2.753072;;
55.406;0.50331;2.753064;;
55.407;0.51475;2.717345;;
55.425;0.517545;2.708619;;
55.426;0.5178542;2.707653;;
55.427;0.5180557;2.707024;;
55.428;0.5180994;2.706888;;
55.446;0.5264254;2.678589;;
55.447;0.5265151;2.678284;;
55.448;0.5265337;2.678221;;
55.449;0.5265375;2.678208;;
55.469;0.5385272;2.633642;;
55.47;0.5386478;2.633193;;
55.471;0.5386715;2.633105;;
55.472;0.5386762;2.633088;;
55.491;0.5426864;2.616939;;
55.492;0.5427619;2.616635;;
55.514;0.5497163;2.586781;;
55.515;0.5497742;2.586533;;
55.516;0.5497904;2.586463;;
55.517;0.5497957;2.58644;;
55.518;0.5497966;2.586437;;
55.519;0.5497968;2.586436;;
55.536;0.5587209;2.543586;;
55.537;0.5590241;2.54213;;
55.539;0.5592125;2.541225;;
55.5409589;;;-0.053647330554404;-0.121399300941681
55.312;0.4647611;2.856045;;
55.312;0.4647611;2.856045;;
55.333;0.4823922;2.811502;;
55.334;0.4825641;2.811067;;
55.335;0.4825946;2.81099;;
55.336;0.4826;2.810977;;
55.337;0.482601;2.810974;;
55.338;0.4826012;2.810974;;
55.356;0.4926157;2.78381;;
55.357;0.4927179;2.783533;;
55.358;0.4927475;2.783453;;
55.359;0.4927519;2.783441;;
55.378;0.4927534;2.783437;;
55.38;0.4927534;2.783437;;
55.401;0.5029433;2.754119;;
55.403;0.5032044;2.753368;;
55.404;0.5032942;2.753109;;
55.405;0.5033071;2.753072;;
55.406;0.50331;2.753064;;
55.407;0.51475;2.717345;;
55.425;0.517545;2.708619;;
55.426;0.5178542;2.707653;;
55.427;0.5180557;2.707024;;
55.428;0.5180994;2.706888;;
55.446;0.5264254;2.678589;;
55.447;0.5265151;2.678284;;
55.448;0.5265337;2.678221;;
55.449;0.5265375;2.678208;;
55.469;0.5385272;2.633642;;
55.47;0.5386478;2.633193;;
55.471;0.5386715;2.633105;;
55.472;0.5386762;2.633088;;
55.491;0.5426864;2.616939;;
55.492;0.5427619;2.616635;;
55.514;0.5497163;2.586781;;
55.515;0.5497742;2.586533;;
55.516;0.5497904;2.586463;;
55.517;0.5497957;2.58644;;
55.518;0.5497966;2.586437;;
55.519;0.5497968;2.586436;;
55.536;0.5587209;2.543586;;
55.537;0.5590241;2.54213;;
55.539;0.5592125;2.541225;;
55.557;0.5628853;2.521625;;
55.558;0.5629273;2.521401;;
55.559;0.5629336;2.521367;;
55.56;0.5629352;2.521359;;
55.56;0.5629355;2.521357;;
55.579;0.5677058;2.493623;;
55.601;0.5743691;2.448893;;
55.602;0.5744545;2.44832;;
55.602;0.574468;2.44823;;
55.603;0.5745151;2.447913;;
55.6076349;;;-0.00920349763073586;-0.125253394605485
55.378;0.4927534;2.783437;;
55.38;0.4927534;2.783437;;
55.401;0.5029433;2.754119;;
55.403;0.5032044;2.753368;;
55.404;0.5032942;2.753109;;
55.405;0.5033071;2.753072;;
55.406;0.50331;2.753064;;
55.407;0.51475;2.717345;;
55.425;0.517545;2.708619;;
55.426;0.5178542;2.707653;;
55.427;0.5180557;2.707024;;
55.428;0.5180994;2.706888;;
55.446;0.5264254;2.678589;;
55.447;0.5265151;2.678284;;
55.448;0.5265337;2.678221;;
55.449;0.5265375;2.678208;;
55.469;0.5385272;2.633642;;
55.47;0.5386478;2.633193;;
55.471;0.5386715;2.633105;;
55.472;0.5386762;2.633088;;
55.491;0.5426864;2.616939;;
55.492;0.5427619;2.616635;;
55.514;0.5497163;2.586781;;
55.515;0.5497742;2.586533;;
55.516;0.5497904;2.586463;;
55.517;0.5497957;2.58644;;
55.518;0.5497966;2.586437;;
55.519;0.5497968;2.586436;;
55.536;0.5587209;2.543586;;
55.537;0.5590241;2.54213;;
55.539;0.5592125;2.541225;;
55.557;0.5628853;2.521625;;
55.558;0.5629273;2.521401;;
55.559;0.5629336;2.521367;;
55.56;0.5629352;2.521359;;
55.56;0.5629355;2.521357;;
55.579;0.5677058;2.493623;;
55.601;0.5743691;2.448893;;
55.602;0.5744545;2.44832;;
55.602;0.574468;2.44823;;
55.603;0.5745151;2.447913;;
55.623;0.5765828;2.431924;;
55.624;0.5766382;2.431496;;
55.626;0.5767043;2.430984;;
55.627;0.5767111;2.430932;;
55.646;0.5801132;2.40122;;
55.648;0.5801839;2.400602;;
55.649;0.5801961;2.400496;;
55.651;0.5802028;2.400437;;
55.668;0.5843024;2.355363;;
55.669;0.584351;2.354828;;
55.67;0.5843626;2.354701;;
55.671;0.5843626;2.354701;;
55.6863433;;;0.000527110644433559;-0.121111208635862
55.446;0.5264254;2.678589;;
55.447;0.5265151;2.678284;;
55.448;0.5265337;2.678221;;
55.449;0.5265375;2.678208;;
55.469;0.5385272;2.633642;;
55.47;0.5386478;2.633193;;
55.471;0.5386715;2.633105;;
55.472;0.5386762;2.633088;;
55.491;0.5426864;2.616939;;
55.492;0.5427619;2.616635;;
55.514;0.5497163;2.586781;;
55.515;0.5497742;2.586533;;
55.516;0.5497904;2.586463;;
55.517;0.5497957;2.58644;;
55.518;0.5497966;2.586437;;
55.519;0.5497968;2.586436;;
55.536;0.5587209;2.543586;;
55.537;0.5590241;2.54213;;
55.539;0.5592125;2.541225;;
55.557;0.5628853;2.521625;;
55.558;0.5629273;2.521401;;
55.559;0.5629336;2.521367;;
55.56;0.5629352;2.521359;;
55.56;0.5629355;2.521357;;
55.579;0.5677058;2.493623;;
55.601;0.5743691;2.448893;;
55.602;0.5744545;2.44832;;
55.602;0.574468;2.44823;;
55.603;0.5745151;2.447913;;
55.623;0.5765828;2.431924;;
55.624;0.5766382;2.431496;;
55.626;0.5767043;2.430984;;
55.627;0.5767111;2.430932;;
55.646;0.5801132;2.40122;;
55.648;0.5801839;2.400602;;
55.649;0.5801961;2.400496;;
55.651;0.5802028;2.400437;;
55.668;0.5843024;2.355363;;
55.669;0.584351;2.354828;;
55.67;0.5843626;2.354701;;
55.671;0.5843626;2.354701;;
55.69;0.5864921;2.322992;;
55.69;0.5864921;2.322992;;
55.691;0.5864921;2.322992;;
55.692;0.5864921;2.322992;;
55.711;0.5872817;2.308043;;
55.711;0.5872858;2.307965;;
55.721;0.5872921;2.307845;;
55.722;0.5872923;2.307842;;
55.732;0.5888132;2.262808;;
55.734;0.5888742;2.261002;;
55.735;0.5888857;2.26066;;
55.736;0.5888887;2.260572;;
55.7530201;;;-0.00282549277662281;-0.113463434514106
55.514;0.5497163;2.586781;;
55.515;0.5497742;2.586533;;
55.516;0.5497904;2.586463;;
55.517;0.5497957;2.58644;;
55.518;0.5497966;2.586437;;
55.519;0.5497968;2.586436;;
55.536;0.5587209;2.543586;;
55.537;0.5590241;2.54213;;
55.539;0.5592125;2.541225;;
55.557;0.5628853;2.521625;;
55.558;0.5629273;2.521401;;
55.559;0.5629336;2.521367;;
55.56;0.5629352;2.521359;;
55.56;0.5629355;2.521357;;
55.579;0.5677058;2.493623;;
55.601;0.5743691;2.448893;;
55.602;0.5744545;2.44832;;
55.602;0.574468;2.44823;;
55.603;0.5745151;2.447913;;
55.623;0.5765828;2.431924;;
55.624;0.5766382;2.431496;;
55.626;0.5767043;2.430984;;
55.627;0.5767111;2.430932;;
55.646;0.5801132;2.40122;;
55.648;0.5801839;2.400602;;
55.649;0.5801961;2.400496;;
55.651;0.5802028;2.400437;;
55.668;0.5843024;2.355363;;
55.669;0.584351;2.354828;;
55.67;0.5843626;2.354701;;
55.671;0.5843626;2.354701;;
55.69;0.5864921;2.322992;;
55.69;0.5864921;2.322992;;
55.691;0.5864921;2.322992;;
55.692;0.5864921;2.322992;;
55.711;0.5872817;2.308043;;
55.711;0.5872858;2.307965;;
55.721;0.5872921;2.307845;;
55.722;0.5872923;2.307842;;
55.732;0.5888132;2.262808;;
55.734;0.5888742;2.261002;;
55.735;0.5888857;2.26066;;
55.736;0.5888887;2.260572;;
55.755;0.5891976;2.228293;;
55.756;0.5891976;2.228293;;
55.757;0.5891976;2.228293;;
55.758;0.5891976;2.228293;;
55.777;0.5888995;2.197819;;
55.779;0.5888935;2.197211;;
55.779;0.5888925;2.1971;;
55.78;0.5888918;2.197032;;
55.8;0.5879111;2.163929;;
55.801;0.587897;2.163453;;
55.802;0.5878861;2.163084;;
55.803;0.5878861;2.163084;;
55.8201979;;;-0.0158272929286425;-0.104196181652716
55.601;0.5743691;2.448893;;
55.602;0.5744545;2.44832;;
55.602;0.574468;2.44823;;
55.603;0.5745151;2.447913;;
55.623;0.5765828;2.431924;;
55.624;0.5766382;2.431496;;
55.626;0.5767043;2.430984;;
55.627;0.5767111;2.430932;;
55.646;0.5801132;2.40122;;
55.648;0.5801839;2.400602;;
55.649;0.5801961;2.400496;;
55.651;0.5802028;2.400437;;
55.668;0.5843024;2.355363;;
55.669;0.584351;2.354828;;
55.67;0.5843626;2.354701;;
55.671;0.5843626;2.354701;;
55.69;0.5864921;2.322992;;
55.69;0.5864921;2.322992;;
55.691;0.5864921;2.322992;;
55.692;0.5864921;2.322992;;
55.711;0.5872817;2.308043;;
55.711;0.5872858;2.307965;;
55.721;0.5872921;2.307845;;
55.722;0.5872923;2.307842;;
55.732;0.5888132;2.262808;;
55.734;0.5888742;2.261002;;
55.735;0.5888857;2.26066;;
55.736;0.5888887;2.260572;;
55.755;0.5891976;2.228293;;
55.756;0.5891976;2.228293;;
55.757;0.5891976;2.228293;;
55.758;0.5891976;2.228293;;
55.777;0.5888995;2.197819;;
55.779;0.5888935;2.197211;;
55.779;0.5888925;2.1971;;
55.78;0.5888918;2.197032;;
55.8;0.5879111;2.163929;;
55.801;0.587897;2.163453;;
55.802;0.5878861;2.163084;;
55.803;0.5878861;2.163084;;
55.823;0.5865179;2.134917;;
55.823;0.5865349;2.135266;;
55.824;0.5865179;2.134917;;
55.824;0.5865179;2.134917;;
55.844;0.5855646;2.119512;;
55.845;0.5855646;2.119512;;
55.845;0.5855646;2.119512;;
55.846;0.5855646;2.119512;;
55.865;0.581915;2.074271;;
55.866;0.5818761;2.073789;;
55.867;0.5818688;2.073698;;
55.868;0.5818673;2.07368;;
55.887;0.5800826;2.055891;;
55.8878778;;;-0.215047898214738;-0.117448994919287
55.668;0.5843024;2.355363;;
55.669;0.584351;2.354828;;
55.67;0.5843626;2.354701;;
55.671;0.5843626;2.354701;;
55.69;0.5864921;2.322992;;
55.69;0.5864921;2.322992;;
55.691;0.5864921;2.322992;;
55.692;0.5864921;2.322992;;
55.711;0.5872817;2.308043;;
55.711;0.5872858;2.307965;;
55.721;0.5872921;2.307845;;
55.722;0.5872923;2.307842;;
55.732;0.5888132;2.262808;;
55.734;0.5888742;2.261002;;
55.735;0.5888857;2.26066;;
55.736;0.5888887;2.260572;;
55.755;0.5891976;2.228293;;
55.756;0.5891976;2.228293;;
55.757;0.5891976;2.228293;;
55.758;0.5891976;2.228293;;
55.777;0.5888995;2.197819;;
55.779;0.5888935;2.197211;;
55.779;0.5888925;2.1971;;
55.78;0.5888918;2.197032;;
55.8;0.5879111;2.163929;;
55.801;0.587897;2.163453;;
55.802;0.5878861;2.163084;;
55.803;0.5878861;2.163084;;
55.823;0.5865179;2.134917;;
55.823;0.5865349;2.135266;;
55.824;0.5865179;2.134917;;
55.824;0.5865179;2.134917;;
55.844;0.5855646;2.119512;;
55.845;0.5855646;2.119512;;
55.845;0.5855646;2.119512;;
55.846;0.5855646;2.119512;;
55.865;0.581915;2.074271;;
55.866;0.5818761;2.073789;;
55.867;0.5818688;2.073698;;
55.868;0.5818673;2.07368;;
55.887;0.5800826;2.055891;;
55.888;0.5784113;2.040747;;
55.889;0.5784113;2.040747;;
55.89;0.5785351;2.041869;;
55.909;0.5784304;2.04092;;
55.91;0.5770004;2.029007;;
55.91;0.5767773;2.027148;;
55.911;0.5765291;2.025081;;
55.93;0.5743601;2.008399;;
55.931;0.5743366;2.008218;;
55.932;0.5743331;2.00819;;
55.933;0.5714189;1.988077;;
55.952;0.5676387;1.963446;;
55.953;0.5675695;1.962995;;
55.954;0.5675471;1.962849;;
55.955;0.5675365;1.96278;;
55.9560579;;;-0.92319696955357;-0.166733268798548
55.722;0.5872923;2.307842;;
55.732;0.5888132;2.262808;;
55.734;0.5888742;2.261002;;
55.735;0.5888857;2.26066;;
55.736;0.5888887;2.260572;;
55.755;0.5891976;2.228293;;
55.756;0.5891976;2.228293;;
55.757;0.5891976;2.228293;;
55.758;0.5891976;2.228293;;
55.777;0.5888995;2.197819;;
55.779;0.5888935;2.197211;;
55.779;0.5888925;2.1971;;
55.78;0.5888918;2.197032;;
55.8;0.5879111;2.163929;;
55.801;0.587897;2.163453;;
55.802;0.5878861;2.163084;;
55.803;0.5878861;2.163084;;
55.823;0.5865179;2.134917;;
55.823;0.5865349;2.135266;;
55.824;0.5865179;2.134917;;
55.824;0.5865179;2.134917;;
55.844;0.5855646;2.119512;;
55.845;0.5855646;2.119512;;
55.845;0.5855646;2.119512;;
55.846;0.5855646;2.119512;;
55.865;0.581915;2.074271;;
55.866;0.5818761;2.073789;;
55.867;0.5818688;2.073698;;
55.868;0.5818673;2.07368;;
55.887;0.5800826;2.055891;;
55.888;0.5784113;2.040747;;
55.889;0.5784113;2.040747;;
55.89;0.5785351;2.041869;;
55.909;0.5784304;2.04092;;
55.91;0.5770004;2.029007;;
55.91;0.5767773;2.027148;;
55.911;0.5765291;2.025081;;
55.93;0.5743601;2.008399;;
55.931;0.5743366;2.008218;;
55.932;0.5743331;2.00819;;
55.933;0.5714189;1.988077;;
55.952;0.5676387;1.963446;;
55.953;0.5675695;1.962995;;
55.954;0.5675471;1.962849;;
55.955;0.5675365;1.96278;;
55.974;0.5647773;1.946475;;
55.976;0.5647458;1.946288;;
55.976;0.5647433;1.946274;;
55.977;0.5647418;1.946265;;
55.996;0.5586782;1.913502;;
55.997;0.5586151;1.913161;;
56.018;0.5495826;1.870095;;
56.019;0.5494967;1.869686;;
56.02;0.5494791;1.869602;;
56.021;0.5494756;1.869585;;
56.0217319;;;-0.949813370832748;-0.222667561800991
55.8;0.5879111;2.163929;;
55.801;0.587897;2.163453;;
55.802;0.5878861;2.163084;;
55.803;0.5878861;2.163084;;
55.823;0.5865179;2.134917;;
55.823;0.5865349;2.135266;;
55.824;0.5865179;2.134917;;
55.824;0.5865179;2.134917;;
55.844;0.5855646;2.119512;;
55.845;0.5855646;2.119512;;
55.845;0.5855646;2.119512;;
55.846;0.5855646;2.119512;;
55.865;0.581915;2.074271;;
55.866;0.5818761;2.073789;;
55.867;0.5818688;2.073698;;
55.868;0.5818673;2.07368;;
55.887;0.5800826;2.055891;;
55.888;0.5784113;2.040747;;
55.889;0.5784113;2.040747;;
55.89;0.5785351;2.041869;;
55.909;0.5784304;2.04092;;
55.91;0.5770004;2.029007;;
55.91;0.5767773;2.027148;;
55.911;0.5765291;2.025081;;
55.93;0.5743601;2.008399;;
55.931;0.5743366;2.008218;;
55.932;0.5743331;2.00819;;
55.933;0.5714189;1.988077;;
55.952;0.5676387;1.963446;;
55.953;0.5675695;1.962995;;
55.954;0.5675471;1.962849;;
55.955;0.5675365;1.96278;;
55.974;0.5647773;1.946475;;
55.976;0.5647458;1.946288;;
55.976;0.5647433;1.946274;;
55.977;0.5647418;1.946265;;
55.996;0.5586782;1.913502;;
55.997;0.5586151;1.913161;;
56.018;0.5495826;1.870095;;
56.019;0.5494967;1.869686;;
56.02;0.5494791;1.869602;;
56.021;0.5494756;1.869585;;
56.022;0.5458247;1.853654;;
56.023;0.5458247;1.853654;;
56.041;0.5458247;1.853654;;
56.042;0.5458247;1.853654;;
56.042;0.5458247;1.853654;;
56.043;0.5458247;1.853654;;
56.063;0.5425296;1.839868;;
56.064;0.5425;1.839744;;
56.086;0.5274052;1.782358;;
56.086;0.5272303;1.781693;;
56.0879077;;;-0.955767525055851;-0.254603794164138
55.865;0.581915;2.074271;;
55.866;0.5818761;2.073789;;
55.867;0.5818688;2.073698;;
55.868;0.5818673;2.07368;;
55.887;0.5800826;2.055891;;
55.888;0.5784113;2.040747;;
55.889;0.5784113;2.040747;;
55.89;0.5785351;2.041869;;
55.909;0.5784304;2.04092;;
55.91;0.5770004;2.029007;;
55.91;0.5767773;2.027148;;
55.911;0.5765291;2.025081;;
55.93;0.5743601;2.008399;;
55.931;0.5743366;2.008218;;
55.932;0.5743331;2.00819;;
55.933;0.5714189;1.988077;;
55.952;0.5676387;1.963446;;
55.953;0.5675695;1.962995;;
55.954;0.5675471;1.962849;;
55.955;0.5675365;1.96278;;
55.974;0.5647773;1.946475;;
55.976;0.5647458;1.946288;;
55.976;0.5647433;1.946274;;
55.977;0.5647418;1.946265;;
55.996;0.5586782;1.913502;;
55.997;0.5586151;1.913161;;
56.018;0.5495826;1.870095;;
56.019;0.5494967;1.869686;;
56.02;0.5494791;1.869602;;
56.021;0.5494756;1.869585;;
56.022;0.5458247;1.853654;;
56.023;0.5458247;1.853654;;
56.041;0.5458247;1.853654;;
56.042;0.5458247;1.853654;;
56.042;0.5458247;1.853654;;
56.043;0.5458247;1.853654;;
56.063;0.5425296;1.839868;;
56.064;0.5425;1.839744;;
56.086;0.5274052;1.782358;;
56.086;0.5272303;1.781693;;
56.107;0.5179839;1.750215;;
56.129;0.5059471;1.712311;;
56.13;0.5058426;1.711982;;
56.131;0.5058085;1.711875;;
56.151;0.4983692;1.689939;;
56.1661146;;;-0.937533404567014;-0.315053677177973
55.952;0.5676387;1.963446;;
55.953;0.5675695;1.962995;;
55.954;0.5675471;1.962849;;
55.955;0.5675365;1.96278;;
55.974;0.5647773;1.946475;;
55.976;0.5647458;1.946288;;
55.976;0.5647433;1.946274;;
55.977;0.5647418;1.946265;;
55.996;0.5586782;1.913502;;
55.997;0.5586151;1.913161;;
56.018;0.5495826;1.870095;;
56.019;0.5494967;1.869686;;
56.02;0.5494791;1.869602;;
56.021;0.5494756;1.869585;;
56.022;0.5458247;1.853654;;
56.023;0.5458247;1.853654;;
56.041;0.5458247;1.853654;;
56.042;0.5458247;1.853654;;
56.042;0.5458247;1.853654;;
56.043;0.5458247;1.853654;;
56.063;0.5425296;1.839868;;
56.064;0.5425;1.839744;;
56.086;0.5274052;1.782358;;
56.086;0.5272303;1.781693;;
56.107;0.5179839;1.750215;;
56.129;0.5059471;1.712311;;
56.13;0.5058426;1.711982;;
56.131;0.5058085;1.711875;;
56.151;0.4983692;1.689939;;
56.174;0.4878133;1.660441;;
56.175;0.4877175;1.660173;;
56.177;0.4877002;1.660125;;
56.196;0.4764107;1.63041;;
56.197;0.4762833;1.630075;;
56.22;0.4651423;1.60236;;
56.242;0.4526399;1.572839;;
56.243;0.4524945;1.572496;;
56.244;0.4524945;1.572496;;
56.244823;;;-0.766427922157408;-0.371040398545567
56.018;0.5495826;1.870095;;
56.019;0.5494967;1.869686;;
56.02;0.5494791;1.869602;;
56.021;0.5494756;1.869585;;
56.022;0.5458247;1.853654;;
56.023;0.5458247;1.853654;;
56.041;0.5458247;1.853654;;
56.042;0.5458247;1.853654;;
56.042;0.5458247;1.853654;;
56.043;0.5458247;1.853654;;
56.063;0.5425296;1.839868;;
56.064;0.5425;1.839744;;
56.086;0.5274052;1.782358;;
56.086;0.5272303;1.781693;;
56.107;0.5179839;1.750215;;
56.129;0.5059471;1.712311;;
56.13;0.5058426;1.711982;;
56.131;0.5058085;1.711875;;
56.151;0.4983692;1.689939;;
56.174;0.4878133;1.660441;;
56.175;0.4877175;1.660173;;
56.177;0.4877002;1.660125;;
56.196;0.4764107;1.63041;;
56.197;0.4762833;1.630075;;
56.22;0.4651423;1.60236;;
56.242;0.4526399;1.572839;;
56.243;0.4524945;1.572496;;
56.244;0.4524945;1.572496;;
56.264;0.4401649;1.544909;;
56.285;0.4248902;1.512465;;
56.287;0.4245939;1.511835;;
56.289;0.4245408;1.511722;;
56.308;0.412327;1.487066;;
56.309;0.4122079;1.486826;;
56.31;0.4121677;1.486745;;
56.31;0.4121677;1.486745;;
56.3225291;;;-0.186443913619911;-0.381861975130542
56.107;0.5179839;1.750215;;
56.129;0.5059471;1.712311;;
56.13;0.5058426;1.711982;;
56.131;0.5058085;1.711875;;
56.151;0.4983692;1.689939;;
56.174;0.4878133;1.660441;;
56.175;0.4877175;1.660173;;
56.177;0.4877002;1.660125;;
56.196;0.4764107;1.63041;;
56.197;0.4762833;1.630075;;
56.22;0.4651423;1.60236;;
56.242;0.4526399;1.572839;;
56.243;0.4524945;1.572496;;
56.244;0.4524945;1.572496;;
56.264;0.4401649;1.544909;;
56.285;0.4248902;1.512465;;
56.287;0.4245939;1.511835;;
56.289;0.4245408;1.511722;;
56.308;0.412327;1.487066;;
56.309;0.4122079;1.486826;;
56.31;0.4121677;1.486745;;
56.31;0.4121677;1.486745;;
56.33;0.3984964;1.460351;;
56.331;0.3981464;1.459675;;
56.353;0.3830568;1.431823;;
56.354;0.3829227;1.431576;;
56.355;0.3828925;1.43152;;
56.355;0.3828873;1.43151;;
56.356;0.3828838;1.431504;;
56.357;0.3742871;1.4162;;
56.375;0.3678265;1.404948;;
56.376;0.3677216;1.404765;;
56.396;0.3519088;1.378073;;
56.397;0.3515735;1.377507;;
56.398;0.3515282;1.377431;;
56.399;0.3515189;1.377415;;
56.4;0.3515175;1.377413;;
56.401;0.351517;1.377412;;
56.4022398;;;-0.025913465996619;-0.370688392553727
56.174;0.4878133;1.660441;;
56.175;0.4877175;1.660173;;
56.177;0.4877002;1.660125;;
56.196;0.4764107;1.63041;;
56.197;0.4762833;1.630075;;
56.22;0.4651423;1.60236;;
56.242;0.4526399;1.572839;;
56.243;0.4524945;1.572496;;
56.244;0.4524945;1.572496;;
56.264;0.4401649;1.544909;;
56.285;0.4248902;1.512465;;
56.287;0.4245939;1.511835;;
56.289;0.4245408;1.511722;;
56.308;0.412327;1.487066;;
56.309;0.4122079;1.486826;;
56.31;0.4121677;1.486745;;
56.31;0.4121677;1.486745;;
56.33;0.3984964;1.460351;;
56.331;0.3981464;1.459675;;
56.353;0.3830568;1.431823;;
56.354;0.3829227;1.431576;;
56.355;0.3828925;1.43152;;
56.355;0.3828873;1.43151;;
56.356;0.3828838;1.431504;;
56.357;0.3742871;1.4162;;
56.375;0.3678265;1.404948;;
56.376;0.3677216;1.404765;;
56.396;0.3519088;1.378073;;
56.397;0.3515735;1.377507;;
56.398;0.3515282;1.377431;;
56.399;0.3515189;1.377415;;
56.4;0.3515175;1.377413;;
56.401;0.351517;1.377412;;
56.42;0.3356507;1.351768;;
56.421;0.3353821;1.351333;;
56.44;0.3155834;1.32075;;
56.442;0.31497;1.319803;;
56.443;0.3148484;1.319615;;
56.445;0.3148129;1.31956;;
56.471;0.3002911;1.298066;;
56.472;0.3001877;1.297913;;
56.4739295;;;-0.0152238997125673;-0.361167490925457
56.242;0.4526399;1.572839;;
56.243;0.4524945;1.572496;;
56.244;0.4524945;1.572496;;
56.264;0.4401649;1.544909;;
56.285;0.4248902;1.512465;;
56.287;0.4245939;1.511835;;
56.289;0.4245408;1.511722;;
56.308;0.412327;1.487066;;
56.309;0.4122079;1.486826;;
56.31;0.4121677;1.486745;;
56.31;0.4121677;1.486745;;
56.33;0.3984964;1.460351;;
56.331;0.3981464;1.459675;;
56.353;0.3830568;1.431823;;
56.354;0.3829227;1.431576;;
56.355;0.3828925;1.43152;;
56.355;0.3828873;1.43151;;
56.356;0.3828838;1.431504;;
56.357;0.3742871;1.4162;;
56.375;0.3678265;1.404948;;
56.376;0.3677216;1.404765;;
56.396;0.3519088;1.378073;;
56.397;0.3515735;1.377507;;
56.398;0.3515282;1.377431;;
56.399;0.3515189;1.377415;;
56.4;0.3515175;1.377413;;
56.401;0.351517;1.377412;;
56.42;0.3356507;1.351768;;
56.421;0.3353821;1.351333;;
56.44;0.3155834;1.32075;;
56.442;0.31497;1.319803;;
56.443;0.3148484;1.319615;;
56.445;0.3148129;1.31956;;
56.471;0.3002911;1.298066;;
56.472;0.3001877;1.297913;;
56.486;0.2917063;1.285704;;
56.488;0.2908042;1.284406;;
56.511;0.2680015;1.252739;;
56.513;0.2579233;1.239271;;
56.513;0.2561711;1.23693;;
56.514;0.2550001;1.235365;;
56.536;0.2451202;1.22247;;
56.537;0.2450328;1.222356;;
56.537;0.2450178;1.222337;;
56.538;0.2450086;1.222325;;
56.539;0.2450073;1.222323;;
56.5576518;;;-0.0148252628218933;-0.35839448608742
56.33;0.3984964;1.460351;;
56.331;0.3981464;1.459675;;
56.353;0.3830568;1.431823;;
56.354;0.3829227;1.431576;;
56.355;0.3828925;1.43152;;
56.355;0.3828873;1.43151;;
56.356;0.3828838;1.431504;;
56.357;0.3742871;1.4162;;
56.375;0.3678265;1.404948;;
56.376;0.3677216;1.404765;;
56.396;0.3519088;1.378073;;
56.397;0.3515735;1.377507;;
56.398;0.3515282;1.377431;;
56.399;0.3515189;1.377415;;
56.4;0.3515175;1.377413;;
56.401;0.351517;1.377412;;
56.42;0.3356507;1.351768;;
56.421;0.3353821;1.351333;;
56.44;0.3155834;1.32075;;
56.442;0.31497;1.319803;;
56.443;0.3148484;1.319615;;
56.445;0.3148129;1.31956;;
56.471;0.3002911;1.298066;;
56.472;0.3001877;1.297913;;
56.486;0.2917063;1.285704;;
56.488;0.2908042;1.284406;;
56.511;0.2680015;1.252739;;
56.513;0.2579233;1.239271;;
56.513;0.2561711;1.23693;;
56.514;0.2550001;1.235365;;
56.536;0.2451202;1.22247;;
56.537;0.2450328;1.222356;;
56.537;0.2450178;1.222337;;
56.538;0.2450086;1.222325;;
56.539;0.2450073;1.222323;;
56.558;0.235068;1.209622;;
56.559;0.2349362;1.209454;;
56.56;0.2349362;1.209454;;
56.56;0.2349362;1.209454;;
56.58;0.1954037;1.161377;;
56.581;0.1950097;1.160898;;
56.581;0.194943;1.160817;;
56.582;0.1949145;1.160782;;
56.602;0.1801704;1.143782;;
56.603;0.1799438;1.143521;;
56.604;0.1758514;1.138887;;
56.605;0.1746961;1.137579;;
56.626;0.1514573;1.111964;;
56.627;0.1511162;1.111588;;
56.628;0.1509496;1.111404;;
56.629;0.1509226;1.111374;;
56.6353575;;;0.00594822385058963;-0.357312220267326
56.396;0.3519088;1.378073;;
56.397;0.3515735;1.377507;;
56.398;0.3515282;1.377431;;
56.399;0.3515189;1.377415;;
56.4;0.3515175;1.377413;;
56.401;0.351517;1.377412;;
56.42;0.3356507;1.351768;;
56.421;0.3353821;1.351333;;
56.44;0.3155834;1.32075;;
56.442;0.31497;1.319803;;
56.443;0.3148484;1.319615;;
56.445;0.3148129;1.31956;;
56.471;0.3002911;1.298066;;
56.472;0.3001877;1.297913;;
56.486;0.2917063;1.285704;;
56.488;0.2908042;1.284406;;
56.511;0.2680015;1.252739;;
56.513;0.2579233;1.239271;;
56.513;0.2561711;1.23693;;
56.514;0.2550001;1.235365;;
56.536;0.2451202;1.22247;;
56.537;0.2450328;1.222356;;
56.537;0.2450178;1.222337;;
56.538;0.2450086;1.222325;;
56.539;0.2450073;1.222323;;
56.558;0.235068;1.209622;;
56.559;0.2349362;1.209454;;
56.56;0.2349362;1.209454;;
56.56;0.2349362;1.209454;;
56.58;0.1954037;1.161377;;
56.581;0.1950097;1.160898;;
56.581;0.194943;1.160817;;
56.582;0.1949145;1.160782;;
56.602;0.1801704;1.143782;;
56.603;0.1799438;1.143521;;
56.604;0.1758514;1.138887;;
56.605;0.1746961;1.137579;;
56.626;0.1514573;1.111964;;
56.627;0.1511162;1.111588;;
56.628;0.1509496;1.111404;;
56.629;0.1509226;1.111374;;
56.649;0.1426714;1.102541;;
56.649;0.142633;1.102499;;
56.671;0.1212642;1.080222;;
56.672;0.1207871;1.079725;;
56.673;0.1207871;1.079725;;
56.674;0.1207871;1.079725;;
56.675;0.1207871;1.079725;;
56.692;0.08724774;1.046412;;
56.693;0.08684109;1.046008;;
56.694;0.08678018;1.045947;;
56.695;0.0867651;1.045932;;
56.7025353;;;0.00883470437345962;-0.356718820715253
56.471;0.3002911;1.298066;;
56.472;0.3001877;1.297913;;
56.486;0.2917063;1.285704;;
56.488;0.2908042;1.284406;;
56.511;0.2680015;1.252739;;
56.513;0.2579233;1.239271;;
56.513;0.2561711;1.23693;;
56.514;0.2550001;1.235365;;
56.536;0.2451202;1.22247;;
56.537;0.2450328;1.222356;;
56.537;0.2450178;1.222337;;
56.538;0.2450086;1.222325;;
56.539;0.2450073;1.222323;;
56.558;0.235068;1.209622;;
56.559;0.2349362;1.209454;;
56.56;0.2349362;1.209454;;
56.56;0.2349362;1.209454;;
56.58;0.1954037;1.161377;;
56.581;0.1950097;1.160898;;
56.581;0.194943;1.160817;;
56.582;0.1949145;1.160782;;
56.602;0.1801704;1.143782;;
56.603;0.1799438;1.143521;;
56.604;0.1758514;1.138887;;
56.605;0.1746961;1.137579;;
56.626;0.1514573;1.111964;;
56.627;0.1511162;1.111588;;
56.628;0.1509496;1.111404;;
56.629;0.1509226;1.111374;;
56.649;0.1426714;1.102541;;
56.649;0.142633;1.102499;;
56.671;0.1212642;1.080222;;
56.672;0.1207871;1.079725;;
56.673;0.1207871;1.079725;;
56.674;0.1207871;1.079725;;
56.675;0.1207871;1.079725;;
56.692;0.08724774;1.046412;;
56.693;0.08684109;1.046008;;
56.694;0.08678018;1.045947;;
56.695;0.0867651;1.045932;;
56.714;0.07669131;1.036296;;
56.715;0.07669131;1.036296;;
56.715;0.07669131;1.036296;;
56.716;0.07669131;1.036296;;
56.735;0.06521207;1.025514;;
56.736;0.06508646;1.025396;;
56.737;0.05306903;1.014329;;
56.738;0.05306903;1.014329;;
56.757;0.0340797;0.997292;;
56.758;0.02466244;0.989078;;
56.759;0.01819351;0.9834356;;
56.76;0.01730319;0.982659;;
56.7697131;;;-0.00490400542295405;-0.356867285904276
56.538;0.2450086;1.222325;;
56.539;0.2450073;1.222323;;
56.558;0.235068;1.209622;;
56.559;0.2349362;1.209454;;
56.56;0.2349362;1.209454;;
56.56;0.2349362;1.209454;;
56.58;0.1954037;1.161377;;
56.581;0.1950097;1.160898;;
56.581;0.194943;1.160817;;
56.582;0.1949145;1.160782;;
56.602;0.1801704;1.143782;;
56.603;0.1799438;1.143521;;
56.604;0.1758514;1.138887;;
56.605;0.1746961;1.137579;;
56.626;0.1514573;1.111964;;
56.627;0.1511162;1.111588;;
56.628;0.1509496;1.111404;;
56.629;0.1509226;1.111374;;
56.649;0.1426714;1.102541;;
56.649;0.142633;1.102499;;
56.671;0.1212642;1.080222;;
56.672;0.1207871;1.079725;;
56.673;0.1207871;1.079725;;
56.674;0.1207871;1.079725;;
56.675;0.1207871;1.079725;;
56.692;0.08724774;1.046412;;
56.693;0.08684109;1.046008;;
56.694;0.08678018;1.045947;;
56.695;0.0867651;1.045932;;
56.714;0.07669131;1.036296;;
56.715;0.07669131;1.036296;;
56.715;0.07669131;1.036296;;
56.716;0.07669131;1.036296;;
56.735;0.06521207;1.025514;;
56.736;0.06508646;1.025396;;
56.737;0.05306903;1.014329;;
56.738;0.05306903;1.014329;;
56.757;0.0340797;0.997292;;
56.758;0.02466244;0.989078;;
56.759;0.01819351;0.9834356;;
56.76;0.01730319;0.982659;;
56.78;0.006504637;0.9734518;;
56.781;0.006396492;0.9733596;;
56.803;-0.006467124;0.9626043;;
56.804;-0.006588045;0.9625032;;
56.805;-0.01855783;0.9526938;;
56.806;-0.01855783;0.9526938;;
56.806;-0.01855783;0.9526938;;
56.807;-0.01855783;0.9526938;;
56.833;-0.05621639;0.9230372;;
56.834;-0.05651263;0.9228039;;
56.835;-0.05656074;0.922766;;
56.837;-0.0565751;0.9227547;;
56.8388962;;;-0.00708870426443081;-0.35624310099969
59.483;-2.696446;2.29297;;
59.483;-2.696443;2.293046;;
59.504;-2.694898;2.324583;;
59.506;-2.694867;2.325225;;
59.526;-2.692773;2.355887;;
59.527;-2.692751;2.356204;;
59.548;-2.690089;2.386709;;
59.549;-2.690064;2.386991;;
59.571;-2.686754;2.418062;;
59.592;-2.68282;2.449381;;
59.594;-2.682779;2.449705;;
59.595;-2.682775;2.449738;;
59.614;-2.67836;2.480111;;
59.615;-2.678314;2.480423;;
59.637;-2.673316;2.510724;;
59.639;-2.673086;2.512118;;
59.66;-2.667622;2.541713;;
59.661;-2.667569;2.542001;;
59.69;-2.661309;2.572653;;
59.691;-2.661219;2.573093;;
59.704;-2.657762;2.588837;;
59.705;-2.657651;2.589343;;
59.727;-2.647747;2.630828;;
59.728;-2.647636;2.631294;;
59.749;-2.63898;2.664108;;
59.75;-2.6389;2.664413;;
59.77;-2.630352;2.694362;;
59.771;-2.630172;2.694995;;
59.8523787;;;-0.00714154257217425;-0.341392647025221
59.637;-2.673316;2.510724;;
59.639;-2.673086;2.512118;;
59.66;-2.667622;2.541713;;
59.661;-2.667569;2.542001;;
59.69;-2.661309;2.572653;;
59.691;-2.661219;2.573093;;
59.704;-2.657762;2.588837;;
59.705;-2.657651;2.589343;;
59.727;-2.647747;2.630828;;
59.728;-2.647636;2.631294;;
59.749;-2.63898;2.664108;;
59.75;-2.6389;2.664413;;
59.77;-2.630352;2.694362;;
59.771;-2.630172;2.694995;;
59.899;-2.566075;2.87313;;
59.901;-2.565981;2.873392;;
59.921;-2.554492;2.899668;;
59.924;-2.553944;2.900921;;
59.9305856;;;0.896336202922819;-0.211425991848336
59.704;-2.657762;2.588837;;
59.705;-2.657651;2.589343;;
59.727;-2.647747;2.630828;;
59.728;-2.647636;2.631294;;
59.749;-2.63898;2.664108;;
59.75;-2.6389;2.664413;;
59.77;-2.630352;2.694362;;
59.771;-2.630172;2.694995;;
59.899;-2.566075;2.87313;;
59.901;-2.565981;2.873392;;
59.921;-2.554492;2.899668;;
59.924;-2.553944;2.900921;;
59.946;-2.541438;2.928119;;
59.971;-2.527428;2.95715;;
59.974;-2.526388;2.959305;;
59.976;-2.5212;2.969643;;
59.997;-2.512407;2.986822;;
59.998;-2.506767;2.997541;;
59.999;-2.504973;3.00095;;
60.0092943;;;0.935359206331804;-0.0767708077651536
59.77;-2.630352;2.694362;;
59.771;-2.630172;2.694995;;
59.899;-2.566075;2.87313;;
59.901;-2.565981;2.873392;;
59.921;-2.554492;2.899668;;
59.924;-2.553944;2.900921;;
59.946;-2.541438;2.928119;;
59.971;-2.527428;2.95715;;
59.974;-2.526388;2.959305;;
59.976;-2.5212;2.969643;;
59.997;-2.512407;2.986822;;
59.998;-2.506767;2.997541;;
59.999;-2.504973;3.00095;;
60.02;-2.49099;3.02664;;
60.023;-2.490232;3.028033;;
60.043;-2.474206;3.056164;;
60.044;-2.474038;3.056458;;
60.064;-2.466913;3.068559;;
60.066;-2.466756;3.068825;;
60.0875017;;;0.775368418739898;0.0468817596488285
59.899;-2.566075;2.87313;;
59.901;-2.565981;2.873392;;
59.921;-2.554492;2.899668;;
59.924;-2.553944;2.900921;;
59.946;-2.541438;2.928119;;
59.971;-2.527428;2.95715;;
59.974;-2.526388;2.959305;;
59.976;-2.5212;2.969643;;
59.997;-2.512407;2.986822;;
59.998;-2.506767;2.997541;;
59.999;-2.504973;3.00095;;
60.02;-2.49099;3.02664;;
60.023;-2.490232;3.028033;;
60.043;-2.474206;3.056164;;
60.044;-2.474038;3.056458;;
60.064;-2.466913;3.068559;;
60.066;-2.466756;3.068825;;
60.089;-2.441339;3.11013;;
60.111;-2.424898;3.135509;;
60.133;-2.407838;3.160789;;
60.134;-2.407838;3.160789;;
60.134;-2.407838;3.160789;;
60.155;-2.389825;3.186416;;
60.156;-2.389655;3.186658;;
60.1647056;;;0.0489068299219233;0.117341776398038
59.946;-2.541438;2.928119;;
59.971;-2.527428;2.95715;;
59.974;-2.526388;2.959305;;
59.976;-2.5212;2.969643;;
59.997;-2.512407;2.986822;;
59.998;-2.506767;2.997541;;
59.999;-2.504973;3.00095;;
60.02;-2.49099;3.02664;;
60.023;-2.490232;3.028033;;
60.043;-2.474206;3.056164;;
60.044;-2.474038;3.056458;;
60.064;-2.466913;3.068559;;
60.066;-2.466756;3.068825;;
60.089;-2.441339;3.11013;;
60.111;-2.424898;3.135509;;
60.133;-2.407838;3.160789;;
60.134;-2.407838;3.160789;;
60.134;-2.407838;3.160789;;
60.155;-2.389825;3.186416;;
60.156;-2.389655;3.186658;;
60.176;-2.371401;3.211601;;
60.177;-2.37121;3.211862;;
60.198;-2.361829;3.224305;;
60.209;-2.352535;3.236393;;
60.22;-2.332883;3.261196;;
60.222;-2.332133;3.262143;;
60.243;-2.320531;3.276327;;
60.2434244;;;0.00415228273392532;0.172383219604562
60.02;-2.49099;3.02664;;
60.023;-2.490232;3.028033;;
60.043;-2.474206;3.056164;;
60.044;-2.474038;3.056458;;
60.064;-2.466913;3.068559;;
60.066;-2.466756;3.068825;;
60.089;-2.441339;3.11013;;
60.111;-2.424898;3.135509;;
60.133;-2.407838;3.160789;;
60.134;-2.407838;3.160789;;
60.134;-2.407838;3.160789;;
60.155;-2.389825;3.186416;;
60.156;-2.389655;3.186658;;
60.176;-2.371401;3.211601;;
60.177;-2.37121;3.211862;;
60.198;-2.361829;3.224305;;
60.209;-2.352535;3.236393;;
60.22;-2.332883;3.261196;;
60.222;-2.332133;3.262143;;
60.243;-2.320531;3.276327;;
60.244;-2.312479;3.285987;;
60.264;-2.302855;3.297332;;
60.266;-2.293392;3.30828;;
60.286;-2.28171;3.321557;;
60.287;-2.28161;3.321671;;
60.309;-2.260823;3.344572;;
60.3211296;;;0.034209380056352;0.188144169152867
60.111;-2.424898;3.135509;;
60.133;-2.407838;3.160789;;
60.134;-2.407838;3.160789;;
60.134;-2.407838;3.160789;;
60.155;-2.389825;3.186416;;
60.156;-2.389655;3.186658;;
60.176;-2.371401;3.211601;;
60.177;-2.37121;3.211862;;
60.198;-2.361829;3.224305;;
60.209;-2.352535;3.236393;;
60.22;-2.332883;3.261196;;
60.222;-2.332133;3.262143;;
60.243;-2.320531;3.276327;;
60.244;-2.312479;3.285987;;
60.264;-2.302855;3.297332;;
60.266;-2.293392;3.30828;;
60.286;-2.28171;3.321557;;
60.287;-2.28161;3.321671;;
60.309;-2.260823;3.344572;;
60.33;-2.239373;3.367332;;
60.33;-2.239373;3.367332;;
60.332;-2.239373;3.367332;;
60.353;-2.217873;3.389282;;
60.376;-2.19528;3.411511;;
60.377;-2.19511;3.411678;;
60.398;-2.171542;3.433965;;
60.399;-2.171542;3.433965;;
60.399838;;;0.32284187309263;0.213055264802099
60.176;-2.371401;3.211601;;
60.177;-2.37121;3.211862;;
60.198;-2.361829;3.224305;;
60.209;-2.352535;3.236393;;
60.22;-2.332883;3.261196;;
60.222;-2.332133;3.262143;;
60.243;-2.320531;3.276327;;
60.244;-2.312479;3.285987;;
60.264;-2.302855;3.297332;;
60.266;-2.293392;3.30828;;
60.286;-2.28171;3.321557;;
60.287;-2.28161;3.321671;;
60.309;-2.260823;3.344572;;
60.33;-2.239373;3.367332;;
60.33;-2.239373;3.367332;;
60.332;-2.239373;3.367332;;
60.353;-2.217873;3.389282;;
60.376;-2.19528;3.411511;;
60.377;-2.19511;3.411678;;
60.398;-2.171542;3.433965;;
60.399;-2.171542;3.433965;;
60.42;-2.148996;3.454466;;
60.442;-2.12591;3.474706;;
60.444;-2.114237;3.484639;;
60.445;-2.111855;3.486666;;
60.465;-2.101956;3.494922;;
60.466;-2.101854;3.495007;;
60.4775439;;;0.0324233777624198;0.216458641764598
60.264;-2.302855;3.297332;;
60.266;-2.293392;3.30828;;
60.286;-2.28171;3.321557;;
60.287;-2.28161;3.321671;;
60.309;-2.260823;3.344572;;
60.33;-2.239373;3.367332;;
60.33;-2.239373;3.367332;;
60.332;-2.239373;3.367332;;
60.353;-2.217873;3.389282;;
60.376;-2.19528;3.411511;;
60.377;-2.19511;3.411678;;
60.398;-2.171542;3.433965;;
60.399;-2.171542;3.433965;;
60.42;-2.148996;3.454466;;
60.442;-2.12591;3.474706;;
60.444;-2.114237;3.484639;;
60.445;-2.111855;3.486666;;
60.465;-2.101956;3.494922;;
60.466;-2.101854;3.495007;;
60.487;-2.076848;3.515281;;
60.489;-2.07659;3.51549;;
60.509;-2.052446;3.5343;;
60.51;-2.051936;3.534697;;
60.531;-2.027817;3.552772;;
60.554;-2.001402;3.57179;;
60.556;-2.000896;3.572155;;
60.5577561;;;0.00537390708689089;0.217901439615225
60.309;-2.260823;3.344572;;
60.33;-2.239373;3.367332;;
60.33;-2.239373;3.367332;;
60.332;-2.239373;3.367332;;
60.353;-2.217873;3.389282;;
60.376;-2.19528;3.411511;;
60.377;-2.19511;3.411678;;
60.398;-2.171542;3.433965;;
60.399;-2.171542;3.433965;;
60.42;-2.148996;3.454466;;
60.442;-2.12591;3.474706;;
60.444;-2.114237;3.484639;;
60.445;-2.111855;3.486666;;
60.465;-2.101956;3.494922;;
60.466;-2.101854;3.495007;;
60.487;-2.076848;3.515281;;
60.489;-2.07659;3.51549;;
60.509;-2.052446;3.5343;;
60.51;-2.051936;3.534697;;
60.531;-2.027817;3.552772;;
60.554;-2.001402;3.57179;;
60.556;-2.000896;3.572155;;
60.558;-1.989748;3.579931;;
60.577;-1.976514;3.589002;;
60.579;-1.975941;3.589398;;
60.599;-1.949917;3.606663;;
60.6339577;;;-0.0100124786273969;0.216761389438226
60.398;-2.171542;3.433965;;
60.399;-2.171542;3.433965;;
60.42;-2.148996;3.454466;;
60.442;-2.12591;3.474706;;
60.444;-2.114237;3.484639;;
60.445;-2.111855;3.486666;;
60.465;-2.101956;3.494922;;
60.466;-2.101854;3.495007;;
60.487;-2.076848;3.515281;;
60.489;-2.07659;3.51549;;
60.509;-2.052446;3.5343;;
60.51;-2.051936;3.534697;;
60.531;-2.027817;3.552772;;
60.554;-2.001402;3.57179;;
60.556;-2.000896;3.572155;;
60.558;-1.989748;3.579931;;
60.577;-1.976514;3.589002;;
60.579;-1.975941;3.589398;;
60.599;-1.949917;3.606663;;
60.671;-1.856063;3.663269;;
60.692;-1.828096;3.678585;;
60.693;-1.827769;3.678764;;
60.7116641;;;-0.058348275606151;0.211962605153968
60.487;-2.076848;3.515281;;
60.489;-2.07659;3.51549;;
60.509;-2.052446;3.5343;;
60.51;-2.051936;3.534697;;
60.531;-2.027817;3.552772;;
60.554;-2.001402;3.57179;;
60.556;-2.000896;3.572155;;
60.558;-1.989748;3.579931;;
60.577;-1.976514;3.589002;;
60.579;-1.975941;3.589398;;
60.599;-1.949917;3.606663;;
60.671;-1.856063;3.663269;;
60.692;-1.828096;3.678585;;
60.693;-1.827769;3.678764;;
60.713;-1.80012;3.693174;;
60.714;-1.799831;3.693325;;
60.734;-1.772594;3.706871;;
60.736;-1.772298;3.707018;;
60.756;-1.757717;3.71401;;
60.757;-1.747912;3.718601;;
60.778;-1.729249;3.72716;;
60.78;-1.715883;3.733102;;
60.781;-1.714403;3.73376;;
60.790372;;;0.0165465172365679;0.213494785343934
60.577;-1.976514;3.589002;;
60.579;-1.975941;3.589398;;
60.599;-1.949917;3.606663;;
60.671;-1.856063;3.663269;;
60.692;-1.828096;3.678585;;
60.693;-1.827769;3.678764;;
60.713;-1.80012;3.693174;;
60.714;-1.799831;3.693325;;
60.734;-1.772594;3.706871;;
60.736;-1.772298;3.707018;;
60.756;-1.757717;3.71401;;
60.757;-1.747912;3.718601;;
60.778;-1.729249;3.72716;;
60.78;-1.715883;3.733102;;
60.781;-1.714403;3.73376;;
60.801;-1.700478;3.739794;;
60.802;-1.70035;3.73985;;
60.822;-1.671212;3.751975;;
60.824;-1.670896;3.752106;;
60.845;-1.642443;3.763314;;
60.846;-1.642184;3.763416;;
60.867;-1.613223;3.774196;;
60.8690806;;;-0.0400337766224683;0.211141565889789
60.671;-1.856063;3.663269;;
60.692;-1.828096;3.678585;;
60.693;-1.827769;3.678764;;
60.713;-1.80012;3.693174;;
60.714;-1.799831;3.693325;;
60.734;-1.772594;3.706871;;
60.736;-1.772298;3.707018;;
60.756;-1.757717;3.71401;;
60.757;-1.747912;3.718601;;
60.778;-1.729249;3.72716;;
60.78;-1.715883;3.733102;;
60.781;-1.714403;3.73376;;
60.801;-1.700478;3.739794;;
60.802;-1.70035;3.73985;;
60.822;-1.671212;3.751975;;
60.824;-1.670896;3.752106;;
60.845;-1.642443;3.763314;;
60.846;-1.642184;3.763416;;
60.867;-1.613223;3.774196;;
60.889;-1.580195;3.78574;;
60.891;-1.579609;3.785945;;
60.892;-1.570226;3.789072;;
60.913;-1.553094;3.794643;;
60.913;-1.542812;3.79786;;
60.935;-1.523365;3.803802;;
60.937;-1.509506;3.807854;;
60.946787;;;-0.243660657253323;0.194247343412564
60.734;-1.772594;3.706871;;
60.736;-1.772298;3.707018;;
60.756;-1.757717;3.71401;;
60.757;-1.747912;3.718601;;
60.778;-1.729249;3.72716;;
60.78;-1.715883;3.733102;;
60.781;-1.714403;3.73376;;
60.801;-1.700478;3.739794;;
60.802;-1.70035;3.73985;;
60.822;-1.671212;3.751975;;
60.824;-1.670896;3.752106;;
60.845;-1.642443;3.763314;;
60.846;-1.642184;3.763416;;
60.867;-1.613223;3.774196;;
60.889;-1.580195;3.78574;;
60.891;-1.579609;3.785945;;
60.892;-1.570226;3.789072;;
60.913;-1.553094;3.794643;;
60.913;-1.542812;3.79786;;
60.935;-1.523365;3.803802;;
60.937;-1.509506;3.807854;;
60.957;-1.492337;3.812713;;
60.979;-1.463393;3.82043;;
60.98;-1.462851;3.820575;;
61.001;-1.430887;3.828436;;
61.002;-1.430575;3.828513;;
61.004;-1.416967;3.831646;;
61.023;-1.401505;3.835073;;
61.0254952;;;-0.881416075079093;0.0672650378409985
60.801;-1.700478;3.739794;;
60.802;-1.70035;3.73985;;
60.822;-1.671212;3.751975;;
60.824;-1.670896;3.752106;;
60.845;-1.642443;3.763314;;
60.846;-1.642184;3.763416;;
60.867;-1.613223;3.774196;;
60.889;-1.580195;3.78574;;
60.891;-1.579609;3.785945;;
60.892;-1.570226;3.789072;;
60.913;-1.553094;3.794643;;
60.913;-1.542812;3.79786;;
60.935;-1.523365;3.803802;;
60.937;-1.509506;3.807854;;
60.957;-1.492337;3.812713;;
60.979;-1.463393;3.82043;;
60.98;-1.462851;3.820575;;
61.001;-1.430887;3.828436;;
61.002;-1.430575;3.828513;;
61.004;-1.416967;3.831646;;
61.023;-1.401505;3.835073;;
61.045;-1.371295;3.841305;;
61.046;-1.371011;3.841364;;
61.047;-1.357263;3.843992;;
61.067;-1.340234;3.847104;;
61.09;-1.309821;3.852177;;
61.092;-1.30906;3.852304;;
61.1032006;;;-0.934052801046552;-0.0662643912574555
60.889;-1.580195;3.78574;;
60.891;-1.579609;3.785945;;
60.892;-1.570226;3.789072;;
60.913;-1.553094;3.794643;;
60.913;-1.542812;3.79786;;
60.935;-1.523365;3.803802;;
60.937;-1.509506;3.807854;;
60.957;-1.492337;3.812713;;
60.979;-1.463393;3.82043;;
60.98;-1.462851;3.820575;;
61.001;-1.430887;3.828436;;
61.002;-1.430575;3.828513;;
61.004;-1.416967;3.831646;;
61.023;-1.401505;3.835073;;
61.045;-1.371295;3.841305;;
61.046;-1.371011;3.841364;;
61.047;-1.357263;3.843992;;
61.067;-1.340234;3.847104;;
61.09;-1.309821;3.852177;;
61.092;-1.30906;3.852304;;
61.113;-1.278614;3.856782;;
61.115;-1.261975;3.858989;;
61.127;-1.260331;3.859207;;
61.138;-1.248236;3.860684;;
61.167;-1.196989;3.865757;;
61.176;-1.184017;3.867041;;
61.177;-1.183746;3.867067;;
61.1819092;;;-0.960118277808403;-0.190227726725191
60.957;-1.492337;3.812713;;
60.979;-1.463393;3.82043;;
60.98;-1.462851;3.820575;;
61.001;-1.430887;3.828436;;
61.002;-1.430575;3.828513;;
61.004;-1.416967;3.831646;;
61.023;-1.401505;3.835073;;
61.045;-1.371295;3.841305;;
61.046;-1.371011;3.841364;;
61.047;-1.357263;3.843992;;
61.067;-1.340234;3.847104;;
61.09;-1.309821;3.852177;;
61.092;-1.30906;3.852304;;
61.113;-1.278614;3.856782;;
61.115;-1.261975;3.858989;;
61.127;-1.260331;3.859207;;
61.138;-1.248236;3.860684;;
61.167;-1.196989;3.865757;;
61.176;-1.184017;3.867041;;
61.177;-1.183746;3.867067;;
61.196;-1.151653;3.869286;;
61.197;-1.151336;3.869308;;
61.198;-1.151253;3.869314;;
61.217;-1.121473;3.8708;;
61.219;-1.121086;3.87082;;
61.239;-1.090827;3.871765;;
61.24;-1.090192;3.871785;;
61.2596151;;;-0.977460781364903;-0.263539698959965
61.045;-1.371295;3.841305;;
61.046;-1.371011;3.841364;;
61.047;-1.357263;3.843992;;
61.067;-1.340234;3.847104;;
61.09;-1.309821;3.852177;;
61.092;-1.30906;3.852304;;
61.113;-1.278614;3.856782;;
61.115;-1.261975;3.858989;;
61.127;-1.260331;3.859207;;
61.138;-1.248236;3.860684;;
61.167;-1.196989;3.865757;;
61.176;-1.184017;3.867041;;
61.177;-1.183746;3.867067;;
61.196;-1.151653;3.869286;;
61.197;-1.151336;3.869308;;
61.198;-1.151253;3.869314;;
61.217;-1.121473;3.8708;;
61.219;-1.121086;3.87082;;
61.239;-1.090827;3.871765;;
61.24;-1.090192;3.871785;;
61.262;-1.059407;3.872164;;
61.263;-1.058693;3.872173;;
61.283;-1.027588;3.871959;;
61.285;-1.027206;3.871957;;
61.306;-0.996098;3.871146;;
61.307;-0.9957875;3.871138;;
61.329;-0.9636507;3.869676;;
61.329;-0.9635894;3.869673;;
61.338324;;;-0.927017503764952;-0.330051826567027
61.113;-1.278614;3.856782;;
61.115;-1.261975;3.858989;;
61.127;-1.260331;3.859207;;
61.138;-1.248236;3.860684;;
61.167;-1.196989;3.865757;;
61.176;-1.184017;3.867041;;
61.177;-1.183746;3.867067;;
61.196;-1.151653;3.869286;;
61.197;-1.151336;3.869308;;
61.198;-1.151253;3.869314;;
61.217;-1.121473;3.8708;;
61.219;-1.121086;3.87082;;
61.239;-1.090827;3.871765;;
61.24;-1.090192;3.871785;;
61.262;-1.059407;3.872164;;
61.263;-1.058693;3.872173;;
61.283;-1.027588;3.871959;;
61.285;-1.027206;3.871957;;
61.306;-0.996098;3.871146;;
61.307;-0.9957875;3.871138;;
61.329;-0.9636507;3.869676;;
61.329;-0.9635894;3.869673;;
61.35;-0.9335225;3.867735;;
61.374;-0.9028844;3.865184;;
61.375;-0.9019111;3.865103;;
61.395;-0.8711627;3.861941;;
61.396;-0.8705215;3.861875;;
61.397;-0.8704242;3.861865;;
61.4160294;;;-0.59326504295798;-0.374871428210908
61.196;-1.151653;3.869286;;
61.197;-1.151336;3.869308;;
61.198;-1.151253;3.869314;;
61.217;-1.121473;3.8708;;
61.219;-1.121086;3.87082;;
61.239;-1.090827;3.871765;;
61.24;-1.090192;3.871785;;
61.262;-1.059407;3.872164;;
61.263;-1.058693;3.872173;;
61.283;-1.027588;3.871959;;
61.285;-1.027206;3.871957;;
61.306;-0.996098;3.871146;;
61.307;-0.9957875;3.871138;;
61.329;-0.9636507;3.869676;;
61.329;-0.9635894;3.869673;;
61.35;-0.9335225;3.867735;;
61.374;-0.9028844;3.865184;;
61.375;-0.9019111;3.865103;;
61.395;-0.8711627;3.861941;;
61.396;-0.8705215;3.861875;;
61.397;-0.8704242;3.861865;;
61.417;-0.839782;3.858121;;
61.419;-0.8397561;3.858118;;
61.439;-0.8087741;3.853739;;
61.44;-0.8084525;3.853693;;
61.462;-0.7769127;3.848602;;
61.463;-0.7763411;3.848509;;
61.484;-0.7468332;3.843164;;
61.4947378;;;-0.0639185324402983;-0.40249717146326
61.262;-1.059407;3.872164;;
61.263;-1.058693;3.872173;;
61.283;-1.027588;3.871959;;
61.285;-1.027206;3.871957;;
61.306;-0.996098;3.871146;;
61.307;-0.9957875;3.871138;;
61.329;-0.9636507;3.869676;;
61.329;-0.9635894;3.869673;;
61.35;-0.9335225;3.867735;;
61.374;-0.9028844;3.865184;;
61.375;-0.9019111;3.865103;;
61.395;-0.8711627;3.861941;;
61.396;-0.8705215;3.861875;;
61.397;-0.8704242;3.861865;;
61.417;-0.839782;3.858121;;
61.419;-0.8397561;3.858118;;
61.439;-0.8087741;3.853739;;
61.44;-0.8084525;3.853693;;
61.462;-0.7769127;3.848602;;
61.463;-0.7763411;3.848509;;
61.484;-0.7468332;3.843164;;
61.507;-0.7166037;3.837113;;
61.508;-0.7160689;3.837006;;
61.509;-0.7159379;3.83698;;
61.529;-0.6843382;3.830003;;
61.55;-0.6701985;3.826673;;
61.551;-0.6572952;3.823506;;
61.553;-0.6548278;3.8229;;
61.5729452;;;-0.0310674533807381;-0.407032230830629
61.329;-0.9636507;3.869676;;
61.329;-0.9635894;3.869673;;
61.35;-0.9335225;3.867735;;
61.374;-0.9028844;3.865184;;
61.375;-0.9019111;3.865103;;
61.395;-0.8711627;3.861941;;
61.396;-0.8705215;3.861875;;
61.397;-0.8704242;3.861865;;
61.417;-0.839782;3.858121;;
61.419;-0.8397561;3.858118;;
61.439;-0.8087741;3.853739;;
61.44;-0.8084525;3.853693;;
61.462;-0.7769127;3.848602;;
61.463;-0.7763411;3.848509;;
61.484;-0.7468332;3.843164;;
61.507;-0.7166037;3.837113;;
61.508;-0.7160689;3.837006;;
61.509;-0.7159379;3.83698;;
61.529;-0.6843382;3.830003;;
61.55;-0.6701985;3.826673;;
61.551;-0.6572952;3.823506;;
61.553;-0.6548278;3.8229;;
61.577;-0.6280366;3.815904;;
61.583;-0.6233552;3.814682;;
61.595;-0.60947;3.810845;;
61.617;-0.5688363;3.798837;;
61.619;-0.567633;3.798481;;
61.62;-0.5674935;3.79844;;
61.6401233;;;-0.0197498929429893;-0.40882678797562
61.417;-0.839782;3.858121;;
61.419;-0.8397561;3.858118;;
61.439;-0.8087741;3.853739;;
61.44;-0.8084525;3.853693;;
61.462;-0.7769127;3.848602;;
61.463;-0.7763411;3.848509;;
61.484;-0.7468332;3.843164;;
61.507;-0.7166037;3.837113;;
61.508;-0.7160689;3.837006;;
61.509;-0.7159379;3.83698;;
61.529;-0.6843382;3.830003;;
61.55;-0.6701985;3.826673;;
61.551;-0.6572952;3.823506;;
61.553;-0.6548278;3.8229;;
61.577;-0.6280366;3.815904;;
61.583;-0.6233552;3.814682;;
61.595;-0.60947;3.810845;;
61.617;-0.5688363;3.798837;;
61.619;-0.567633;3.798481;;
61.62;-0.5674935;3.79844;;
61.64;-0.5346416;3.78786;;
61.662;-0.5039647;3.777304;;
61.663;-0.5036452;3.777198;;
61.664;-0.5035977;3.777182;;
61.684;-0.4755161;3.766896;;
61.708;-0.4461831;3.755539;;
61.71;-0.4452658;3.755183;;
61.7183302;;;-0.017715651577787;-0.409377014614934
61.484;-0.7468332;3.843164;;
61.507;-0.7166037;3.837113;;
61.508;-0.7160689;3.837006;;
61.509;-0.7159379;3.83698;;
61.529;-0.6843382;3.830003;;
61.55;-0.6701985;3.826673;;
61.551;-0.6572952;3.823506;;
61.553;-0.6548278;3.8229;;
61.577;-0.6280366;3.815904;;
61.583;-0.6233552;3.814682;;
61.595;-0.60947;3.810845;;
61.617;-0.5688363;3.798837;;
61.619;-0.567633;3.798481;;
61.62;-0.5674935;3.79844;;
61.64;-0.5346416;3.78786;;
61.662;-0.5039647;3.777304;;
61.663;-0.5036452;3.777198;;
61.664;-0.5035977;3.777182;;
61.684;-0.4755161;3.766896;;
61.708;-0.4461831;3.755539;;
61.71;-0.4452658;3.755183;;
61.73;-0.4167302;3.743476;;
61.732;-0.4156632;3.743038;;
61.733;-0.4156632;3.743038;;
61.775;-0.3597269;3.718198;;
61.777;-0.3591498;3.717942;;
61.778;-0.3590875;3.717914;;
61.7955348;;;-0.0141469990269542;-0.406219780573562
61.577;-0.6280366;3.815904;;
61.583;-0.6233552;3.814682;;
61.595;-0.60947;3.810845;;
61.617;-0.5688363;3.798837;;
61.619;-0.567633;3.798481;;
61.62;-0.5674935;3.79844;;
61.64;-0.5346416;3.78786;;
61.662;-0.5039647;3.777304;;
61.663;-0.5036452;3.777198;;
61.664;-0.5035977;3.777182;;
61.684;-0.4755161;3.766896;;
61.708;-0.4461831;3.755539;;
61.71;-0.4452658;3.755183;;
61.73;-0.4167302;3.743476;;
61.732;-0.4156632;3.743038;;
61.733;-0.4156632;3.743038;;
61.775;-0.3597269;3.718198;;
61.777;-0.3591498;3.717942;;
61.778;-0.3590875;3.717914;;
61.798;-0.3301503;3.704056;;
61.799;-0.3298717;3.703923;;
61.82;-0.3034361;3.690639;;
61.842;-0.2754328;3.675918;;
61.844;-0.2751558;3.675772;;
61.845;-0.2751195;3.675753;;
61.864;-0.2472619;3.6604;;
61.874243;;;-0.0060919344348157;-0.407836812835804
61.64;-0.5346416;3.78786;;
61.662;-0.5039647;3.777304;;
61.663;-0.5036452;3.777198;;
61.664;-0.5035977;3.777182;;
61.684;-0.4755161;3.766896;;
61.708;-0.4461831;3.755539;;
61.71;-0.4452658;3.755183;;
61.73;-0.4167302;3.743476;;
61.732;-0.4156632;3.743038;;
61.733;-0.4156632;3.743038;;
61.775;-0.3597269;3.718198;;
61.777;-0.3591498;3.717942;;
61.778;-0.3590875;3.717914;;
61.798;-0.3301503;3.704056;;
61.799;-0.3298717;3.703923;;
61.82;-0.3034361;3.690639;;
61.842;-0.2754328;3.675918;;
61.844;-0.2751558;3.675772;;
61.845;-0.2751195;3.675753;;
61.864;-0.2472619;3.6604;;
61.886;-0.2209702;3.645256;;
61.888;-0.2205087;3.64499;;
61.889;-0.2203787;3.644915;;
61.909;-0.193501;3.628733;;
61.932;-0.1673178;3.612291;;
61.933;-0.1666037;3.611842;;
61.9519489;;;-0.362683481831484;-0.430883220350734
61.732;-0.4156632;3.743038;;
61.733;-0.4156632;3.743038;;
61.775;-0.3597269;3.718198;;
61.777;-0.3591498;3.717942;;
61.778;-0.3590875;3.717914;;
61.798;-0.3301503;3.704056;;
61.799;-0.3298717;3.703923;;
61.82;-0.3034361;3.690639;;
61.842;-0.2754328;3.675918;;
61.844;-0.2751558;3.675772;;
61.845;-0.2751195;3.675753;;
61.864;-0.2472619;3.6604;;
61.886;-0.2209702;3.645256;;
61.888;-0.2205087;3.64499;;
61.889;-0.2203787;3.644915;;
61.909;-0.193501;3.628733;;
61.932;-0.1673178;3.612291;;
61.933;-0.1666037;3.611842;;
61.955;-0.1414683;3.595379;;
61.957;-0.1408945;3.595003;;
61.958;-0.1408945;3.595003;;
61.977;-0.1149248;3.577276;;
61.979;-0.1145874;3.577045;;
61.998;-0.08904449;3.558875;;
62;-0.08875316;3.558668;;
62.025;-0.0674172;3.542866;;
62.03;-0.06368372;3.5401;;
62.0326626;;;-0.904064283511837;-0.478054907940628
61.82;-0.3034361;3.690639;;
61.842;-0.2754328;3.675918;;
61.844;-0.2751558;3.675772;;
61.845;-0.2751195;3.675753;;
61.864;-0.2472619;3.6604;;
61.886;-0.2209702;3.645256;;
61.888;-0.2205087;3.64499;;
61.889;-0.2203787;3.644915;;
61.909;-0.193501;3.628733;;
61.932;-0.1673178;3.612291;;
61.933;-0.1666037;3.611842;;
61.955;-0.1414683;3.595379;;
61.957;-0.1408945;3.595003;;
61.958;-0.1408945;3.595003;;
61.977;-0.1149248;3.577276;;
61.979;-0.1145874;3.577045;;
61.998;-0.08904449;3.558875;;
62;-0.08875316;3.558668;;
62.025;-0.0674172;3.542866;;
62.03;-0.06368372;3.5401;;
62.043;-0.03996823;3.521834;;
62.066;-0.0145399;3.501487;;
62.067;-0.014355;3.501339;;
62.068;-0.01428118;3.50128;;
62.088;0.008728151;3.482107;;
62.11;0.03240177;3.461647;;
62.112;0.0328614;3.46125;;
62.113;0.03291206;3.461206;;
62.1193925;;;-0.873976865285938;-0.477523535812545
61.886;-0.2209702;3.645256;;
61.888;-0.2205087;3.64499;;
61.889;-0.2203787;3.644915;;
61.909;-0.193501;3.628733;;
61.932;-0.1673178;3.612291;;
61.933;-0.1666037;3.611842;;
61.955;-0.1414683;3.595379;;
61.957;-0.1408945;3.595003;;
61.958;-0.1408945;3.595003;;
61.977;-0.1149248;3.577276;;
61.979;-0.1145874;3.577045;;
61.998;-0.08904449;3.558875;;
62;-0.08875316;3.558668;;
62.025;-0.0674172;3.542866;;
62.03;-0.06368372;3.5401;;
62.043;-0.03996823;3.521834;;
62.066;-0.0145399;3.501487;;
62.067;-0.014355;3.501339;;
62.068;-0.01428118;3.50128;;
62.088;0.008728151;3.482107;;
62.11;0.03240177;3.461647;;
62.112;0.0328614;3.46125;;
62.113;0.03291206;3.461206;;
62.133;0.05688474;3.439633;;
62.154;0.07857209;3.419357;;
62.157;0.07949941;3.41849;;
62.178;0.1014252;3.397196;;
62.18;0.1019473;3.396689;;
62.18;0.1019473;3.396689;;
62.1975997;;;-0.715823428418413;-0.461935723481964
61.977;-0.1149248;3.577276;;
61.979;-0.1145874;3.577045;;
61.998;-0.08904449;3.558875;;
62;-0.08875316;3.558668;;
62.025;-0.0674172;3.542866;;
62.03;-0.06368372;3.5401;;
62.043;-0.03996823;3.521834;;
62.066;-0.0145399;3.501487;;
62.067;-0.014355;3.501339;;
62.068;-0.01428118;3.50128;;
62.088;0.008728151;3.482107;;
62.11;0.03240177;3.461647;;
62.112;0.0328614;3.46125;;
62.113;0.03291206;3.461206;;
62.133;0.05688474;3.439633;;
62.154;0.07857209;3.419357;;
62.157;0.07949941;3.41849;;
62.178;0.1014252;3.397196;;
62.18;0.1019473;3.396689;;
62.18;0.1019473;3.396689;;
62.2;0.1242833;3.374136;;
62.222;0.1450166;3.352401;;
62.224;0.1458655;3.351511;;
62.225;0.1459763;3.351395;;
62.245;0.1669111;3.328576;;
62.267;0.1870794;3.305757;;
62.269;0.1876848;3.305073;;
62.2763081;;;-0.522974306945274;-0.430711154134597
62.043;-0.03996823;3.521834;;
62.066;-0.0145399;3.501487;;
62.067;-0.014355;3.501339;;
62.068;-0.01428118;3.50128;;
62.088;0.008728151;3.482107;;
62.11;0.03240177;3.461647;;
62.112;0.0328614;3.46125;;
62.113;0.03291206;3.461206;;
62.133;0.05688474;3.439633;;
62.154;0.07857209;3.419357;;
62.157;0.07949941;3.41849;;
62.178;0.1014252;3.397196;;
62.18;0.1019473;3.396689;;
62.18;0.1019473;3.396689;;
62.2;0.1242833;3.374136;;
62.222;0.1450166;3.352401;;
62.224;0.1458655;3.351511;;
62.225;0.1459763;3.351395;;
62.245;0.1669111;3.328576;;
62.267;0.1870794;3.305757;;
62.269;0.1876848;3.305073;;
62.29;0.2074677;3.281804;;
62.291;0.2078552;3.281348;;
62.292;0.2079272;3.281264;;
62.312;0.2277631;3.256999;;
62.334;0.2471645;3.232337;;
62.335;0.2473303;3.232127;;
62.335;0.2473885;3.232053;;
62.354014;;;-0.886478975670771;-0.424212453727874
62.133;0.05688474;3.439633;;
62.154;0.07857209;3.419357;;
62.157;0.07949941;3.41849;;
62.178;0.1014252;3.397196;;
62.18;0.1019473;3.396689;;
62.18;0.1019473;3.396689;;
62.2;0.1242833;3.374136;;
62.222;0.1450166;3.352401;;
62.224;0.1458655;3.351511;;
62.225;0.1459763;3.351395;;
62.245;0.1669111;3.328576;;
62.267;0.1870794;3.305757;;
62.269;0.1876848;3.305073;;
62.29;0.2074677;3.281804;;
62.291;0.2078552;3.281348;;
62.292;0.2079272;3.281264;;
62.312;0.2277631;3.256999;;
62.334;0.2471645;3.232337;;
62.335;0.2473303;3.232127;;
62.335;0.2473885;3.232053;;
62.357;0.2659599;3.20747;;
62.379;0.2845665;3.181871;;
62.38;0.2847422;3.18163;;
62.401;0.3025468;3.156097;;
62.402;0.3027237;3.155844;;
62.403;0.3027507;3.155805;;
62.424;0.3199721;3.130068;;
62.4317201;;;-0.983872863335278;-0.42827355084004
62.2;0.1242833;3.374136;;
62.222;0.1450166;3.352401;;
62.224;0.1458655;3.351511;;
62.225;0.1459763;3.351395;;
62.245;0.1669111;3.328576;;
62.267;0.1870794;3.305757;;
62.269;0.1876848;3.305073;;
62.29;0.2074677;3.281804;;
62.291;0.2078552;3.281348;;
62.292;0.2079272;3.281264;;
62.312;0.2277631;3.256999;;
62.334;0.2471645;3.232337;;
62.335;0.2473303;3.232127;;
62.335;0.2473885;3.232053;;
62.357;0.2659599;3.20747;;
62.379;0.2845665;3.181871;;
62.38;0.2847422;3.18163;;
62.401;0.3025468;3.156097;;
62.402;0.3027237;3.155844;;
62.403;0.3027507;3.155805;;
62.424;0.3199721;3.130068;;
62.446;0.337107;3.103392;;
62.447;0.3372632;3.103149;;
62.458;0.3373011;3.10309;;
62.468;0.3531357;3.077341;;
62.49;0.3692361;3.05006;;
62.492;0.3695489;3.04953;;
62.5104288;;;-0.985195648251533;-0.456268594075294
62.29;0.2074677;3.281804;;
62.291;0.2078552;3.281348;;
62.292;0.2079272;3.281264;;
62.312;0.2277631;3.256999;;
62.334;0.2471645;3.232337;;
62.335;0.2473303;3.232127;;
62.335;0.2473885;3.232053;;
62.357;0.2659599;3.20747;;
62.379;0.2845665;3.181871;;
62.38;0.2847422;3.18163;;
62.401;0.3025468;3.156097;;
62.402;0.3027237;3.155844;;
62.403;0.3027507;3.155805;;
62.424;0.3199721;3.130068;;
62.446;0.337107;3.103392;;
62.447;0.3372632;3.103149;;
62.458;0.3373011;3.10309;;
62.468;0.3531357;3.077341;;
62.49;0.3692361;3.05006;;
62.492;0.3695489;3.04953;;
62.513;0.3846281;3.022787;;
62.514;0.3849263;3.022258;;
62.515;0.3849783;3.022166;;
62.536;0.3998412;2.994588;;
62.557;0.4137656;2.967531;;
62.559;0.4140569;2.966965;;
62.56;0.4140973;2.966887;;
62.58;0.4279281;2.938698;;
62.5886357;;;-0.978384831370114;-0.521587615427423
62.357;0.2659599;3.20747;;
62.379;0.2845665;3.181871;;
62.38;0.2847422;3.18163;;
62.401;0.3025468;3.156097;;
62.402;0.3027237;3.155844;;
62.403;0.3027507;3.155805;;
62.424;0.3199721;3.130068;;
62.446;0.337107;3.103392;;
62.447;0.3372632;3.103149;;
62.458;0.3373011;3.10309;;
62.468;0.3531357;3.077341;;
62.49;0.3692361;3.05006;;
62.492;0.3695489;3.04953;;
62.513;0.3846281;3.022787;;
62.514;0.3849263;3.022258;;
62.515;0.3849783;3.022166;;
62.536;0.3998412;2.994588;;
62.557;0.4137656;2.967531;;
62.559;0.4140569;2.966965;;
62.56;0.4140973;2.966887;;
62.58;0.4279281;2.938698;;
62.602;0.4408796;2.910995;;
62.603;0.4411152;2.910491;;
62.625;0.4537973;2.881954;;
62.626;0.4539386;2.881636;;
62.627;0.4539386;2.881636;;
62.647;0.4662256;2.852477;;
62.6668423;;;-0.987008697146729;-0.58986913283928
62.446;0.337107;3.103392;;
62.447;0.3372632;3.103149;;
62.458;0.3373011;3.10309;;
62.468;0.3531357;3.077341;;
62.49;0.3692361;3.05006;;
62.492;0.3695489;3.04953;;
62.513;0.3846281;3.022787;;
62.514;0.3849263;3.022258;;
62.515;0.3849783;3.022166;;
62.536;0.3998412;2.994588;;
62.557;0.4137656;2.967531;;
62.559;0.4140569;2.966965;;
62.56;0.4140973;2.966887;;
62.58;0.4279281;2.938698;;
62.602;0.4408796;2.910995;;
62.603;0.4411152;2.910491;;
62.625;0.4537973;2.881954;;
62.626;0.4539386;2.881636;;
62.627;0.4539386;2.881636;;
62.647;0.4662256;2.852477;;
62.669;0.4775386;2.824147;;
62.67;0.4777981;2.823497;;
62.672;0.4777981;2.823497;;
62.692;0.4888164;2.794275;;
62.714;0.4992641;2.764911;;
62.715;0.4994619;2.764355;;
62.736;0.5093251;2.734821;;
62.737;0.5095074;2.734276;;
62.7445485;;;-0.988464730942829;-0.659063049839268
