lineargazeTimestamp;lineargazeXPos;lineargazeYPos;lineargazenewCorr;lineargazesmoothCorr
53.399;0.3997698;0.7024575
53.404;0.4011434;0.7032611
53.406;0.403184;0.7026968
53.406;0.4034903;0.69407
53.407;0.402245;0.6885732
53.408;0.4047288;0.6858574
53.409;0.4034905;0.6800523
53.426;0.4053119;0.6757802
53.427;0.4053985;0.667537
53.428;0.4064722;0.6623665
53.451;0.4086575;0.6571686
53.452;0.4098573;0.6526287
53.453;0.4120246;0.6477842
53.454;0.4134327;0.6448823
53.454;0.4160312;0.6410284
53.473;0.4181226;0.6399247
53.475;0.4203712;0.6368217
53.495;0.4223437;0.6346155
53.497;0.4238288;0.6336968
53.517;0.4242657;0.6343843
53.518;0.4238616;0.6365389
53.538;0.4225485;0.6400412
53.539;0.4206172;0.6443934
53.56;0.4185643;0.6491783
53.561;0.4165775;0.6537429
53.582;0.415009;0.6577817
53.583;0.413963;0.6615171
53.604;0.4133826;0.6647569
53.626;0.413024;0.6682563
53.627;0.4129775;0.6718574
53.628;0.4132206;0.6747077
53.669;0.4135658;0.6761411
53.714;0.4062847;0.6766567
53.715;0.3901183;0.6844355
53.716;0.373705;0.6927541
53.736;0.3569496;0.7027383
53.737;0.3478089;0.7128978
53.76;0.3474818;0.7146544
53.761;0.3474424;0.7150722
53.783;0.348004;0.7137001
53.784;0.3490153;0.7116889
53.785;0.3502137;0.7096643
53.804;0.3512902;0.707865
53.826;0.3520501;0.7062745
53.827;0.3502415;0.706908
53.848;0.3456984;0.7080361
53.849;0.3397332;0.7105798
53.871;0.3337156;0.7139937
53.897;0.3298489;0.7157171
53.899;0.3286732;0.7177709
54.435;0.3291075;0.7180052
54.478;0.3315791;0.714152
54.68;0.3341902;0.7101908
54.702;0.3372332;0.7080095
54.724;0.3399422;0.7065264
54.746;0.3407884;0.7087121
54.747;0.3417503;0.7104477
54.747;0.3422103;0.7098187
54.789;0.3428752;0.7091067
54.812;0.343531;0.7079504
54.835;0.3441072;0.7071891
54.836;0.3445745;0.7068787
54.857;0.3449691;0.7068866
54.858;0.3453107;0.70715
54.88;0.3456311;0.7074745
54.881;0.3460529;0.707495
54.903;0.3464769;0.7073345
54.924;0.3469687;0.7068121
54.97;0.3477756;0.7060935
54.971;0.3487056;0.7058642
54.972;0.349532;0.7056167
54.99;0.3499797;0.7060771
55.014;0.3499251;0.7069732
55.015;0.3496529;0.7073957
55.016;0.3494219;0.7074296
55.036;0.3494727;0.7071695
55.057;0.3497456;0.7063949
55.058;0.3500341;0.7055819
55.079;0.3503112;0.7054805
55.08;0.3504639;0.7054881
55.102;0.3506085;0.7056096
55.104;0.3508559;0.7058426
55.125;0.351129;0.7056538
55.127;0.3516248;0.7051238
55.128;0.3522517;0.7045875
55.147;0.3528987;0.7039571
55.169;0.3536241;0.70342
55.17;0.3541474;0.7031227
55.191;0.3543965;0.7031006
55.211;0.3546053;0.7029875
55.213;0.3548019;0.7029938
55.233;0.3550602;0.7033199
55.234;0.3552555;0.7033651
55.255;0.3552651;0.7038712
55.256;0.3550602;0.7044907
55.276;0.3548913;0.7046956
55.278;0.354829;0.7049398
55.298;0.3549209;0.7046322
55.299;0.3552352;0.7039722
55.32;0.3556792;0.703054
55.321;0.3562717;0.7020139
55.341;0.3569065;0.7009563
55.363;0.3574853;0.7000266
55.364;0.3579314;0.6993952
55.364;0.3584194;0.6987301
55.384;0.3588449;0.6983057
55.405;0.359361;0.6977972
55.406;0.3598864;0.6974441
55.407;0.36028;0.697261
55.427;0.360664;0.696779
55.448;0.3610022;0.6964557
55.449;0.3612036;0.6960855
55.47;0.3614735;0.6957306
55.471;0.3617043;0.6957519
55.491;0.3617788;0.6960418
55.492;0.3619267;0.6965998
55.512;0.3619734;0.6972113
55.513;0.3620849;0.6979442
55.533;0.3621098;0.6986074
55.534;0.3619577;0.6992339
55.555;0.3616584;0.6999974
55.555;0.3612415;0.7006051
55.576;0.3609903;0.7006874
55.577;0.3610032;0.7003769
55.597;0.3611641;0.6995639
55.618;0.3614672;0.6982681
55.619;0.3619139;0.697122
55.639;0.3622736;0.6960661
55.641;0.3627534;0.6952437
55.662;0.3631056;0.6952553
55.663;0.3634478;0.6951648
55.683;0.3637689;0.6955552
55.684;0.364025;0.6963806
55.705;0.3643278;0.6965978
55.706;0.3644593;0.6970147
55.728;0.3645391;0.6969663
55.748;0.3644906;0.697009
55.749;0.3643964;0.6972382
55.769;0.3643073;0.6972476
55.77;0.3643396;0.6971755
55.791;0.3643862;0.6970632
55.793;0.3646059;0.6965756
55.813;0.3650298;0.6962444
55.814;0.3655134;0.6958944
55.835;0.3661818;0.6951939
55.837;0.3668875;0.6947767
55.857;0.367481;0.6944962
55.859;0.3679097;0.6947242
55.86;0.3681563;0.6951908
55.879;0.3592756;0.7028922
55.879;0.3594742;0.703305
55.88;0.3502042;0.7113296
55.881;0.340311;0.718701
55.9;0.3405586;0.7188883
55.9;0.329713;0.7252858
55.921;0.3299666;0.7251058
55.921;0.3302992;0.7249779
55.922;0.3304286;0.7240767
55.923;0.3307046;0.7239435
55.923;0.3309021;0.7229442
55.942;0.3311639;0.7228269
55.943;0.3314852;0.7218684
55.943;0.3317764;0.7217857
55.964;0.3321546;0.7213529
55.965;0.3326183;0.7207643
55.966;0.3330832;0.7204742
55.967;0.3336536;0.7196994
55.986;0.3340243;0.7197189
55.987;0.3344831;0.7189926
55.988;0.3347226;0.7191164
55.988;0.3351117;0.7185457
56.008;0.3352627;0.7183692
56.009;0.335528;0.7181681
56.009;0.3356873;0.7179847
56.01;0.3359188;0.7172999
56.029;0.3361276;0.7170975
56.03;0.3364838;0.7163641
56.031;0.3367746;0.7155042
56.032;0.3373914;0.7142262
56.051;0.3378336;0.7135204
56.052;0.3384925;0.7121899
56.052;0.338886;0.7115671
56.053;0.339493;0.7103611
56.072;0.3399159;0.709811
56.073;0.3404133;0.7093431
56.074;0.3408077;0.7090749
56.075;0.3409889;0.7092408
56.094;0.3413524;0.7088667
56.095;0.3415294;0.7091546
56.096;0.3418502;0.7086532
56.096;0.3421241;0.7080885
56.115;0.3423172;0.7083403
56.116;0.3426504;0.7080193
56.117;0.3430406;0.7077092
56.117;0.343731;0.7070174
56.137;0.3441507;0.7065678
56.145;0.3448396;0.7058331
56.146;0.3453964;0.7056623
56.147;0.3459659;0.7052037
56.159;0.3465545;0.7052146
56.16;0.3469979;0.7050833
56.161;0.3474618;0.7046167
56.162;0.3477068;0.7043273
56.181;0.3480266;0.7042708
56.182;0.3482254;0.703762
56.183;0.3482946;0.7031778
56.184;0.3486401;0.7022484
56.203;0.3486552;0.7016663
56.203;0.3489503;0.7006644
56.204;0.3490145;0.7003536
56.205;0.3492491;0.6993014
56.224;0.3495103;0.6988635
56.225;0.3497369;0.6986879
56.245;0.3499454;0.6984224
56.246;0.3500635;0.6986794
56.246;0.3501328;0.6985375
56.247;0.3501932;0.6990975
56.247;0.3502581;0.698674
56.266;0.3502166;0.6994975
56.267;0.3501524;0.6993599
56.268;0.3500909;0.6997538
56.288;0.3501283;0.6999201
56.288;0.3502638;0.6998585
56.289;0.3505404;0.6998132
56.289;0.3510451;0.6991863
56.309;0.3514807;0.6993122
56.31;0.3523149;0.6981785
56.31;0.3527463;0.6978911
56.311;0.35371;0.6967489
56.33;0.3543396;0.6960776
56.331;0.3552171;0.6952018
56.332;0.3557217;0.6946369
56.332;0.3563657;0.6939484
56.351;0.3567252;0.6932859
56.352;0.3572466;0.6927444
56.353;0.3576249;0.6924453
56.353;0.3579232;0.6922579
56.372;0.358068;0.6919817
56.373;0.3582019;0.6917095
56.374;0.3583288;0.6916074
56.375;0.3585328;0.6912866
56.394;0.3587788;0.6909196
56.395;0.358925;0.6908753
56.396;0.3590782;0.6903511
56.397;0.3593209;0.6899202
56.416;0.3595188;0.6890053
56.417;0.3598152;0.6888718
56.418;0.3601717;0.6879803
56.419;0.3602867;0.6877788
56.438;0.3604476;0.6873105
56.439;0.3605183;0.6866362
56.439;0.3604937;0.6862669
56.44;0.3605471;0.6859205
56.459;0.3606455;0.6855766
56.46;0.3608602;0.6848673
56.48;0.3607884;0.6843414
56.48;0.3610004;0.683814
56.481;0.3610825;0.6830202
56.481;0.3614998;0.6824317
56.501;0.3617544;0.6817932
56.501;0.3622906;0.6809599
56.502;0.3626504;0.6802123
56.503;0.3633046;0.6790119
56.524;0.3636819;0.6782625
56.524;0.3640106;0.6778014
56.525;0.3647734;0.6765985
56.526;0.3655337;0.6754416
56.545;0.3658962;0.67531
56.546;0.3661707;0.6755928
56.547;0.3666784;0.6749791
56.548;0.3670092;0.6753029
56.566;0.3672639;0.6754344
56.567;0.3674323;0.6758147
56.568;0.3676965;0.6760945
56.568;0.3676415;0.6767231
56.587;0.3678032;0.6767819
56.588;0.3676354;0.6772757
56.589;0.3675399;0.676854
56.59;0.3673182;0.6769116
56.609;0.3670978;0.6765016
56.61;0.366993;0.6762851
56.611;0.3667759;0.6756863
56.612;0.3664601;0.6748915
56.631;0.3664492;0.6743572
56.632;0.3667724;0.6735024
56.632;0.3667277;0.6727197
56.633;0.3670635;0.6718246
56.701;0.3671291;0.671017
56.702;0.3672;0.6703196
56.703;0.3674728;0.6695493
56.704;0.3676499;0.6692094
56.704;0.3678656;0.6687943
56.704;0.3679761;0.6689016
56.706;0.3679855;0.6688768
56.707;0.3680934;0.6693448
56.708;0.3681956;0.6697652
56.709;0.3684444;0.6701493
56.71;0.3685764;0.6708766
56.711;0.3689519;0.6709043
56.731;0.3691179;0.6712471
56.732;0.3695024;0.6710491
56.732;0.3698481;0.6708317
56.733;0.3702389;0.6705424
56.744;0.3704612;0.6698714
56.745;0.3706928;0.6692211
56.746;0.3710101;0.6681104
56.746;0.3713561;0.6670811
56.765;0.3716495;0.6663451
56.766;0.3719882;0.6653938
56.767;0.3721807;0.664541
56.767;0.3725989;0.6636212
56.787;0.3727661;0.6626023
56.788;0.3731648;0.6619015
56.788;0.3731593;0.6609756
56.789;0.3735449;0.6606104
56.808;0.3734728;0.6593222
56.809;0.3737611;0.6588618
56.81;0.3738;0.6579
56.81;0.3740339;0.6570421
56.829;0.3741792;0.6562728
56.83;0.3743616;0.6552751
56.831;0.3746093;0.654753
56.851;0.3747558;0.6535378
56.852;0.3750696;0.653089
56.852;0.3752609;0.6520426
56.872;0.3755393;0.651592
56.873;0.3758592;0.6505567
56.874;0.3760138;0.650004
56.874;0.376409;0.6491907
56.875;0.3764066;0.648208
56.894;0.3767761;0.647613
56.895;0.3769279;0.6467644
56.895;0.3773614;0.6460202
56.915;0.3775589;0.6450905
56.916;0.3779553;0.6443141
56.917;0.3781509;0.643285
56.918;0.3784027;0.6425079
56.937;0.3788091;0.6416938
56.937;0.3788301;0.641223
56.938;0.3789371;0.6404152
56.939;0.3787296;0.6398245
56.958;0.3786514;0.6388423
56.959;0.3785866;0.6384559
56.96;0.3783753;0.6373943
56.961;0.3784379;0.6367822
56.98;0.3780602;0.6354674
56.98;0.3782574;0.6343332
56.981;0.3780638;0.6331649
56.981;0.3784381;0.6319538
57.001;0.3783432;0.6310826
57.002;0.3785626;0.6296912
57.003;0.3787383;0.6289312
57.024;0.3789987;0.6275443
57.024;0.3792386;0.6269462
57.025;0.3795113;0.6257821
57.026;0.3795354;0.6245465
57.045;0.379661;0.6237625
57.046;0.3796258;0.6236249
57.046;0.3794845;0.622303
57.047;0.3793535;0.6226898
57.066;0.3792658;0.6216466
57.067;0.3792056;0.6222014
57.068;0.3792148;0.6213689
57.068;0.3792554;0.6218104
57.088;0.379284;0.6213241
57.089;0.3794796;0.6211858
57.089;0.3796965;0.6208515
57.09;0.3797217;0.6201938
57.111;0.3797;0.6196815
57.112;0.3795474;0.61875
57.114;0.3793831;0.6180508
57.114;0.3791049;0.6169538
57.134;0.3788149;0.6160015
57.135;0.3785359;0.6151305
57.136;0.3782727;0.6142503
57.137;0.3782068;0.6135908
57.156;0.3778185;0.6129357
57.157;0.3779303;0.6123841
57.158;0.3776391;0.6118549
57.158;0.3779448;0.6114492
57.178;0.3780011;0.6114013
57.179;0.3783566;0.6108692
57.18;0.3784372;0.6108553
57.181;0.3789182;0.6102259
57.201;0.3792788;0.6099117
57.202;0.3797591;0.609422
57.202;0.3802046;0.609381
57.203;0.3806553;0.6089478
57.224;0.3809561;0.6086806
57.225;0.3814081;0.6081133
57.226;0.3817989;0.6078357
57.227;0.3819524;0.6076924
57.247;0.3820913;0.6075292
57.248;0.3821721;0.6073074
57.249;0.3822007;0.6069685
57.25;0.3822746;0.6066937
57.269;0.3823871;0.6064779
57.27;0.3822956;0.6065528
57.271;0.3821605;0.6062011
57.272;0.3821995;0.60584
57.3;0.3820246;0.6052667
57.301;0.3822206;0.6048515
57.302;0.3820004;0.6038563
57.303;0.3822358;0.6030313
57.312;0.3820477;0.6017988
57.313;0.3825766;0.6005429
57.314;0.3824672;0.5992524
57.315;0.3831164;0.5979685
57.335;0.3833034;0.5968971
57.335;0.3837893;0.5958881
57.336;0.3840836;0.5951811
57.337;0.3843959;0.5947211
57.357;0.3845109;0.5941753
57.358;0.3844894;0.5939308
57.378;0.3845429;0.5930754
57.379;0.3844029;0.5928632
57.38;0.3841464;0.5917007
57.381;0.3837959;0.5901403
57.382;0.3836966;0.5892183
57.382;0.3838823;0.5878789
57.402;0.3836735;0.5861095
57.403;0.3840849;0.5845088
57.403;0.3839236;0.5829816
57.404;0.3844799;0.5812299
57.423;0.3845103;0.5795645
57.424;0.3852935;0.5780013
57.425;0.3854563;0.5767425
57.426;0.386036;0.5755856
57.445;0.386227;0.5748549
57.446;0.386754;0.5741426
57.447;0.3870649;0.5739248
57.467;0.3873382;0.5735042
57.468;0.3875619;0.5736982
57.469;0.3876123;0.5736445
57.49;0.3877146;0.5736481
57.491;0.3877103;0.5735557
57.491;0.38777;0.5734301
57.492;0.3876317;0.5734783
57.493;0.3875026;0.5729991
57.494;0.3874988;0.573297
57.512;0.3873383;0.5726861
57.513;0.3873674;0.5729753
57.514;0.3872305;0.5724974
57.535;0.38748;0.5723068
57.536;0.3873484;0.5716782
57.537;0.3877631;0.5710324
57.537;0.387871;0.5703857
57.537;0.388493;0.5693198
57.557;0.3887392;0.5688995
57.558;0.3892829;0.5675899
57.559;0.3894938;0.5673057
57.58;0.3897943;0.566732
57.581;0.3901325;0.5666299
57.582;0.3902423;0.5662939
57.603;0.3902155;0.566178
57.603;0.3900187;0.5662194
57.604;0.3898041;0.5660825
57.605;0.3895595;0.5662746
57.605;0.3892092;0.5659132
57.606;0.3888497;0.5660844
57.624;0.3883865;0.5654778
57.625;0.3879768;0.5654191
57.647;0.3876449;0.5646096
57.648;0.3874921;0.5644468
57.65;0.3870874;0.5629107
57.65;0.3870082;0.5618895
57.651;0.3870668;0.5610005
57.669;0.3868114;0.5601905
57.67;0.3870178;0.5593653
57.671;0.3869697;0.5585867
57.691;0.3870943;0.5575453
57.692;0.3868897;0.5566663
57.693;0.3870883;0.5558832
57.714;0.3869747;0.5551527
57.715;0.3871402;0.5545646
57.716;0.387172;0.5538437
57.716;0.387217;0.5535126
57.717;0.3871419;0.5531555
57.718;0.3870507;0.5535131
57.737;0.3869948;0.553418
57.738;0.3870041;0.5537208
57.758;0.3870097;0.5538995
57.76;0.3869476;0.5543989
57.76;0.386917;0.55448
57.761;0.3867801;0.5550367
57.762;0.3867189;0.5550835
57.763;0.3866922;0.555294
57.783;0.3867335;0.5554205
57.784;0.3867331;0.5554315
57.784;0.3865778;0.5550339
57.785;0.3865163;0.5548319
57.804;0.3863885;0.554254
57.805;0.3864886;0.5536454
57.825;0.3863698;0.552905
57.827;0.3862817;0.5522013
57.828;0.38607;0.5511412
57.828;0.3859965;0.5503109
57.829;0.3858266;0.5491415
57.848;0.3857895;0.5479691
57.849;0.3857228;0.5470369
57.85;0.3859407;0.5458621
57.87;0.3858983;0.545105
57.871;0.3864794;0.543661
57.872;0.3866898;0.5431046
57.873;0.3873409;0.5417253
57.874;0.3876238;0.5414619
57.875;0.3883315;0.5405915
57.892;0.3886569;0.5402887
57.893;0.3891158;0.5396886
57.914;0.3893946;0.5391893
57.915;0.3895568;0.5388334
57.916;0.3896405;0.5382951
57.917;0.3895476;0.5381505
57.936;0.3895527;0.5376696
57.937;0.3893543;0.5373836
57.938;0.3890913;0.536695
57.959;0.3885431;0.5360157
57.96;0.3883704;0.5357877
57.961;0.3880012;0.5353814
57.962;0.3879405;0.5350558
57.982;0.3875923;0.5346277
57.983;0.3876722;0.5342619
57.984;0.3874158;0.5338998
57.984;0.3875241;0.5334865
57.985;0.3873928;0.532793
57.986;0.3875886;0.5321888
58.004;0.3874809;0.5316477
58.005;0.3873384;0.530786
58.026;0.3874365;0.5301569
58.027;0.3874556;0.5293742
58.028;0.3872293;0.5287834
58.029;0.3870562;0.5282696
58.05;0.3868788;0.5279661
58.051;0.3866652;0.5275499
58.051;0.3864948;0.5270277
58.052;0.3862855;0.5267677
58.071;0.3860965;0.5260295
58.072;0.3859707;0.5254942
58.073;0.3858168;0.5250151
58.074;0.3858383;0.5242108
58.094;0.3856294;0.5234526
58.095;0.3856352;0.5227649
58.096;0.3855492;0.5220621
58.097;0.3856246;0.5216398
58.098;0.3855402;0.5210096
58.099;0.3856044;0.5204955
58.117;0.3854405;0.5201773
58.118;0.3853279;0.5197667
58.138;0.3852103;0.5195208
58.139;0.3850911;0.519236
58.14;0.3848183;0.5190054
58.141;0.3847643;0.5185776
58.161;0.3846104;0.5187101
58.162;0.3844503;0.5186117
58.163;0.3844287;0.5185861
58.164;0.384581;0.5184958
58.183;0.3845461;0.5184284
58.184;0.3847636;0.5183977
58.185;0.3850374;0.5185114
58.186;0.3852595;0.5184413
58.205;0.385528;0.5182347
58.206;0.3859271;0.5177129
58.207;0.3860587;0.5174151
58.208;0.3864215;0.5167428
58.208;0.3865668;0.5168153
58.209;0.3869289;0.5157502
58.228;0.38677;0.5153247
58.229;0.3868728;0.5147514
58.25;0.3866853;0.514503
58.251;0.3866918;0.5139909
58.252;0.3866538;0.5135572
58.252;0.3866217;0.513065
58.272;0.3864901;0.5123113
58.273;0.3863879;0.5120097
58.274;0.3862647;0.5116187
58.275;0.3863021;0.5110124
58.295;0.3860586;0.5103549
58.296;0.3860361;0.5097947
58.297;0.3857402;0.5092788
58.298;0.3856584;0.5085739
58.32;0.3853537;0.507885
58.32;0.3850209;0.5068946
58.321;0.3849329;0.5061815
58.321;0.3848343;0.5053791
58.322;0.3848277;0.504353
58.323;0.3848869;0.5034311
58.341;0.3847724;0.5025294
58.342;0.3848819;0.501852
58.364;0.384811;0.5014138
58.365;0.3849069;0.500912
58.366;0.3849649;0.5006849
58.367;0.3848017;0.5004616
58.386;0.3847858;0.5004169
58.387;0.3846833;0.5002238
58.388;0.3844915;0.5001293
58.388;0.384384;0.4999585
58.389;0.3840908;0.4995281
58.39;0.383942;0.4992608
58.408;0.38363;0.4991361
58.408;0.3834176;0.4987596
58.429;0.3831088;0.4984831
58.43;0.3828094;0.498113
58.431;0.3824344;0.4976617
58.432;0.3820781;0.4973269
58.432;0.3816741;0.4968712
58.451;0.3812959;0.4965677
58.452;0.3808422;0.49601
58.453;0.3805706;0.4956083
58.473;0.3800859;0.4949824
58.473;0.3801117;0.494421
58.474;0.3797586;0.4940717
58.475;0.3797933;0.4933129
58.495;0.3795686;0.4928795
58.496;0.3796122;0.4921668
58.497;0.3794259;0.4916295
58.498;0.3795796;0.4908894
58.519;0.379454;0.4905378
58.52;0.3794293;0.4902751
58.521;0.3792424;0.489958
58.522;0.3792645;0.4898116
58.541;0.379129;0.4895514
58.542;0.3792189;0.4893039
58.543;0.379188;0.4889706
58.544;0.3792722;0.4886587
58.544;0.3793339;0.4882372
58.545;0.3793907;0.4877439
58.564;0.3794203;0.4871081
58.565;0.3793703;0.4864664
58.585;0.3793038;0.4859566
58.585;0.3792154;0.485384
58.586;0.3788954;0.4849146
58.587;0.3785336;0.4843747
58.606;0.3780623;0.4837856
58.607;0.3777252;0.4831767
58.608;0.3773349;0.4824457
58.609;0.3769461;0.4820425
58.628;0.3764656;0.4810577
58.629;0.3761847;0.4806336
58.63;0.3759144;0.4796821
58.631;0.3757384;0.4797193
58.65;0.3756308;0.4790496
58.651;0.3756107;0.4790285
58.652;0.3755027;0.4789453
58.653;0.3757423;0.4788462
58.673;0.3757204;0.4791793
58.674;0.3758444;0.4790494
58.675;0.3757693;0.4793707
58.675;0.3758188;0.4791053
58.694;0.3756041;0.4797792
58.696;0.3754865;0.4797437
58.697;0.375139;0.479903
58.698;0.374749;0.47993
58.718;0.3744051;0.4800656
58.719;0.3738825;0.4802995
58.72;0.3734803;0.480265
58.721;0.3730564;0.480556
58.74;0.3725875;0.4798925
58.741;0.3722587;0.4796767
58.742;0.3718493;0.4790329
58.743;0.3716698;0.478608
58.762;0.3712019;0.4775541
58.763;0.3712049;0.4767031
58.765;0.370811;0.4755266
58.766;0.3709022;0.4742883
58.785;0.3706998;0.4732237
58.786;0.3705773;0.4725845
58.786;0.3704635;0.4717758
58.787;0.370201;0.4712291
58.806;0.3700328;0.4705954
58.807;0.3695029;0.4705943
58.808;0.3691866;0.4703413
58.809;0.368604;0.4705558
58.829;0.3681335;0.4703386
58.83;0.3676032;0.4705124
58.831;0.3670653;0.4704162
58.85;0.3666746;0.4701831
58.851;0.3664488;0.470023
58.852;0.3661062;0.470181
58.853;0.3660006;0.4700991
58.872;0.3658609;0.4700267
58.873;0.3657781;0.4698063
58.874;0.3657277;0.4694421
58.875;0.3656292;0.4693877
58.893;0.3655487;0.4693066
58.894;0.3653513;0.4694674
58.894;0.3651893;0.4693232
58.895;0.3647969;0.4694319
58.914;0.364552;0.4693346
58.915;0.3640972;0.4695024
58.915;0.3637488;0.4694925
58.916;0.3632797;0.4694231
58.935;0.3626572;0.4691257
58.936;0.3622456;0.4688257
58.936;0.3616284;0.468302
58.937;0.3614333;0.4679737
58.957;0.3608626;0.4672526
58.957;0.3607044;0.466853
58.979;0.3603212;0.466108
58.98;0.3603589;0.4653211
58.981;0.3602552;0.4646522
58.982;0.3602884;0.4637758
59.009;0.3602722;0.4631884
59.01;0.360348;0.4622553
59.011;0.36042;0.4617308
59.012;0.3604829;0.4607717
59.012;0.3604451;0.4603841
59.014;0.3604312;0.4595038
59.023;0.3602422;0.459204
59.024;0.3601588;0.4586986
59.045;0.3598302;0.4582987
59.046;0.3595917;0.4579593
59.047;0.3590788;0.457565
59.047;0.3587015;0.4576204
59.048;0.3581492;0.4571656
59.067;0.3576907;0.4573833
59.067;0.3571602;0.4569989
59.068;0.356784;0.4569558
59.089;0.3563502;0.4565831
59.09;0.3560209;0.456334
59.09;0.3556836;0.4560491
59.091;0.3556191;0.4553128
59.11;0.3552416;0.4548645
59.111;0.3551992;0.454158
59.112;0.3549606;0.4537657
59.113;0.3548301;0.453154
59.133;0.3544681;0.4528822
59.133;0.3542958;0.4524874
59.134;0.3540544;0.4522449
59.135;0.353664;0.4521754
59.155;0.353329;0.4519066
59.155;0.3529412;0.4518111
59.156;0.352476;0.4513066
59.157;0.3520668;0.451294
59.177;0.3515452;0.4507837
59.178;0.351121;0.450601
59.178;0.350559;0.450027
59.179;0.3502741;0.4495416
59.198;0.3498669;0.449035
59.199;0.3496478;0.4481834
59.2;0.3494228;0.4477246
59.201;0.3494067;0.4468192
59.221;0.3493134;0.4462425
59.221;0.3494425;0.4453411
59.222;0.3493236;0.4447408
59.223;0.3495293;0.4438883
59.242;0.3493697;0.4434644
59.243;0.3494151;0.4431425
59.244;0.34902;0.4426085
59.245;0.3488366;0.4423678
59.264;0.3484606;0.4421898
59.265;0.3479745;0.4420616
59.266;0.3475201;0.4419585
59.266;0.3468162;0.4420807
59.285;0.3463403;0.4418913
59.286;0.3457773;0.4419782
59.287;0.3454608;0.4419706
59.287;0.3450175;0.4420562
59.306;0.3446337;0.4420012
59.307;0.344489;0.4420144
59.307;0.3442318;0.4420922
59.308;0.3442877;0.4420107
59.327;0.3440659;0.4422103
59.328;0.3443263;0.4419284
59.329;0.3442827;0.4422893
59.329;0.3444279;0.4419132
59.348;0.3443707;0.4425637
59.349;0.3443658;0.442557
59.369;0.3443223;0.4429902
59.37;0.3440731;0.4429255
59.371;0.3440227;0.4434059
59.371;0.3434911;0.443669
59.39;0.3432458;0.4437909
59.391;0.3426228;0.4439675
59.392;0.3423467;0.4436952
59.392;0.3417301;0.4435162
59.412;0.3414291;0.4432107
59.413;0.3410019;0.4430696
59.414;0.3406869;0.4423729
59.414;0.3402616;0.4419264
59.434;0.3400057;0.4414062
59.435;0.3395627;0.4408259
59.437;0.3393993;0.4400589
59.437;0.3391206;0.4392325
59.457;0.3390092;0.4387787
59.457;0.3387596;0.4381333
59.458;0.3388503;0.4380348
59.459;0.3387185;0.4377351
59.479;0.3388488;0.4380769
59.48;0.338946;0.4379375
59.481;0.3391929;0.4385682
59.482;0.3392438;0.4389368
59.503;0.3394853;0.439656
59.504;0.3394215;0.4402973
59.505;0.3394799;0.4408564
59.528;0.3394911;0.4410952
59.529;0.3381625;0.4414385
59.53;0.3339421;0.4419785
59.551;0.3253196;0.4454755
59.551;0.3167069;0.4489421
59.552;0.3092455;0.4481554
59.553;0.3017851;0.447899
59.553;0.2945759;0.4472044
59.554;0.2859615;0.4505262
59.554;0.2830115;0.4497324
59.572;0.2757066;0.4530318
59.572;0.275596;0.4541295
59.593;0.2753499;0.45443
59.593;0.275054;0.4551674
59.594;0.2748199;0.4557552
59.595;0.2742125;0.4566428
59.614;0.2739211;0.4574402
59.615;0.2731822;0.4583703
59.616;0.2729767;0.4591239
59.617;0.2725431;0.4595011
59.636;0.2725768;0.459827
59.637;0.2721953;0.4602755
59.638;0.272347;0.460557
59.638;0.2716839;0.4610178
59.667;0.2716515;0.4611656
59.668;0.2699634;0.4628534
59.669;0.2691189;0.4639788
59.67;0.2673823;0.4670442
59.682;0.2671407;0.4687207
59.705;0.2684867;0.4793981
59.706;0.2848226;0.4895513
59.726;0.3010764;0.5002081
59.727;0.3182628;0.5103518
59.748;0.3347324;0.5202678
59.749;0.3430896;0.5391901
59.771;0.3428569;0.5408373
59.772;0.352304;0.5585719
59.773;0.352484;0.56012
59.774;0.3620588;0.5770412
59.774;0.3620845;0.5783154
59.775;0.3689535;0.5871481
59.793;0.3691937;0.5884625
59.795;0.3697897;0.5888481
59.796;0.3701827;0.5902024
59.797;0.3708794;0.5907952
59.82;0.3714461;0.5920243
59.821;0.3723351;0.5920518
59.841;0.3729584;0.5933333
59.842;0.373589;0.5946578
59.843;0.3743166;0.5945318
59.843;0.3748411;0.5944561
59.844;0.375396;0.5954097
59.845;0.3758841;0.5945956
59.863;0.3760931;0.5951905
59.864;0.3765088;0.5944258
59.886;0.3766798;0.5943457
59.886;0.3770371;0.593596
59.887;0.3768421;0.593096
59.887;0.3771153;0.5924573
59.888;0.3769517;0.5919927
59.889;0.3770157;0.5919557
59.907;0.376901;0.5914398
59.908;0.3769768;0.5913217
59.929;0.3769024;0.5915447
59.93;0.3769053;0.5916281
59.931;0.3770065;0.5918487
59.931;0.3770257;0.5919363
59.951;0.3771031;0.5918673
59.952;0.3773507;0.5913046
59.953;0.3773964;0.5914583
59.953;0.3775549;0.5910018
59.974;0.3773401;0.5904838
59.974;0.3775886;0.5900581
59.975;0.3774031;0.5894888
59.976;0.3774881;0.589147
59.998;0.3773822;0.5887
59.999;0.3773395;0.5886265
60;0.3771834;0.5882047
60.001;0.3771422;0.5880519
60.001;0.3771319;0.5882288
60.002;0.3771698;0.5878727
60.02;0.3771597;0.5880952
60.021;0.3773675;0.5874408
60.042;0.3772838;0.5877967
60.043;0.3774762;0.5870817
60.044;0.377471;0.5874407
60.044;0.3776159;0.5870008
60.063;0.3775491;0.5870597
60.064;0.3776786;0.5865333
60.065;0.3776726;0.5864289
60.066;0.377647;0.5862052
60.086;0.3777223;0.585654
60.086;0.3777886;0.5853786
60.087;0.377877;0.5846928
60.088;0.3780487;0.5840957
60.108;0.3780655;0.5828632
60.109;0.3782357;0.5821083
60.11;0.3780528;0.5806671
60.11;0.3782032;0.5796737
60.129;0.3779051;0.5781842
60.13;0.3780084;0.5770157
60.131;0.3774526;0.5751463
60.132;0.3775629;0.5735376
60.15;0.377156;0.5719409
60.15;0.3772556;0.5701856
60.151;0.3771119;0.5689704
60.152;0.3773563;0.5671393
60.171;0.3772468;0.5660863
60.171;0.3776495;0.564456
60.172;0.3778348;0.5637677
60.173;0.3782374;0.5624448
60.192;0.3784224;0.5620449
60.193;0.3787602;0.5611056
60.194;0.3787695;0.5606927
60.195;0.3789602;0.5603379
60.215;0.3790677;0.5599759
60.215;0.3789439;0.5598502
60.216;0.3788381;0.5597692
60.217;0.3778206;0.5594335
60.237;0.3768555;0.5601124
60.237;0.3756838;0.56128
60.238;0.3736566;0.5615928
60.239;0.3711265;0.5620721
60.259;0.3693835;0.5632154
60.26;0.3666217;0.5634878
60.26;0.3648936;0.5646621
60.261;0.3638009;0.5653894
60.281;0.361847;0.5655186
60.282;0.360707;0.5657887
60.283;0.3596265;0.5650694
60.283;0.3589838;0.5646263
60.302;0.3583418;0.5635198
60.303;0.3579006;0.5623567
60.304;0.3575647;0.5608636
60.305;0.3571266;0.5593647
60.323;0.3568718;0.5580454
60.324;0.3567268;0.556357
60.345;0.3566057;0.5550199
60.346;0.3566232;0.5531958
60.347;0.3563858;0.5518088
60.347;0.3562633;0.5505441
60.348;0.3560803;0.5496923
60.349;0.3559472;0.5488635
60.368;0.3556253;0.5482498
60.369;0.3554372;0.5477176
60.389;0.3550605;0.5474449
60.39;0.354864;0.5476578
60.39;0.3545378;0.5478475
60.391;0.3545046;0.5482553
60.41;0.3542324;0.5484172
60.411;0.3542705;0.5486133
60.411;0.3541065;0.5489004
60.412;0.3540498;0.5490364
60.431;0.3538297;0.5490924
60.432;0.3537757;0.5489961
60.432;0.3535836;0.5488133
60.433;0.3532425;0.5486129
60.452;0.3527541;0.5481994
60.453;0.3524384;0.5480298
60.454;0.3518372;0.5472578
60.454;0.3515105;0.5471588
60.473;0.3508976;0.5461572
60.474;0.3505005;0.5460469
60.475;0.3497851;0.5448635
60.475;0.3496469;0.5445586
60.495;0.3491047;0.5435867
60.496;0.3490598;0.542844
60.497;0.3488304;0.5421387
60.497;0.3490545;0.5410862
60.517;0.3487527;0.5406318
60.517;0.3491357;0.5393282
60.518;0.3490775;0.5391574
60.519;0.3493925;0.5378749
60.538;0.3495258;0.5375967
60.539;0.3497415;0.5365497
60.54;0.3496519;0.536033
60.541;0.3496878;0.5351112
60.561;0.3496181;0.5346183
60.562;0.349515;0.5339259
60.563;0.3491974;0.5332581
60.564;0.349012;0.532837
60.583;0.3484902;0.5322404
60.584;0.3482111;0.5320401
60.584;0.3476802;0.531395
60.585;0.3474544;0.531143
60.604;0.3470527;0.530678
60.605;0.3469115;0.5301302
60.626;0.3467103;0.5295833
60.627;0.3467333;0.528818
60.628;0.3466418;0.5283101
60.628;0.3464224;0.5279261
60.629;0.3465433;0.5269477
60.63;0.3466128;0.5260698
60.648;0.3463753;0.5253171
60.649;0.3463132;0.5247924
60.669;0.3459441;0.5242677
60.67;0.3458156;0.5235354
60.67;0.3454296;0.5231875
60.671;0.345143;0.523147
60.672;0.3448606;0.5226418
60.69;0.344619;0.5228654
60.691;0.3442952;0.5224813
60.692;0.3440205;0.522164
60.711;0.3437519;0.522606
60.712;0.3434844;0.52263
60.713;0.3431658;0.5227759
60.714;0.3431913;0.5224189
60.733;0.343021;0.5222156
60.734;0.3430434;0.5216479
60.734;0.3427458;0.5212313
60.735;0.3428999;0.5205892
60.754;0.3426809;0.5197488
60.755;0.3427607;0.5189297
60.755;0.342523;0.5181797
60.756;0.3425824;0.5175382
60.775;0.3422332;0.516623
60.776;0.3422381;0.5162057
60.777;0.3421409;0.5155054
60.777;0.3420534;0.5150957
60.797;0.3419152;0.5145534
60.797;0.3419192;0.5140206
60.798;0.3417029;0.5135041
60.799;0.3417429;0.5128361
60.826;0.341545;0.5122307
60.826;0.3417464;0.5113958
60.827;0.341464;0.5107527
60.828;0.3417324;0.5098256
60.839;0.3414773;0.5092674
60.84;0.3417978;0.5082461
60.841;0.3417337;0.5077524
60.842;0.341812;0.5076877
60.861;0.3420425;0.5067058
60.862;0.3422153;0.5056713
60.863;0.342182;0.5053132
60.864;0.3421412;0.5049028
60.885;0.342172;0.5038429
60.886;0.3423655;0.5028425
60.906;0.3423105;0.5023962
60.907;0.3424714;0.5016547
60.908;0.3423465;0.5010419
60.909;0.3425583;0.5004276
60.909;0.3425828;0.5002199
60.91;0.342879;0.4997669
60.928;0.3429957;0.4999286
60.929;0.3429934;0.4997878
60.949;0.3430172;0.4999412
60.95;0.343027;0.4996525
60.95;0.3428564;0.499745
60.951;0.3427005;0.4998311
60.952;0.3423576;0.4997609
60.971;0.3421825;0.4999723
60.971;0.3417175;0.4994349
60.972;0.3416547;0.4993073
60.992;0.3412552;0.4985886
60.992;0.3409956;0.4985565
60.993;0.3405269;0.4978224
60.993;0.3399404;0.4976634
61.013;0.3391432;0.4970992
61.014;0.3385237;0.4971439
61.015;0.3380607;0.4967194
61.015;0.3376026;0.4965473
61.035;0.3369352;0.4968562
61.036;0.3366129;0.4968035
61.037;0.3361762;0.4971923
61.037;0.3362551;0.4968646
61.056;0.3361685;0.4973754
61.057;0.336129;0.4971063
61.058;0.3358051;0.4972337
61.059;0.3356099;0.4969791
61.077;0.3354597;0.4970047
61.078;0.335125;0.4965799
61.079;0.334897;0.4964806
61.08;0.3345797;0.4960827
61.098;0.3343683;0.4956537
61.099;0.3340231;0.4952723
61.1;0.3337178;0.4945401
61.101;0.3334243;0.4942914
61.12;0.3328939;0.4935447
61.121;0.3326787;0.4933452
61.122;0.3321798;0.4928712
61.122;0.3319695;0.4925846
61.141;0.3314895;0.4920098
61.142;0.3313739;0.4916309
61.143;0.3309071;0.4912626
61.143;0.3306645;0.4909803
61.163;0.3302062;0.4908232
61.164;0.3299144;0.4908113
61.187;0.3293853;0.4905526
61.188;0.3289933;0.4905909
61.188;0.3284341;0.4902383
61.189;0.3279029;0.4903013
61.19;0.3274046;0.4898419
61.19;0.3271245;0.489445
61.208;0.3265768;0.4885295
61.209;0.3264916;0.4877738
61.21;0.3260705;0.4870158
61.231;0.3262056;0.4860752
61.232;0.3259826;0.4857022
61.233;0.3261915;0.4849191
61.234;0.3260511;0.4846367
61.234;0.3261904;0.4841508
61.254;0.3261929;0.4840753
61.254;0.3260766;0.4839147
61.255;0.325883;0.4834815
61.256;0.3254406;0.4827118
61.276;0.3250613;0.4828821
61.276;0.3245029;0.4828432
61.298;0.323842;0.482098
61.299;0.3233274;0.4818365
61.3;0.3224567;0.4811212
61.301;0.3221018;0.4805733
61.301;0.3214984;0.4801096
61.301;0.3214318;0.4793222
61.321;0.3210708;0.4793698
61.322;0.3212202;0.4788486
61.323;0.3211836;0.4792596
61.343;0.3214351;0.478814
61.344;0.3217794;0.4794369
61.344;0.3219828;0.4793218
61.345;0.3222239;0.4802925
61.346;0.3222393;0.480462
61.364;0.322278;0.4811131
61.367;0.3220654;0.4813325
61.368;0.3218135;0.4815714
61.39;0.321409;0.4818649
61.391;0.3208523;0.4819219
61.402;0.3205557;0.4822035
61.412;0.3198333;0.4816476
61.413;0.3192109;0.4811764
61.413;0.3189501;0.4812859
61.414;0.3190213;0.4807828
61.415;0.3186291;0.4802442
61.415;0.3186743;0.4798637
61.433;0.3183824;0.479455
61.434;0.3183827;0.4786685
61.454;0.3182974;0.4782851
61.455;0.3183523;0.4775849
61.456;0.3183252;0.4772282
61.456;0.3183984;0.477048
61.457;0.3183892;0.4770195
61.458;0.3185844;0.4762303
61.476;0.3186521;0.4760309
61.477;0.3188367;0.4753137
61.498;0.3187672;0.4752169
61.499;0.3186915;0.4745622
61.5;0.318441;0.4740947
61.501;0.3180882;0.473437
61.522;0.3176456;0.4727324
61.523;0.317097;0.4725584
61.524;0.3164245;0.4719099
61.525;0.3157766;0.4718002
61.525;0.3151506;0.4711893
61.526;0.3146311;0.4711982
61.545;0.3139662;0.4707247
61.546;0.3136092;0.4705751
61.546;0.3131289;0.4704808
61.547;0.3129903;0.470627
61.566;0.3128471;0.4707392
61.567;0.3128628;0.471064
61.568;0.3129079;0.4714884
61.568;0.3130955;0.4718714
61.587;0.3133704;0.4729759
61.588;0.3134952;0.4734287
61.609;0.3137186;0.474495
61.61;0.3136789;0.4747999
61.611;0.3136559;0.4757501
61.612;0.3134909;0.4761962
61.632;0.3131406;0.4770533
61.633;0.3127457;0.4773102
61.634;0.3122458;0.4776933
61.635;0.3118409;0.4780017
61.655;0.3113542;0.4781351
61.656;0.3109942;0.4782925
61.657;0.3105256;0.4782396
61.658;0.3101958;0.4779888
61.677;0.3098413;0.4776698
61.678;0.3095675;0.4772356
61.679;0.3092577;0.4767672
61.68;0.3090206;0.4762575
61.681;0.3086136;0.4755968
61.7;0.3083748;0.4751769
61.701;0.3079996;0.4747956
61.702;0.3076756;0.474515
61.722;0.3072861;0.4742225
61.723;0.307049;0.474046
61.725;0.3066621;0.4741134
61.726;0.306471;0.4739165
61.746;0.3061755;0.4740851
61.747;0.3060008;0.4738994
61.748;0.3057697;0.4738927
61.748;0.3056753;0.4735661
61.749;0.3054505;0.473803
61.768;0.3054824;0.4732231
61.769;0.3052965;0.4732859
61.77;0.3052817;0.4729177
61.791;0.305031;0.4730485
61.792;0.305023;0.472862
61.792;0.3048428;0.4731873
61.793;0.3047581;0.4732176
61.793;0.3046638;0.4734223
61.794;0.3044779;0.4741264
61.812;0.3042481;0.4741979
61.814;0.303957;0.4748254
61.835;0.3037821;0.474907
61.836;0.3034181;0.4751309
61.836;0.3029995;0.4748129
61.837;0.3026562;0.4747496
61.856;0.3020988;0.474241
61.857;0.3017089;0.4735272
61.858;0.3011995;0.4730471
61.859;0.3008512;0.4721927
61.878;0.3003197;0.471741
61.879;0.3000427;0.4709105
61.88;0.2996574;0.4705393
61.881;0.2995192;0.4698676
61.902;0.2991356;0.4696486
61.902;0.2989246;0.4691529
61.903;0.2985908;0.4688412
61.904;0.298365;0.4685484
61.904;0.2980804;0.468394
61.905;0.2978397;0.4681174
61.924;0.2974604;0.4680754
61.925;0.2971476;0.4677538
61.948;0.2968122;0.4678106
61.95;0.2965631;0.4674146
61.95;0.2962793;0.4675542
61.952;0.2959419;0.4670307
61.953;0.2955827;0.4667653
61.98;0.2953601;0.4663486
61.981;0.2950257;0.4660948
61.982;0.2947534;0.4660627
61.983;0.2945708;0.4660183
61.984;0.2942988;0.4661603
61.997;0.2940212;0.4662127
61.998;0.2939094;0.4662236
61.998;0.2937053;0.4666223
61.999;0.2934687;0.4665566
62.019;0.2933322;0.4670449
62.02;0.2931619;0.4667471
62.021;0.292999;0.46704
62.021;0.2928817;0.4667454
62.04;0.2927678;0.4669415
62.041;0.2925673;0.4669451
62.042;0.2923806;0.4668989
62.042;0.2921027;0.4668581
62.062;0.2918359;0.4666831
62.063;0.2915571;0.4663784
62.083;0.2910306;0.4659187
62.084;0.2906985;0.4653079
62.085;0.2901413;0.4647653
62.085;0.2897502;0.4636804
62.086;0.2892009;0.4629643
62.086;0.2890128;0.4619146
62.105;0.288552;0.4614423
62.106;0.2883765;0.4605542
62.107;0.288142;0.4599331
62.127;0.2879838;0.4592485
62.128;0.2878728;0.4587365
62.128;0.2878515;0.4584053
62.129;0.28779;0.4581511
62.13;0.2877055;0.4578722
62.148;0.2875676;0.4574599
62.15;0.2875117;0.4572507
62.171;0.2872774;0.4570826
62.172;0.2871043;0.4568688
62.173;0.2868421;0.4568484
62.174;0.2866159;0.4566267
62.193;0.2863347;0.4567682
62.194;0.2860087;0.4566215
62.194;0.2857216;0.4566965
62.195;0.2854262;0.4565321
62.196;0.2852735;0.4567988
62.215;0.2850659;0.4565545
62.215;0.2849338;0.4566596
62.216;0.284749;0.4564589
62.298;0.2844839;0.4566208
62.299;0.2843436;0.4563254
62.3;0.2840779;0.4566278
62.301;0.2839182;0.4562132
62.301;0.2836145;0.4566153
62.302;0.2833494;0.4564179
62.302;0.2829878;0.4569765
62.303;0.2827548;0.4567279
62.305;0.2824362;0.4569516
62.306;0.2821584;0.4567662
62.306;0.2818574;0.4569566
62.307;0.2816535;0.4567959
62.307;0.2813503;0.4567408
62.308;0.2813134;0.4564281
62.309;0.281024;0.4563115
62.309;0.2808684;0.4562147
62.322;0.2807238;0.456309
62.322;0.2805073;0.4564282
62.323;0.280223;0.4561989
62.342;0.2799128;0.4562493
62.343;0.2794354;0.4560772
62.344;0.2790271;0.4562246
62.344;0.278377;0.4561217
62.364;0.2778508;0.456262
62.365;0.2771931;0.4560521
62.366;0.2766567;0.4559032
62.366;0.2761679;0.4558568
62.385;0.2756341;0.455905
62.386;0.2752472;0.4556962
62.387;0.2748103;0.4556209
62.407;0.2746499;0.4552724
62.408;0.2743106;0.455134
62.408;0.2743073;0.4546852
62.409;0.274121;0.4548256
62.409;0.2740921;0.4545397
62.428;0.2739436;0.4546461
62.428;0.2739318;0.45457
62.45;0.2737069;0.4546613
62.451;0.2735685;0.4548961
62.452;0.2733157;0.4551889
62.453;0.2730587;0.4554729
62.473;0.2727569;0.4557405
62.474;0.2724615;0.4559205
62.475;0.2721914;0.4560514
62.475;0.2717499;0.456212
62.495;0.2714004;0.4563743
62.496;0.2708024;0.4564829
62.496;0.2703561;0.4565377
62.497;0.2697902;0.4565954
62.517;0.2693588;0.4567314
62.518;0.2688546;0.4565583
62.519;0.2682884;0.45674
62.519;0.2678382;0.4563133
62.547;0.2674039;0.4563535
62.548;0.2671434;0.4558943
62.549;0.2667838;0.4560829
62.55;0.2665487;0.4553672
62.56;0.2661077;0.4552516
62.561;0.2658369;0.4548312
62.562;0.2654767;0.4546757
62.562;0.2651968;0.4545848
62.582;0.2648407;0.4545513
62.583;0.2645155;0.4545356
62.584;0.2640842;0.4544151
62.584;0.2636806;0.4546984
62.605;0.263386;0.4548167
62.606;0.2629477;0.4549986
62.607;0.2625738;0.4551312
62.607;0.262109;0.4552173
62.627;0.2617089;0.4552218
62.628;0.2613062;0.4552879
62.628;0.2610554;0.4553455
62.629;0.2608078;0.455196
62.649;0.2605157;0.455466
62.65;0.2603972;0.4554592
62.651;0.2603331;0.4558527
62.652;0.2602085;0.4559807
62.671;0.2601123;0.456669
62.672;0.2598216;0.4569798
62.673;0.2596866;0.4575336
62.674;0.2592312;0.4582627
62.693;0.2589274;0.4587733
62.694;0.2584973;0.4592735
62.695;0.2581053;0.4597929
62.696;0.2576762;0.4601585
62.715;0.2572993;0.4605542
62.715;0.2569937;0.4606387
62.717;0.2565739;0.4607874
62.718;0.2563224;0.4605467
62.736;0.2559799;0.460479
62.737;0.2557246;0.460252
62.737;0.2553277;0.4597738
62.738;0.2551554;0.4595054
62.757;0.2548366;0.4589957
62.758;0.2547814;0.4583012
62.758;0.2544631;0.4577604
62.759;0.2545553;0.4568219
62.779;0.2544205;0.4561111
62.779;0.2545773;0.4549907
62.779;0.254422;0.4547278
62.78;0.2546144;0.4535422
62.799;0.2544942;0.4533927
62.8;0.2545783;0.4527523
62.801;0.2545621;0.4529648
62.801;0.2544478;0.4527583
62.821;0.2543437;0.453247
62.821;0.2541469;0.4536054
62.822;0.2540792;0.4541999
62.842;0.253833;0.4548454
62.843;0.2536794;0.4554482
62.843;0.253438;0.4558017
62.863;0.2531661;0.4564153
62.865;0.2529774;0.4569997
62.865;0.2526925;0.4577236
62.866;0.2524543;0.4580239
62.885;0.2521526;0.4584271
62.886;0.2519068;0.4587272
62.887;0.2516112;0.459135
62.888;0.2513441;0.459391
62.909;0.2510937;0.4598268
62.91;0.2508173;0.4597517
62.911;0.250604;0.4599069
62.911;0.2502268;0.4596565
62.912;0.2499158;0.4599302
62.931;0.2495879;0.4596905
62.932;0.2492079;0.4598768
62.933;0.2488834;0.4599595
62.953;0.2484698;0.4602752
62.954;0.2482107;0.4601741
62.955;0.2477363;0.4605464
62.956;0.2474523;0.4605876
62.975;0.2471076;0.4608809
62.976;0.2468112;0.4606664
62.977;0.2465897;0.4610868
62.978;0.2462686;0.4607812
62.998;0.2461166;0.4609923
62.999;0.2456914;0.4610329
63;0.2455664;0.4611727
63.001;0.245268;0.4611627
63.021;0.2449615;0.461571
63.022;0.2446338;0.4617559
63.023;0.2442655;0.4619282
63.023;0.2439228;0.4622189
63.042;0.2434902;0.4624994
63.043;0.2431117;0.4628172
63.044;0.242676;0.4631613
63.045;0.2422603;0.4634597
63.065;0.2419749;0.463677
63.066;0.2415992;0.4639384
63.067;0.2412504;0.4643062
63.068;0.2408769;0.4643105
63.087;0.2405676;0.4644796
63.087;0.2403077;0.4644256
63.088;0.2399956;0.4645891
63.089;0.2397742;0.4645935
63.116;0.2395441;0.4646855
63.117;0.239346;0.4645448
63.118;0.2392145;0.46449
63.129;0.2390019;0.4648729
63.13;0.2388299;0.4648814
63.151;0.238711;0.4652104
63.173;0.2385622;0.4652544
63.173;0.2384744;0.46575
63.174;0.2381792;0.4659556
63.175;0.2380117;0.4666455
63.175;0.2377152;0.4667566
63.176;0.2375264;0.4673064
63.177;0.2373275;0.4675168
63.195;0.2371332;0.4680684
63.195;0.2369347;0.4681348
63.196;0.2367439;0.4684705
63.197;0.2367139;0.468639
63.216;0.2366346;0.4689381
63.217;0.2367103;0.4688698
63.217;0.2366738;0.4691521
63.218;0.2367117;0.4690222
63.237;0.23675;0.4693669
63.238;0.2367463;0.4693658
63.238;0.2366626;0.4698038
63.258;0.2365977;0.4696186
63.259;0.2364427;0.4700453
63.26;0.236174;0.4699689
63.26;0.2358745;0.4701607
63.279;0.2355751;0.4700527
63.28;0.2352588;0.4701514
63.281;0.235004;0.4700844
63.301;0.2347648;0.4702366
63.302;0.2345865;0.4701997
63.303;0.2344014;0.4703199
63.303;0.2343516;0.470547
63.304;0.2342873;0.4709408
63.323;0.2342465;0.4713897
63.324;0.2342135;0.4718552
63.324;0.2342014;0.4722168
63.345;0.2341121;0.4729738
63.345;0.2340391;0.47336
63.346;0.2339277;0.4741678
63.347;0.2338254;0.4743799
63.366;0.2337481;0.4751527
63.367;0.2336702;0.475223
63.368;0.2336262;0.4760268
63.368;0.233495;0.4761733
63.388;0.233471;0.4765391
63.389;0.2332737;0.4766866
63.39;0.2332093;0.476965
63.391;0.2330179;0.4770105
63.41;0.2328723;0.4768987
63.411;0.2327428;0.4767461
63.412;0.2324824;0.4765386
63.412;0.2324024;0.4762881
63.431;0.2321619;0.4758957
63.432;0.232162;0.4756415
63.433;0.2319547;0.4751462
63.434;0.2319362;0.4751105
63.454;0.2317843;0.475054
63.454;0.2317701;0.4751931
63.456;0.231705;0.4750404
63.456;0.2316038;0.4754806
63.475;0.2315619;0.4760448
63.476;0.231412;0.4766326
63.477;0.2312821;0.4773529
63.478;0.2319616;0.4778999
63.497;0.232399;0.4782742
63.539;0.2360786;0.4861961
63.54;0.2416214;0.4918837
63.561;0.2482849;0.4976333
63.562;0.2635161;0.5101565
63.582;0.2708161;0.529148
63.583;0.2764658;0.5588338
63.584;0.2903853;0.5757021
63.584;0.2950293;0.6059707
63.585;0.2963598;0.6295204
63.585;0.3055237;0.6407521
63.586;0.3033802;0.6531753
63.604;0.311516;0.664312
63.605;0.3113882;0.6688969
63.625;0.3108061;0.670988
63.626;0.3104587;0.6726019
63.627;0.3112254;0.6733826
63.627;0.3114131;0.6743553
63.646;0.3117748;0.6758676
63.647;0.3120879;0.6765506
63.648;0.3125524;0.6777936
63.649;0.3131001;0.6780897
63.67;0.3134756;0.6792665
63.671;0.3142645;0.6790873
63.672;0.3146814;0.680119
63.672;0.3153849;0.6802092
63.692;0.3159297;0.6809808
63.693;0.3163576;0.6813291
63.694;0.3169385;0.6820357
63.695;0.3168795;0.6825104
63.717;0.3171963;0.6829579
63.717;0.3142441;0.6842732
63.718;0.3085698;0.6828048
63.738;0.3008775;0.6858239
63.739;0.2948135;0.6836782
63.74;0.2861681;0.6869597
63.761;0.2777454;0.6905749
63.762;0.2718642;0.6883588
63.762;0.2666582;0.6911113
63.763;0.2610921;0.6889032
63.764;0.2606675;0.6902074
63.764;0.260507;0.6905109
63.783;0.2608014;0.6916912
63.784;0.2608519;0.6928062
63.805;0.2609624;0.6940458
63.806;0.2609057;0.6953582
63.806;0.2608009;0.6970153
63.807;0.2598462;0.6988513
63.826;0.2574597;0.7006435
63.827;0.2561989;0.7027668
63.829;0.2537544;0.7042324
63.83;0.2510991;0.7057298
63.851;0.2497412;0.7089707
63.852;0.2482834;0.7119602
63.853;0.2453799;0.7137244
63.854;0.2447844;0.7151099
63.873;0.2438189;0.7178965
63.874;0.2432602;0.7193699
63.874;0.2426955;0.7220467
63.875;0.2425134;0.7231038
63.895;0.2421204;0.724213
63.896;0.2418891;0.7244496
63.918;0.2446747;0.724679
63.919;0.2794957;0.7180675
63.94;0.3115276;0.7088189
63.962;0.3547673;0.6994854
63.963;0.3983971;0.6901746
63.983;0.4425455;0.6824651
63.984;0.4834346;0.6793582
63.985;0.4958025;0.6813747
63.986;0.4969023;0.6837273
64.007;0.5379559;0.6806501
64.008;0.5389881;0.6838756
64.029;0.5395988;0.6868209
64.03;0.5781357;0.6837546
64.03;0.5785803;0.6866551
64.031;0.5791585;0.6893454
64.031;0.5857107;0.6925307
64.051;0.5860483;0.6944174
64.051;0.5862955;0.695374
64.071;0.5867122;0.6951917
64.072;0.5867969;0.6953244
64.073;0.5868688;0.6948966
64.073;0.5876242;0.6935819
64.093;0.5874102;0.6934451
64.094;0.5883802;0.6938168
64.094;0.5966971;0.6881956
64.095;0.6072381;0.6893754
64.115;0.6240411;0.6800625
64.116;0.6413113;0.6711688
64.117;0.6578313;0.6636323
64.138;0.6702371;0.6663097
64.14;0.6796341;0.6633865
64.141;0.6927327;0.666149
64.142;0.7049094;0.6686633
64.163;0.7060014;0.6694098
64.164;0.706495;0.6701614
64.165;0.7089623;0.6721853
64.166;0.710391;0.6720827
64.187;0.71117;0.6724607
64.188;0.7197151;0.6670364
64.19;0.7284878;0.6613803
64.211;0.7379125;0.6628444
64.212;0.746461;0.6574785
64.213;0.7548141;0.65834
64.214;0.7635123;0.6589127
64.215;0.7712492;0.6543313
64.216;0.7713369;0.6550422
64.233;0.7798524;0.65628
64.234;0.7786337;0.6556756
64.262;0.7778684;0.6578587
64.263;0.7656081;0.6667079
64.264;0.7548984;0.6651341
64.264;0.7436332;0.6649106
64.266;0.730783;0.6743032
64.267;0.7183577;0.6834536
64.288;0.7081369;0.6838447
64.29;0.6982354;0.6851208
64.291;0.6865212;0.6929764
64.292;0.6868315;0.6937571
64.312;0.686882;0.6964291
64.313;0.6869473;0.6978239
64.314;0.6874828;0.6981476
64.315;0.6875453;0.6986476
64.316;0.6866204;0.6991817
64.317;0.6865782;0.6996179
64.334;0.6858246;0.6998773
64.335;0.6855882;0.700073
64.336;0.6850339;0.7001436
64.337;0.6851879;0.7005801
64.356;0.6860613;0.6998456
64.377;0.6912505;0.7006227
64.378;0.7026765;0.7021034
64.378;0.7183088;0.6933784
64.387;0.7300522;0.6953057
64.388;0.7446713;0.6870914
64.389;0.7592235;0.6797166
64.398;0.7697103;0.6808451
64.399;0.7834104;0.6746469
64.42;0.7893715;0.6756486
64.421;0.7891403;0.6758955
64.421;0.787946;0.6777667
64.422;0.7872103;0.6777
64.441;0.7868252;0.678941
64.442;0.7871038;0.6794097
64.442;0.7868006;0.6802782
64.443;0.7862338;0.6811085
64.462;0.7860745;0.6814532
64.463;0.7856815;0.6822743
64.463;0.7853577;0.6823952
64.464;0.7850598;0.6823978
64.483;0.7847176;0.683297
64.484;0.7839931;0.6829461
64.485;0.7833507;0.6835296
64.486;0.7821064;0.6826731
64.505;0.7813471;0.6830557
64.506;0.7801475;0.6823614
64.507;0.7795151;0.682709
64.507;0.7784034;0.6819307
64.526;0.7777439;0.6822432
64.527;0.7770123;0.6820319
64.528;0.7764521;0.6825508
64.529;0.7760216;0.6830767
64.572;0.775614;0.683627
64.573;0.7525548;0.6775326
64.573;0.7246302;0.6875759
64.574;0.6956842;0.697924
64.594;0.6691424;0.6917191
64.594;0.6431755;0.6853942
64.595;0.6146513;0.6962767
64.596;0.5850688;0.7075466
64.614;0.5593591;0.7018304
64.616;0.5566699;0.7036581
64.617;0.5544204;0.7056293
64.618;0.5555378;0.7081094
64.638;0.5538073;0.7099669
64.638;0.5540608;0.7124175
64.639;0.5518547;0.7136085
64.64;0.5519944;0.715103
64.659;0.5506306;0.7158211
64.659;0.5502622;0.7162052
64.66;0.5487376;0.7170666
64.661;0.5482987;0.7172797
64.682;0.547231;0.7182657
64.683;0.5468396;0.7185106
64.683;0.5456786;0.719498
64.684;0.5447479;0.7206104
64.703;0.5440831;0.7210044
64.704;0.5435358;0.7216983
64.705;0.5427592;0.7228067
64.705;0.54182;0.7230786
64.724;0.5412885;0.7239925
64.725;0.5403368;0.723878
64.745;0.5399977;0.7245582
64.746;0.5392913;0.7240825
64.747;0.5390392;0.7244248
64.747;0.5382674;0.723583
64.767;0.5381185;0.7237134
64.768;0.5376123;0.7226909
64.769;0.5374742;0.7221912
64.769;0.5370412;0.7212486
64.789;0.5371168;0.7202769
64.79;0.5364462;0.7190769
64.79;0.5364573;0.7179352
64.791;0.5358648;0.716527
64.81;0.5360587;0.7147219
64.811;0.5354632;0.7133878
64.812;0.5355791;0.7117806
64.812;0.5348716;0.7099715
64.831;0.534833;0.7088237
64.832;0.5342958;0.7072966
64.833;0.5343741;0.7059
64.834;0.5339086;0.704185
64.852;0.5338041;0.7032139
64.853;0.5337899;0.7022247
64.853;0.5334302;0.700709
64.854;0.5330849;0.69935
64.874;0.5331877;0.6984084
64.875;0.5327616;0.6972021
64.875;0.5326232;0.6964352
64.876;0.5321211;0.6952728
64.895;0.5322119;0.6944697
64.896;0.5317014;0.693416
64.897;0.5315038;0.6929437
64.897;0.5311365;0.6921649
64.917;0.5308349;0.6916444
64.918;0.5307202;0.691092
64.919;0.5305828;0.6905649
64.92;0.5304579;0.6906508
64.939;0.530194;0.6900012
64.94;0.5300339;0.689394
64.941;0.5298182;0.6893889
64.942;0.529423;0.6894833
64.969;0.5293599;0.6885971
64.97;0.5289471;0.6882484
64.971;0.5288927;0.6875094
64.971;0.5285233;0.6868082
64.983;0.5284265;0.6863354
64.984;0.5282674;0.6857184
64.985;0.5282142;0.6851596
64.986;0.5282174;0.6844874
65.007;0.528332;0.6840127
65.007;0.5282518;0.6838373
65.008;0.5280055;0.6829205
65.009;0.5280375;0.6823404
65.029;0.5278686;0.6813855
65.03;0.5273733;0.6800624
65.049;0.5274683;0.6791798
65.05;0.52714;0.6783541
65.051;0.5265456;0.6767651
65.052;0.5263456;0.6756419
65.053;0.5256108;0.6741608
65.053;0.5252181;0.6733328
65.073;0.5243566;0.6720264
65.074;0.5239321;0.6712335
65.074;0.5231198;0.669826
65.075;0.5224882;0.6686225
65.095;0.5224503;0.6676446
65.096;0.5222043;0.6670763
65.096;0.5222042;0.6660745
65.097;0.5219215;0.6653468
65.117;0.5221628;0.6640804
65.118;0.5224544;0.6628517
65.137;0.522315;0.6625084
65.138;0.5219985;0.6621732
65.139;0.5221844;0.6612565
65.14;0.5218251;0.6602537
65.161;0.5219941;0.6593652
65.161;0.5218313;0.6586886
65.162;0.5219269;0.6579647
65.163;0.5219548;0.6573051
65.164;0.521685;0.6565768
65.164;0.5218121;0.6555066
65.182;0.5215296;0.6545037
65.183;0.5217465;0.653084
65.203;0.5214992;0.6521676
65.203;0.5218414;0.6506131
65.204;0.5214581;0.6493803
65.205;0.5217817;0.647721
65.224;0.5213777;0.6462015
65.224;0.5214532;0.6447631
65.225;0.520861;0.6430519
65.226;0.5203772;0.6415464
65.245;0.520375;0.6404157
65.245;0.5202312;0.6394112
65.246;0.5197643;0.637718
65.247;0.5198522;0.6368
65.266;0.5193981;0.635228
65.267;0.5193447;0.6344361
65.268;0.519587;0.6337824
65.268;0.5200496;0.6331489
65.288;0.5199369;0.6327133
65.289;0.5204569;0.6321011
65.289;0.5204731;0.6320873
65.29;0.5208463;0.6314756
65.309;0.5209947;0.6317292
65.31;0.5213274;0.6310364
65.311;0.5213454;0.6308522
65.311;0.5213084;0.630168
65.331;0.5214064;0.6294265
65.332;0.5215253;0.628597
65.333;0.521309;0.6274223
65.333;0.5213447;0.6268008
65.352;0.5211377;0.625685
65.353;0.5213295;0.6247048
65.354;0.5211363;0.6233987
65.355;0.5210605;0.6221005
65.375;0.5214528;0.620717
65.377;0.5214522;0.6196277
65.377;0.522125;0.6178803
65.377;0.5228084;0.616043
65.397;0.522756;0.6149459
65.398;0.5232878;0.6134005
65.399;0.5233259;0.6130806
65.399;0.5236572;0.6122057
65.419;0.5235508;0.6121743
65.42;0.5233046;0.6120912
65.442;0.5230861;0.6119803
65.443;0.5227716;0.6121334
65.444;0.5226066;0.6123621
65.445;0.5224578;0.6123346
65.445;0.5221837;0.6119356
65.446;0.5218638;0.6111888
65.464;0.5217831;0.6109331
65.466;0.5220999;0.6102208
65.467;0.5219082;0.6095554
65.468;0.5224288;0.6082755
65.488;0.5221484;0.6069945
65.488;0.5220753;0.605625
65.489;0.522634;0.6040247
65.49;0.5231622;0.6021788
65.51;0.5231735;0.6006214
65.511;0.5237839;0.5986909
65.531;0.5237679;0.5971886
65.54;0.5238104;0.5957638
65.541;0.5243195;0.5941
65.541;0.5247796;0.5927414
65.554;0.5247168;0.5915191
65.555;0.5247463;0.5908262
65.556;0.5252053;0.5896307
65.557;0.5253043;0.5888675
65.557;0.5256836;0.5876682
65.558;0.5256072;0.5867389
65.577;0.526062;0.5853029
65.577;0.5259644;0.5840907
65.599;0.5263996;0.5826277
65.6;0.5268291;0.5811864
65.6;0.5266497;0.5797414
65.601;0.5269418;0.5784977
65.623;0.5265791;0.5770479
65.624;0.5267214;0.5760316
65.625;0.5267253;0.574621
65.626;0.5267901;0.573334
65.627;0.5267702;0.5723556
65.627;0.5266062;0.571523
65.647;0.5265343;0.5700575
65.647;0.5263889;0.5691884
65.648;0.5264066;0.5678057
65.649;0.5260614;0.5664303
65.668;0.5258266;0.5656575
65.669;0.5254227;0.5644116
65.67;0.5252304;0.5639156
65.67;0.5248637;0.5625834
65.69;0.525009;0.5618591
65.691;0.5247357;0.5608071
65.691;0.5248458;0.5599916
65.692;0.5249882;0.5592745
65.711;0.525368;0.5581949
65.712;0.525609;0.5576362
65.713;0.5263131;0.556348
65.714;0.5268278;0.5563818
65.734;0.5275311;0.5551792
65.735;0.5284511;0.5538074
65.736;0.5288517;0.55369
65.737;0.5292203;0.5533459
65.757;0.5301666;0.551865
65.757;0.530425;0.5513697
65.778;0.5309692;0.5501511
65.779;0.5309411;0.5494488
65.78;0.5313308;0.5483059
65.781;0.5315406;0.5476888
65.781;0.5315142;0.546989
65.782;0.5315351;0.5467975
65.8;0.5314281;0.5462871
65.801;0.5313544;0.5459035
65.823;0.5314906;0.5456346
65.823;0.5316298;0.5454679
65.824;0.5315769;0.5448651
65.825;0.5316984;0.5443115
65.825;0.5319755;0.5436808
65.827;0.5321062;0.5430692
65.846;0.5324647;0.5422804
65.847;0.5330074;0.5410644
65.848;0.533362;0.5406652
65.849;0.5341356;0.5392723
65.87;0.5346962;0.539141
65.87;0.5357031;0.5378858
65.871;0.5361394;0.5375813
65.872;0.5367443;0.5372296
65.891;0.5377108;0.5360221
65.892;0.5385405;0.5354244
65.913;0.538995;0.5350629
65.914;0.5396231;0.5347588
65.914;0.5400597;0.5345179
65.915;0.5406363;0.5346648
65.916;0.5411605;0.534543
65.934;0.5416324;0.53448
65.935;0.5421036;0.5344424
65.936;0.5425634;0.5342264
65.937;0.5433037;0.5339158
65.938;0.5442267;0.5331827
65.957;0.5446711;0.5329116
65.958;0.5455041;0.5320433
65.979;0.5458717;0.5314795
65.981;0.546728;0.5304486
65.982;0.547112;0.5301048
65.983;0.5477451;0.5291921
66.002;0.5482669;0.528703
66.003;0.5487993;0.528218
66.004;0.5493023;0.5273513
66.005;0.5498333;0.5262974
66.006;0.5501817;0.5257329
66.006;0.5506302;0.5249187
66.025;0.5511761;0.5237181
66.026;0.5518072;0.5224434
66.046;0.5520178;0.5216002
66.047;0.5526901;0.5204369
66.048;0.5529034;0.5193336
66.049;0.5535681;0.5180441
66.069;0.5539062;0.5173581
66.07;0.5546092;0.5164188
66.071;0.5548652;0.5158229
66.071;0.5551976;0.5151032
66.072;0.5556657;0.5141202
66.073;0.5559751;0.5137205
66.091;0.5563518;0.513019
66.092;0.5567621;0.5125599
66.113;0.5569687;0.5119392
66.114;0.5570859;0.5111043
66.115;0.5574152;0.5107992
66.116;0.5577083;0.5104764
66.116;0.5581166;0.5100316
66.117;0.5583409;0.509291
66.136;0.5587484;0.5085503
66.137;0.5588576;0.5076609
66.158;0.559343;0.5068577
66.159;0.5595685;0.506129
66.16;0.5601104;0.5048386
66.16;0.5603182;0.5038228
66.161;0.5611093;0.5023843
66.161;0.561469;0.5016882
66.179;0.5624388;0.5001104
66.18;0.5630436;0.4992575
66.202;0.5639701;0.4976991
66.203;0.5649623;0.4962503
66.204;0.5654816;0.495508
66.205;0.5659678;0.4945742
66.224;0.5667241;0.4933671
66.225;0.5673823;0.4924492
66.226;0.5677364;0.4915244
66.226;0.5681372;0.4909915
66.246;0.5683537;0.4904419
66.247;0.5685275;0.4896519
66.248;0.5689601;0.4891741
66.248;0.5693686;0.488774
66.269;0.5695755;0.4883884
66.27;0.5698886;0.4879299
66.271;0.570155;0.4874617
66.272;0.5705028;0.4868307
66.291;0.5708127;0.4861079
66.292;0.5712998;0.4856254
66.293;0.5714923;0.4849603
66.294;0.5719107;0.4840717
66.314;0.5722508;0.4833233
66.315;0.5728937;0.4823406
66.315;0.5731671;0.4814568
66.316;0.5733905;0.4807192
66.335;0.5741407;0.4795039
66.336;0.5749097;0.4784047
66.337;0.5752254;0.477669
66.338;0.5758566;0.4769324
66.358;0.5761908;0.4764835
66.359;0.5767397;0.4759464
66.36;0.5772233;0.4756611
66.361;0.5779341;0.4752857
66.38;0.5784228;0.4749832
66.381;0.579057;0.4747031
66.382;0.5795047;0.4745915
66.382;0.5800072;0.474406
66.383;0.5806327;0.4740075
66.404;0.5812036;0.4736756
66.405;0.5814729;0.473262
66.406;0.5819727;0.4728798
66.426;0.5822412;0.4723449
66.427;0.5827768;0.4718324
66.428;0.5829004;0.4711479
66.428;0.5831075;0.4703797
66.448;0.5835994;0.4700856
66.449;0.5841165;0.4696125
66.45;0.5845216;0.4690936
66.451;0.5850788;0.4685276
66.47;0.5855989;0.4684317
66.471;0.5861778;0.4683675
66.472;0.5868421;0.4676278
66.472;0.5875241;0.4665532
66.492;0.5880653;0.4666572
66.493;0.5884553;0.4665644
66.494;0.5888304;0.4656566
66.494;0.5892192;0.4650506
66.515;0.5894875;0.46456
66.516;0.5896847;0.4643673
66.517;0.5899748;0.4640902
66.518;0.5901649;0.4641054
66.536;0.5903447;0.463565
66.537;0.590731;0.4634034
66.538;0.5912691;0.4634181
66.539;0.5918301;0.46337
66.557;0.5923331;0.4633679
66.559;0.5930603;0.462881
66.56;0.5936126;0.4626397
66.561;0.594177;0.4624421
66.579;0.595041;0.4618107
66.579;0.5959378;0.4610509
66.58;0.5964556;0.4604765
66.58;0.59687;0.4597622
66.599;0.5976403;0.458756
66.6;0.5982925;0.4577429
66.601;0.5985336;0.4568945
66.601;0.5988064;0.4558669
66.62;0.5994326;0.454533
66.621;0.5997012;0.4536659
66.622;0.6003039;0.4524203
66.622;0.6007859;0.4517952
66.642;0.6015005;0.4505911
66.642;0.6022084;0.4503373
66.643;0.6029203;0.4495832
66.643;0.6037402;0.4498397
66.663;0.6045715;0.4495741
66.664;0.6055304;0.4502027
66.673;0.6063918;0.449918
66.674;0.6072292;0.4507828
66.684;0.608223;0.4505421
66.685;0.6090173;0.4512463
66.705;0.6099178;0.450939
66.706;0.6107293;0.4515641
66.707;0.6115675;0.4512443
66.708;0.6123052;0.4517054
66.727;0.6130948;0.4514307
66.728;0.6137311;0.4514837
66.729;0.6144193;0.4516856
66.73;0.6151772;0.4518717
66.75;0.6159964;0.4516568
66.75;0.6165344;0.4513898
66.751;0.617267;0.4509546
66.752;0.6176202;0.4504689
66.772;0.6183989;0.4498608
66.772;0.6186732;0.4494095
66.773;0.6193574;0.4485354
66.773;0.6194383;0.4479153
66.793;0.62004;0.4469202
66.794;0.6203653;0.4466957
66.795;0.6210485;0.4455438
66.795;0.6214125;0.4452533
66.814;0.6220669;0.4442469
66.815;0.6225739;0.4436134
66.816;0.6233828;0.4424151
66.817;0.6241323;0.4420692
66.836;0.6248939;0.4411412
66.837;0.62542;0.4405409
66.838;0.626224;0.4400511
66.839;0.6267296;0.4394787
66.857;0.6275517;0.4389054
66.858;0.6279973;0.4387109
66.858;0.6287868;0.4383309
66.859;0.6291173;0.4379916
66.879;0.6299748;0.4377702
66.879;0.6306047;0.4378925
66.879;0.6314006;0.4374987
66.88;0.632295;0.4376852
66.9;0.6331979;0.4369292
66.9;0.6341813;0.4371475
66.9;0.6351692;0.4363402
66.901;0.636325;0.4365834
66.921;0.6375046;0.4355794
66.921;0.6384345;0.4354844
66.942;0.6395636;0.4340907
66.943;0.6401211;0.4339196
66.943;0.6409964;0.4328555
66.945;0.6414006;0.4321965
66.945;0.6421679;0.4312693
66.945;0.6427269;0.4306137
66.964;0.6429442;0.4298733
66.965;0.6434094;0.429871
66.986;0.643759;0.4291281
66.986;0.6442698;0.4285014
66.987;0.6449682;0.4285334
66.988;0.6456753;0.428384
67.009;0.646336;0.4281853
67.01;0.6471877;0.4277477
67.011;0.6479931;0.4277926
67.011;0.6488953;0.4268924
67.012;0.649524;0.4270558
67.031;0.6500484;0.427405
67.032;0.650883;0.4264342
67.033;0.6513263;0.4267938
67.053;0.6521967;0.4257693
67.054;0.6528897;0.4248598
67.055;0.6532264;0.4250464
67.056;0.6540322;0.4242979
67.056;0.6543623;0.4243391
67.056;0.6551784;0.4238006
67.075;0.6555156;0.4236279
67.076;0.6560874;0.423253
67.096;0.6561991;0.4227878
67.097;0.6567675;0.4224296
67.098;0.6569495;0.4219159
67.099;0.6574351;0.4217956
67.118;0.6577075;0.4214915
67.119;0.658219;0.42124
67.12;0.6586461;0.4207534
67.121;0.6593287;0.4205731
67.141;0.6601901;0.4205048
67.142;0.661065;0.4201765
67.143;0.6617855;0.4201811
67.144;0.6626421;0.4196777
67.163;0.6633102;0.4194911
67.164;0.6640974;0.418997
67.165;0.6646779;0.4189033
67.165;0.6654974;0.418451
67.185;0.6658745;0.4180542
67.186;0.6665334;0.4177454
67.187;0.6670655;0.41754
67.187;0.6676456;0.4172586
67.207;0.6681801;0.4170146
67.208;0.6686981;0.4168431
67.208;0.6691224;0.4167314
67.209;0.6694101;0.4165495
67.228;0.669971;0.4166465
67.229;0.6701866;0.4165824
67.23;0.6705916;0.4166711
67.238;0.6708983;0.4167833
67.25;0.6712693;0.4166989
67.25;0.6718039;0.4167558
67.27;0.67221;0.4170404
67.271;0.6726708;0.4174354
67.271;0.6734099;0.4176374
67.272;0.6739177;0.4177734
67.273;0.6747692;0.4180487
67.274;0.6755128;0.4183129
67.292;0.6762459;0.4186539
67.292;0.6768925;0.4190601
67.292;0.6776665;0.4192429
67.293;0.6783224;0.4194283
67.313;0.6789744;0.419464
67.313;0.6794355;0.4196303
67.314;0.6798949;0.4195545
67.314;0.6803471;0.419664
67.334;0.6808289;0.4195771
67.335;0.6812415;0.4192057
67.336;0.6816694;0.419013
67.336;0.6818116;0.4187125
67.354;0.6822246;0.418346
67.355;0.682788;0.4179124
67.375;0.6830597;0.4175317
67.375;0.683638;0.4169663
67.376;0.6838757;0.4164629
67.377;0.6840794;0.4161559
67.396;0.6846331;0.4159448
67.396;0.6851414;0.415792
67.397;0.6857026;0.4156445
67.398;0.6862838;0.415945
67.418;0.686839;0.4159974
67.419;0.6874255;0.4164208
67.42;0.6880763;0.4167616
67.42;0.6885853;0.4168745
67.44;0.6891266;0.4173304
67.441;0.6896861;0.4175234
67.442;0.689945;0.4176847
67.442;0.6900916;0.4175298
67.461;0.6904864;0.4177061
67.462;0.6906027;0.4181229
67.462;0.690589;0.4178969
67.463;0.6908207;0.4185116
67.482;0.690949;0.4182864
67.483;0.6912964;0.4182588
67.483;0.69163;0.4188461
67.484;0.6921966;0.419228
67.503;0.6926576;0.4192214
67.504;0.6933526;0.4194001
67.504;0.6941926;0.4193012
67.505;0.6948531;0.419271
67.525;0.6957037;0.41878
67.525;0.6965176;0.418237
67.546;0.6971055;0.4181349
67.547;0.6979269;0.4182553
67.547;0.6989754;0.4175741
67.548;0.6997439;0.4175904
67.567;0.7007753;0.4170199
67.568;0.7020962;0.4167535
67.569;0.7032945;0.4172255
67.57;0.7048762;0.4181924
67.589;0.706194;0.4176667
67.589;0.7076516;0.4185278
67.59;0.7087553;0.4180104
67.591;0.7100593;0.418897
67.612;0.7110819;0.4184327
67.613;0.7118406;0.4188743
67.613;0.7124214;0.4185413
67.614;0.7129027;0.4185006
67.633;0.7131747;0.418316
67.634;0.7134894;0.4185249
67.635;0.7136968;0.4183339
67.636;0.7140462;0.4186913
67.656;0.7143451;0.4183943
67.656;0.7147938;0.4182575
67.677;0.715444;0.4183986
67.678;0.7160574;0.4185942
67.679;0.7168707;0.4183789
67.68;0.7174825;0.4187319
67.681;0.7183637;0.4184508
67.681;0.7187874;0.4187631
67.699;0.7195624;0.4182443
67.7;0.7201422;0.4177714
67.701;0.7206683;0.4183435
67.702;0.7210937;0.4184144
67.721;0.7214884;0.4190538
67.722;0.7218889;0.4193599
67.723;0.7222196;0.419921
67.724;0.7229035;0.4207652
67.744;0.7234868;0.4213567
67.744;0.7239749;0.4218275
67.745;0.7246593;0.4224001
67.746;0.7254854;0.4231008
67.765;0.7261807;0.4235719
67.766;0.7270318;0.4239587
67.767;0.7276587;0.4242312
67.767;0.7281764;0.4244268
67.786;0.7285765;0.4245922
67.787;0.7288074;0.4247451
67.788;0.7291691;0.4247388
67.789;0.7294238;0.4248119
67.857;0.7294766;0.424546
67.859;0.7297843;0.4247448
67.86;0.7298831;0.4248522
67.86;0.729387;0.4253532
67.862;0.7290584;0.4251877
67.864;0.7089538;0.4389766
67.88;0.6812705;0.4616643
67.881;0.6532913;0.4844863
67.901;0.6265382;0.5081007
67.902;0.6093741;0.5182874
67.903;0.603704;0.5251125
67.904;0.5865103;0.5354142
67.923;0.5877126;0.5336665
67.924;0.5702814;0.5443075
67.924;0.5713747;0.5427512
67.925;0.5543076;0.5541087
67.944;0.5549462;0.5512687
67.945;0.5547037;0.5528324
67.946;0.5536754;0.5535734
67.966;0.5531131;0.5539933
67.967;0.5528902;0.5538107
67.988;0.5526582;0.553876
67.989;0.552705;0.5539197
68.009;0.5529233;0.5539293
68.01;0.5530676;0.5542037
68.03;0.5530089;0.5545714
68.051;0.5527341;0.5550203
68.053;0.5534673;0.5601908
68.073;0.5641652;0.5631805
68.074;0.5773768;0.5711236
68.074;0.5898477;0.5883386
68.075;0.6036437;0.5958189
68.075;0.6185697;0.6145233
68.076;0.6334537;0.6330149
68.095;0.6462768;0.6362042
68.095;0.6615961;0.6556642
68.116;0.6646757;0.6611644
68.117;0.665677;0.6617752
68.117;0.6684023;0.66593
68.118;0.6688452;0.667205
68.137;0.6692057;0.670028
68.139;0.6696464;0.672742
68.139;0.6699657;0.6738421
68.14;0.6701839;0.675661
68.161;0.6701272;0.6766791
68.161;0.6701739;0.677904
68.162;0.670135;0.6785227
68.182;0.6705966;0.6793999
68.182;0.6707349;0.6795428
68.183;0.6715136;0.6804432
68.184;0.6716907;0.6802463
68.184;0.6728824;0.6813298
68.203;0.673198;0.6807665
68.204;0.6741012;0.6820297
68.205;0.6741891;0.6818699
68.225;0.6742379;0.682173
68.226;0.6740592;0.6831571
68.227;0.6730176;0.680311
68.228;0.6714154;0.6774987
68.248;0.6701597;0.6793883
68.248;0.6578362;0.6738198
68.269;0.6343003;0.6656123
68.27;0.6012052;0.6636914
68.271;0.5662974;0.6719017
68.291;0.5294167;0.6663661
68.292;0.4876384;0.6750863
68.292;0.4601628;0.6728319
68.293;0.4184078;0.6815397
68.312;0.4026138;0.6825445
68.313;0.397712;0.6812084
68.314;0.3568374;0.6893185
68.315;0.3495051;0.6909798
68.334;0.3484214;0.693558
68.335;0.3479682;0.6942902
68.336;0.3478412;0.6961293
68.337;0.3474281;0.6965426
68.355;0.3470105;0.6979564
68.355;0.3467181;0.6985291
68.356;0.3465425;0.7000861
68.357;0.342208;0.7033478
68.376;0.3413718;0.7045536
68.377;0.3340048;0.7059718
68.396;0.3276324;0.7062015
68.397;0.3209241;0.7055542
68.398;0.3129573;0.7068542
68.398;0.3062973;0.7067974
68.417;0.298418;0.7084043
68.418;0.2956699;0.7058011
68.419;0.28865;0.7076712
68.419;0.2878889;0.7085139
68.438;0.2872841;0.7101445
68.439;0.2868061;0.7121018
68.44;0.2869343;0.7138712
68.44;0.2864622;0.715516
68.46;0.2863896;0.7173233
68.46;0.2855107;0.7177035
68.461;0.2848349;0.7189311
68.482;0.2796543;0.7131013
68.483;0.2741399;0.7056295
68.503;0.2686104;0.6980056
68.504;0.2634766;0.6911935
68.528;0.2625729;0.6903436
68.533;0.2622424;0.6907513
68.534;0.2619796;0.690949
68.547;0.2538361;0.6896086
68.548;0.2539318;0.6902006
68.548;0.2460739;0.6888868
68.549;0.2462595;0.6892365
68.568;0.2384106;0.687229
68.569;0.2386183;0.6877095
68.57;0.231558;0.6859682
68.571;0.231928;0.6857997
68.591;0.2323254;0.6862856
68.592;0.2328272;0.6851286
68.593;0.2328483;0.6852093
68.594;0.2329399;0.6837889
68.616;0.2344615;0.6744817
68.638;0.2354553;0.6579728
68.639;0.2408812;0.6202937
68.659;0.2461537;0.5829068
68.66;0.2514635;0.5469725
68.681;0.2557463;0.5190037
68.682;0.2560073;0.5194793
68.703;0.2563918;0.5202181
68.705;0.2564398;0.520372
68.726;0.2564402;0.5210016
68.727;0.2565228;0.5215753
68.748;0.2565095;0.5220442
68.749;0.2565973;0.5225556
68.75;0.2579735;0.4848905
68.77;0.2581068;0.4853536
68.771;0.2581546;0.4858444
68.793;0.2579782;0.486451
68.795;0.2576737;0.4871143
68.816;0.257365;0.4878345
68.817;0.2570382;0.4881753
68.837;0.2569271;0.4883676
68.839;0.2570506;0.4883222
68.861;0.257291;0.4879211
68.862;0.257685;0.4876115
68.883;0.258148;0.4872372
68.884;0.2584685;0.4868455
68.903;0.258597;0.486757
68.904;0.2587482;0.4868223
68.906;0.2594232;0.4542714
68.926;0.2598258;0.4561977
68.928;0.2601923;0.4598417
68.949;0.2605996;0.4631395
68.95;0.2609526;0.4662416
68.951;0.2620859;0.4329616
68.972;0.2621968;0.4342226
68.973;0.2623099;0.4159876
68.974;0.2625027;0.4154683
68.975;0.262003;0.4186165
68.976;0.2622812;0.4182755
68.995;0.2625596;0.4163593
68.996;0.262729;0.4161146
68.996;0.2624127;0.4163117
68.997;0.2623737;0.4164584
69.017;0.2618966;0.41686
69.018;0.2617355;0.4172913
69.019;0.2613066;0.4177151
69.019;0.2610257;0.4182434
69.039;0.2604614;0.4186935
69.039;0.2601654;0.4191937
69.041;0.2596836;0.41974
69.041;0.2595161;0.4197819
69.062;0.2590701;0.4201425
69.063;0.259042;0.4198251
69.063;0.2586802;0.4201338
69.064;0.2587286;0.4197585
69.084;0.2584862;0.4199888
69.084;0.2585868;0.4194968
69.085;0.2580489;0.4201103
69.086;0.2580169;0.4198923
69.105;0.2574157;0.4207228
69.106;0.2572785;0.4209182
69.107;0.2565643;0.4217336
69.108;0.2563108;0.4220951
69.129;0.2555335;0.4228384
69.129;0.2551577;0.4234725
69.13;0.2545204;0.4240686
69.131;0.2542425;0.4245132
69.15;0.2537308;0.4247637
69.151;0.253443;0.4249781
69.152;0.2529517;0.42515
69.173;0.2526944;0.4252397
69.174;0.2522413;0.4255807
69.174;0.2520612;0.4254258
69.195;0.2517557;0.4255468
69.196;0.2515069;0.4256511
69.197;0.2511693;0.4259076
69.197;0.2508399;0.4260415
69.198;0.2506308;0.426401
69.199;0.250394;0.4266867
69.217;0.2501468;0.4269328
69.219;0.25001;0.4273573
69.219;0.2497073;0.4277856
69.239;0.2495913;0.4280215
69.24;0.2493101;0.4283492
69.241;0.2492538;0.4287131
69.241;0.2489308;0.4289276
69.242;0.2488622;0.4293773
69.261;0.2486098;0.4296283
69.262;0.2484743;0.4298958
69.263;0.2483442;0.4303896
69.283;0.2482244;0.4307025
69.284;0.2481058;0.4311953
69.285;0.2479427;0.4313076
69.306;0.2479022;0.4317314
69.307;0.2477365;0.4313812
69.308;0.2476817;0.431659
69.308;0.2474407;0.4314578
69.309;0.2472039;0.4312248
69.309;0.2469747;0.4308371
69.328;0.2466574;0.4307107
69.329;0.2464373;0.4304563
69.33;0.2460742;0.4305841
69.351;0.2457945;0.4306319
69.352;0.2453795;0.4309147
69.353;0.2451794;0.430804
69.354;0.2447505;0.4313673
69.354;0.2444609;0.4316576
69.373;0.2442079;0.4320596
69.374;0.2439894;0.4326276
69.375;0.2437894;0.4329158
69.395;0.2435833;0.4334351
69.396;0.2433894;0.4339003
69.397;0.2432067;0.4346917
69.419;0.2431907;0.4354159
69.42;0.2431594;0.4360949
69.421;0.2431189;0.4370745
69.422;0.2431448;0.4375061
69.422;0.2429855;0.4384829
69.423;0.2427415;0.4391565
69.442;0.2426064;0.4402044
69.443;0.2421678;0.4409658
69.443;0.241886;0.4418769
69.464;0.2412616;0.442526
69.464;0.240803;0.4434614
69.465;0.2401173;0.4440694
69.486;0.2396898;0.4446473
69.487;0.2392079;0.4450204
69.488;0.2389495;0.4451863
69.488;0.2384715;0.4456671
69.489;0.2380463;0.4457043
69.49;0.2378693;0.4458763
69.508;0.237655;0.4455841
69.509;0.2375457;0.4455469
69.53;0.2372868;0.4455189
69.531;0.2371792;0.4452404
69.532;0.2369354;0.4449218
69.533;0.2366547;0.4446614
69.533;0.236493;0.4448856
69.534;0.2363037;0.444684
69.552;0.2361154;0.4451145
69.553;0.2359664;0.4449227
69.554;0.2358238;0.4452858
69.575;0.2358299;0.4453361
69.576;0.2357227;0.4456766
69.577;0.2359065;0.4455252
69.577;0.2357806;0.4455134
69.578;0.2359125;0.4451024
69.597;0.2357951;0.4449339
69.598;0.2358089;0.4446197
69.599;0.2357937;0.4445337
69.623;0.235669;0.4442003
69.624;0.235599;0.4442888
69.625;0.2352878;0.4443219
69.625;0.235033;0.4445336
69.626;0.2346534;0.4446827
69.645;0.2342885;0.4450143
69.645;0.233874;0.4452279
69.646;0.2334475;0.4455622
69.647;0.2330447;0.4459467
69.667;0.2326384;0.4462965
69.667;0.2323211;0.4464998
69.668;0.2320956;0.4469301
69.688;0.2317484;0.4472989
69.689;0.2315779;0.4478729
69.69;0.2314059;0.4479921
69.69;0.2312624;0.4485024
69.691;0.2312113;0.4485734
69.71;0.2310688;0.4490751
69.719;0.2311741;0.4493179
69.72;0.2315065;0.4490905
69.731;0.2315343;0.4491326
69.733;0.2317939;0.4491012
69.755;0.2318777;0.4490974
69.756;0.2321364;0.4489517
69.756;0.2322584;0.4488847
69.757;0.2323929;0.4489189
69.758;0.2324457;0.4487599
69.758;0.2323941;0.4487564
69.777;0.2322919;0.4486265
69.778;0.2321166;0.4486558
69.799;0.2318588;0.4487445
69.799;0.2315018;0.4488292
69.8;0.231108;0.4490835
69.801;0.2305334;0.4492717
69.801;0.2300553;0.4497313
69.802;0.2294333;0.4502431
69.821;0.2290222;0.450959
69.821;0.2283764;0.4517625
69.842;0.2279806;0.4522681
69.843;0.2273774;0.453257
69.844;0.2270711;0.453916
69.845;0.2265887;0.4548934
69.865;0.2262319;0.4555899
69.866;0.2259419;0.4563777
69.867;0.2256351;0.4569988
69.868;0.225418;0.4575738
69.868;0.2252269;0.458342
69.889;0.2250542;0.4587138
69.89;0.2248205;0.459503
69.891;0.2246978;0.4597879
69.911;0.2245284;0.460441
69.912;0.2243527;0.4605415
69.913;0.2242446;0.4611043
69.914;0.2240676;0.4611927
69.914;0.2239417;0.4615174
69.915;0.223799;0.46185
69.933;0.2237488;0.4618395
69.934;0.2235826;0.4620953
69.955;0.223484;0.4620402
69.956;0.2233363;0.4622446
69.957;0.2230836;0.4622285
69.958;0.2229552;0.4623535
69.979;0.2226633;0.4623257
69.98;0.222488;0.4621009
69.981;0.2222811;0.4623574
69.981;0.2221948;0.4623466
69.982;0.2220497;0.4623798
69.982;0.2219416;0.4623956
70.001;0.2218837;0.4624348
70.002;0.2218338;0.4622849
70.023;0.2217591;0.4624746
70.024;0.2217514;0.4625556
70.025;0.2217329;0.4627637
70.026;0.2217145;0.4627988
70.026;0.2217635;0.4633498
70.027;0.2217436;0.4636774
70.045;0.2218002;0.4642118
70.046;0.2217119;0.4650964
70.047;0.2217388;0.4658322
70.068;0.2216982;0.4668931
70.069;0.2216294;0.4677286
70.071;0.2215097;0.4687667
70.092;0.2214131;0.4693994
70.093;0.2213076;0.4703176
70.094;0.2213018;0.4712195
70.094;0.2212127;0.4716521
70.095;0.2212563;0.4723002
70.095;0.2211154;0.4724287
70.114;0.2212873;0.4729063
70.115;0.2210835;0.4729084
70.116;0.2211763;0.4735229
70.136;0.2210588;0.4735398
70.136;0.2208671;0.4739819
70.137;0.2207653;0.4738609
70.138;0.2205704;0.4742179
70.139;0.2205011;0.4740405
70.157;0.2201262;0.4740278
70.158;0.2201107;0.4739068
70.159;0.2197629;0.4735601
70.179;0.2196624;0.4733955
70.179;0.2194171;0.473004
70.18;0.2192731;0.4731209
70.2;0.2189604;0.4726803
70.2;0.2188918;0.4727704
70.202;0.2186774;0.4724586
70.203;0.218596;0.4726536
70.223;0.2184538;0.4725487
70.224;0.2184739;0.4726921
70.225;0.2184007;0.4725695
70.226;0.2185408;0.4725118
70.246;0.2185781;0.4724427
70.247;0.218737;0.4721397
70.248;0.2188333;0.4721144
70.249;0.2197134;0.4710854
70.249;0.2202271;0.4697725
70.25;0.2219114;0.468173
70.273;0.2229063;0.4655495
70.274;0.2242874;0.464334
70.292;0.2254258;0.4621018
70.293;0.2265649;0.4614288
70.294;0.2276632;0.4591039
70.295;0.2281819;0.4589723
70.315;0.2288767;0.4579441
70.316;0.2285788;0.4586727
70.317;0.2284411;0.45936
70.317;0.2287167;0.4597
70.318;0.2287987;0.4602488
70.337;0.2289969;0.4602238
70.339;0.2290622;0.4609913
70.34;0.2292197;0.4612521
70.341;0.2292803;0.4616742
70.361;0.2293547;0.4619156
70.362;0.2295015;0.4621449
70.363;0.2294987;0.4623351
70.363;0.229587;0.4627796
70.382;0.2295337;0.4631543
70.383;0.2296326;0.4633695
70.404;0.2295492;0.4634697
70.405;0.2295393;0.4635608
70.406;0.2295378;0.4637181
70.407;0.2295543;0.4639751
70.426;0.229638;0.4643458
70.427;0.2296061;0.4641416
70.427;0.2296706;0.4643295
70.428;0.2296759;0.46416
70.428;0.2298089;0.4645878
70.448;0.2299185;0.4645947
70.449;0.2300123;0.465306
70.449;0.2300193;0.4650798
70.469;0.2299792;0.4656911
70.47;0.2298982;0.4657942
70.471;0.2298483;0.4666947
70.472;0.2296103;0.4670675
70.472;0.2294625;0.4676988
70.491;0.2291443;0.4679997
70.492;0.2289265;0.468614
70.492;0.2286724;0.4691746
70.512;0.2283872;0.4695525
70.512;0.2282186;0.4700699
70.513;0.2279093;0.4703336
70.514;0.2278381;0.4705944
70.533;0.2275677;0.471123
70.534;0.2274701;0.4715213
70.534;0.2273051;0.4718183
70.535;0.227189;0.4719889
70.554;0.2271515;0.4723909
70.555;0.227042;0.4727001
70.556;0.2269568;0.4732082
70.556;0.2268169;0.4734986
70.575;0.2267783;0.4741505
70.576;0.2266348;0.4744109
70.576;0.2265755;0.4749085
70.577;0.2264075;0.4754076
70.596;0.2263779;0.4760177
70.597;0.2262236;0.476317
70.597;0.2262666;0.476998
70.598;0.2260564;0.4775277
70.617;0.2260782;0.4780551
70.617;0.2259259;0.4786656
70.639;0.2259253;0.479324
70.64;0.2258253;0.4798864
70.641;0.225746;0.4805277
70.641;0.2255805;0.4813621
70.642;0.2254651;0.48206
70.642;0.2253473;0.4828223
70.661;0.2252208;0.4833789
70.662;0.2250322;0.4841125
70.663;0.2249965;0.4846331
70.682;0.2248859;0.4850408
70.683;0.2248706;0.4854352
70.684;0.2248037;0.4854694
70.704;0.224824;0.4854789
70.705;0.2249045;0.4852676
70.706;0.2249374;0.4851229
70.706;0.225145;0.4849867
70.726;0.2251429;0.4851775
70.727;0.2252748;0.4851984
70.728;0.2253495;0.4853732
70.728;0.225485;0.4855705
70.748;0.225547;0.4861768
70.749;0.2255084;0.4867795
70.75;0.2256021;0.4877182
70.751;0.2253627;0.4883532
70.751;0.2254039;0.4891705
70.771;0.2251525;0.4901102
70.771;0.2252058;0.4911798
70.772;0.2249833;0.4918385
70.795;0.225003;0.4925838
70.796;0.2248569;0.4928986
70.796;0.2247829;0.4933881
70.797;0.2247905;0.4934119
70.816;0.2247308;0.4934703
70.817;0.2247431;0.4932031
70.818;0.2245499;0.4927852
70.818;0.2245303;0.4926111
70.838;0.2243471;0.4918697
70.839;0.2243313;0.4916003
70.84;0.2241693;0.4907817
70.841;0.2240257;0.4905368
70.868;0.2238671;0.4899958
70.869;0.2237915;0.4895709
70.87;0.2237054;0.4891607
70.871;0.2237712;0.4888512
70.872;0.2237528;0.4888343
70.883;0.2238357;0.4889823
70.883;0.22386;0.4891838
70.884;0.2241182;0.4895849
70.903;0.2241352;0.4898365
70.904;0.2242595;0.4906265
70.905;0.2242935;0.4914454
70.906;0.2242551;0.4925659
70.926;0.22427;0.4933378
70.927;0.2241298;0.4941982
70.927;0.2240787;0.4948583
70.928;0.2238249;0.4957343
70.948;0.2236856;0.4963562
70.948;0.2234818;0.4966791
70.949;0.2233114;0.4967985
70.95;0.2230818;0.4964945
70.973;0.2228602;0.4963324
70.974;0.2227185;0.4962125
70.975;0.2225131;0.496185
70.976;0.2224615;0.495896
70.995;0.2223782;0.4957059
70.996;0.2223399;0.4959448
70.997;0.2223167;0.4959444
70.997;0.2223812;0.4965054
71.018;0.2224197;0.4973085
71.019;0.2225044;0.4976483
71.02;0.222567;0.4978786
71.04;0.2226124;0.498333
71.041;0.2227162;0.4984125
71.042;0.2228279;0.4987905
71.043;0.2229444;0.4986625
71.062;0.2230644;0.499072
71.063;0.2232159;0.499017
71.064;0.2233011;0.4994358
71.064;0.2234321;0.4998395
71.084;0.223565;0.5001068
71.085;0.2236081;0.5004084
71.086;0.2235944;0.5006951
71.087;0.223559;0.5013173
71.107;0.2235864;0.5013708
71.108;0.2234183;0.5019898
71.108;0.2233853;0.5021076
71.11;0.2231423;0.5022355
71.131;0.2229735;0.5024772
71.132;0.2226598;0.5029519
71.133;0.2225875;0.5032716
71.134;0.2223163;0.5036644
71.153;0.2222185;0.5041743
71.154;0.2219503;0.5048628
71.155;0.2218411;0.5053355
71.156;0.2216003;0.5066695
71.156;0.2215399;0.5072051
71.175;0.2213494;0.5083908
71.176;0.2212297;0.5088822
71.176;0.2210615;0.5098885
71.196;0.2209007;0.5103651
71.197;0.2208291;0.5110957
71.198;0.2207171;0.5115588
71.199;0.2206552;0.5118673
71.218;0.2205637;0.5121297
71.219;0.2206568;0.5121781
71.22;0.2206163;0.5123957
71.221;0.2206531;0.5124452
71.24;0.2206324;0.5124066
71.241;0.2206784;0.5120477
71.241;0.2206751;0.5118376
71.242;0.2206812;0.5115967
71.261;0.2207368;0.5114403
71.262;0.2206186;0.5113797
71.263;0.2206288;0.5111963
71.264;0.2205128;0.5113838
71.282;0.220504;0.5112631
71.283;0.2203277;0.5116673
71.284;0.2202859;0.5115641
71.284;0.2199215;0.5109776
71.305;0.2195028;0.510401
71.307;0.219242;0.5097099
71.307;0.2189624;0.5089213
71.308;0.2187423;0.5079409
71.329;0.2184928;0.5072697
71.33;0.2183367;0.5063767
71.331;0.2181406;0.5058609
71.332;0.2183183;0.505851
71.351;0.2184964;0.5058538
71.351;0.2186561;0.5060825
71.352;0.2188066;0.506359
71.353;0.2189239;0.5067397
71.372;0.2190181;0.507217
71.373;0.2190772;0.5080884
71.374;0.2191626;0.508703
71.375;0.219165;0.5098091
71.395;0.2192703;0.5107169
71.396;0.2191375;0.5117329
71.397;0.2191368;0.5127374
71.397;0.2191556;0.5136536
71.421;0.219397;0.5145725
71.421;0.2194391;0.5150098
71.427;0.2195754;0.5158427
71.427;0.2195534;0.5162983
71.437;0.2196761;0.5169389
71.438;0.2197447;0.5171962
71.439;0.2198155;0.5175822
71.44;0.2197686;0.5177808
71.458;0.2196679;0.517884
71.459;0.2196896;0.5180263
71.459;0.2196695;0.517845
71.48;0.2196406;0.5175951
71.48;0.2195371;0.517186
71.481;0.2194817;0.5172172
71.482;0.2194153;0.5169521
71.482;0.2194489;0.5175071
71.501;0.2193572;0.5173797
71.502;0.2193263;0.5178113
71.522;0.2192524;0.5180835
71.523;0.2192601;0.518759
71.523;0.2192334;0.5193973
71.524;0.2192295;0.5202694
71.545;0.2192641;0.5211778
71.545;0.2191034;0.5215908
71.546;0.2191591;0.5225354
71.547;0.2190475;0.5231773
71.547;0.2190869;0.5239223
71.566;0.2190549;0.5246078
71.567;0.2192002;0.5252581
71.568;0.2191941;0.5252566
71.588;0.2193428;0.5253199
71.589;0.219423;0.5254625
71.591;0.2195707;0.5255661
71.591;0.2196258;0.5255538
71.592;0.2198324;0.5256121
71.612;0.21978;0.5255968
71.613;0.2198725;0.5254941
71.614;0.2196739;0.525962
71.634;0.2196895;0.5264118
71.634;0.2195345;0.5271125
71.635;0.2194967;0.5276473
71.636;0.2192432;0.528827
71.658;0.2192164;0.5294783
71.659;0.2189914;0.5306405
71.66;0.2189498;0.5314546
71.66;0.2189606;0.5324965
71.661;0.219004;0.5330771
71.661;0.2190194;0.5338454
71.68;0.2191912;0.5343525
71.68;0.2193626;0.5349022
71.7;0.2195092;0.5353119
71.701;0.2197461;0.5356969
71.702;0.2198906;0.5362086
71.702;0.220062;0.5366348
71.722;0.2201943;0.5369649
71.723;0.2202998;0.5373648
71.723;0.2204262;0.5377982
71.724;0.2204082;0.5379972
71.744;0.2204924;0.5385861
71.745;0.2204541;0.5389164
71.746;0.2205054;0.5391557
71.746;0.2204536;0.5394224
71.766;0.2205546;0.5397209
71.767;0.2205588;0.5400919
71.768;0.2205233;0.5400548
71.768;0.2206142;0.5406921
71.787;0.2206712;0.5406105
71.788;0.2206658;0.5411049
71.809;0.2206971;0.5413277
71.81;0.2206204;0.5421004
71.811;0.2205819;0.5423588
71.812;0.2203747;0.5429167
71.813;0.2204077;0.543421
71.814;0.2202085;0.543899
71.832;0.2202241;0.5445023
71.833;0.2200799;0.5451646
71.834;0.2201469;0.5454389
71.834;0.2200772;0.5458823
71.854;0.2202092;0.5464817
71.855;0.2202588;0.5470819
71.855;0.2203365;0.5473973
71.857;0.2203819;0.5478137
71.876;0.2203631;0.5479844
71.877;0.2204542;0.54827
71.878;0.2205369;0.5485152
71.879;0.2206566;0.5484246
71.898;0.220715;0.5482213
71.899;0.2208103;0.5481647
71.9;0.2209844;0.5480567
71.9;0.2211669;0.54798
71.92;0.221419;0.5480057
71.921;0.2216554;0.5482868
71.922;0.2219683;0.5484595
71.922;0.2221588;0.5491951
71.942;0.2224244;0.5499325
71.942;0.2225344;0.5507351
71.943;0.2227102;0.5515881
71.944;0.2226453;0.5528802
71.963;0.2227231;0.5537264
71.964;0.2225283;0.5549054
71.965;0.2224553;0.5557371
71.965;0.2221641;0.5568421
71.985;0.2220952;0.5571949
71.994;0.2218566;0.5581927
71.994;0.2217424;0.5584395
71.995;0.2216401;0.5589575
72.006;0.2216216;0.5589998
72.006;0.2216073;0.5592806
72.007;0.2217867;0.5593992
72.008;0.2219748;0.5595335
72.027;0.222085;0.559633
72.028;0.2224837;0.5595613
72.049;0.2226931;0.5599709
72.049;0.2230399;0.5598814
72.05;0.2232907;0.5603808
72.05;0.2235542;0.560481
72.07;0.2236478;0.5608261
72.07;0.2237324;0.5617794
72.071;0.2237622;0.5622284
72.072;0.2235951;0.5629326
72.092;0.2237165;0.5634097
72.092;0.2234786;0.564347
72.093;0.2234827;0.5648906
72.094;0.2233468;0.5658224
72.113;0.223324;0.5661541
72.114;0.2234207;0.5665078
72.115;0.2234628;0.5660728
72.115;0.2236025;0.5665462
72.135;0.2236107;0.5660381
72.135;0.2238122;0.566222
72.136;0.2238347;0.5655534
72.136;0.2239635;0.5654452
72.156;0.2240198;0.5650985
72.157;0.2241512;0.5652774
72.158;0.2242617;0.565005
72.159;0.2243992;0.5646799
72.178;0.2245698;0.5648811
72.178;0.2247687;0.5648199
72.179;0.2250265;0.5648955
72.18;0.2252751;0.5649354
72.199;0.2255776;0.5653471
72.2;0.2259684;0.5659891
72.201;0.2261605;0.5662757
72.202;0.2265007;0.5667695
72.221;0.2266343;0.5672659
72.221;0.2266239;0.5681183
72.223;0.2269362;0.5688848
72.224;0.227186;0.5693785
72.245;0.2271868;0.5702157
72.246;0.2272304;0.5708622
72.246;0.2273606;0.5713757
72.247;0.2274007;0.5723321
72.266;0.2275893;0.5727135
72.267;0.2277052;0.5730975
72.268;0.2279356;0.5733811
72.268;0.2280693;0.57398
72.288;0.2283186;0.5742919
72.29;0.2282829;0.5748613
72.291;0.2284963;0.575174
72.291;0.2285372;0.5755596
72.312;0.2286417;0.5761601
72.313;0.2286847;0.5767642
72.314;0.2288033;0.5773956
72.314;0.2289583;0.5779968
72.333;0.2291493;0.5785594
72.334;0.2293812;0.5794004
72.335;0.2295781;0.5802102
72.335;0.2297811;0.5810524
72.355;0.2301715;0.581552
72.356;0.2303985;0.5821704
72.357;0.2306862;0.5829372
72.357;0.2307368;0.583339
72.376;0.230902;0.5843343
72.377;0.2309568;0.5845777
72.378;0.2310193;0.5848736
72.379;0.2309699;0.5850776
72.397;0.2308799;0.5855262
72.398;0.2307512;0.5854979
72.399;0.2305675;0.5856504
72.419;0.2304756;0.5859721
72.441;0.2303887;0.5856862
72.442;0.2303686;0.5858419
72.442;0.2304304;0.5857601
72.443;0.2304536;0.5859821
72.443;0.2305031;0.5861325
72.444;0.23061;0.5869699
72.444;0.230879;0.5869529
72.462;0.2308963;0.5876001
72.463;0.2310019;0.5878044
72.464;0.2308779;0.5888131
72.483;0.2309667;0.5892682
72.484;0.2308717;0.5901201
72.485;0.2309954;0.5905157
72.486;0.2309354;0.5909171
72.505;0.2308093;0.5916181
72.506;0.2308462;0.5922508
72.507;0.23098;0.5927347
72.508;0.2310948;0.5934329
72.527;0.2311698;0.5938125
72.528;0.2313116;0.5946888
72.529;0.2314759;0.5946386
72.53;0.2316286;0.5949748
72.548;0.2318426;0.5951201
72.549;0.2318275;0.5955883
72.55;0.2319579;0.5954392
72.559;0.2320676;0.5955523
72.569;0.2322181;0.5954311
72.57;0.232285;0.5955005
72.571;0.2323566;0.5953566
72.571;0.2324212;0.5959228
72.591;0.2325709;0.5957884
72.592;0.2326142;0.59611
72.592;0.2328354;0.5960861
72.593;0.2327591;0.5963192
72.613;0.2330352;0.5961003
72.614;0.2330257;0.5964302
72.615;0.2332297;0.5966273
72.616;0.2332243;0.5969536
72.635;0.2333642;0.5971043
72.636;0.2335277;0.597672
72.637;0.2336009;0.597784
72.638;0.2337302;0.5988511
72.657;0.2339296;0.5992686
72.658;0.2340957;0.6000485
72.659;0.234297;0.6008246
72.659;0.2346669;0.6017128
72.679;0.2348914;0.6026924
72.68;0.2350912;0.6036689
72.681;0.2356018;0.6048063
72.682;0.2359454;0.6055532
72.701;0.2362633;0.6068623
72.702;0.2364607;0.6076429
72.722;0.2368944;0.6085033
72.723;0.2370106;0.6091028
72.724;0.2372519;0.609733
72.725;0.2373021;0.6101285
72.744;0.2373194;0.6106704
72.745;0.237348;0.6106682
72.745;0.2372918;0.6110886
72.746;0.2372728;0.611604
72.765;0.2370833;0.6115781
72.765;0.2371026;0.6119837
72.766;0.2369936;0.611823
72.767;0.2370494;0.612353
72.767;0.2370545;0.6116157
72.787;0.2371073;0.6120119
72.787;0.2370794;0.6116595
72.788;0.2366466;0.6114283
72.808;0.2362607;0.6108561
72.808;0.2356012;0.6099596
72.809;0.2347216;0.6092956
72.809;0.2341721;0.60808
72.829;0.2333922;0.6076701
72.829;0.2327678;0.6062113
72.83;0.2319345;0.6058654
72.83;0.2318129;0.6051126
72.85;0.2316183;0.6049095
72.85;0.2318118;0.6046432
72.851;0.2320953;0.6046951
72.852;0.2322532;0.6048329
72.871;0.2324809;0.6054288
72.871;0.232759;0.6059531
72.872;0.2331944;0.6063827
72.873;0.2334016;0.6071659
72.893;0.2337433;0.6076442
72.894;0.2338233;0.608909
72.894;0.2340735;0.6096222
72.895;0.2339425;0.6110758
72.914;0.2340983;0.6115484
72.915;0.2337581;0.6130553
72.916;0.2338145;0.6137179
72.916;0.2336372;0.6150253
72.937;0.2335962;0.6156659
72.938;0.2333859;0.616403
72.938;0.2333419;0.6166117
72.939;0.2333645;0.6164514
72.959;0.2331796;0.6164382
72.96;0.2338101;0.614907
73.174;0.2335579;0.6141424
