circular2Timestamp;circular2XPos;circular2YPos;circular2newCorr;circular2smoothCorr
27.6610061;;;0;0
27.6670221;;;0;0
27.673;0;0;;
27.674;0;0;;
27.676;-0.7049068;0.6104671;;
27.677;-0.8919137;0.7724199;;
27.679;-0.9868239;0.8546145;;
27.706;-0.975414;0.8513227;;
27.707;-0.9753312;0.8512987;;
27.7076329;;;0.579825711910217;0.193275237303406
27.673;0;0;;
27.674;0;0;;
27.676;-0.7049068;0.6104671;;
27.677;-0.8919137;0.7724199;;
27.679;-0.9868239;0.8546145;;
27.706;-0.975414;0.8513227;;
27.707;-0.9753312;0.8512987;;
27.708;-0.9705405;0.8483353;;
27.709;-0.9705405;0.8483353;;
27.709137;;;0.386839011141173;0.241666180762848
27.673;0;0;;
27.674;0;0;;
27.676;-0.7049068;0.6104671;;
27.677;-0.8919137;0.7724199;;
27.679;-0.9868239;0.8546145;;
27.706;-0.975414;0.8513227;;
27.707;-0.9753312;0.8512987;;
27.708;-0.9705405;0.8483353;;
27.709;-0.9705405;0.8483353;;
27.711;-0.9705405;0.8483353;;
27.712;-0.9705405;0.8483353;;
27.713;-0.9705405;0.8483353;;
27.714;-0.9705405;0.8483353;;
27.739;-0.9637029;0.8440289;;
27.74;-0.9636642;0.8440045;;
27.742;-0.9636425;0.8439909;;
27.743;-0.9636355;0.8439865;;
27.744;-0.9636346;0.8439859;;
27.773;-0.9445904;0.8315743;;
27.776;-0.9444408;0.8314767;;
27.777;-0.9444323;0.8314711;;
27.778;-0.9444289;0.831469;;
27.779;-0.9444271;0.8314678;;
27.7919532;;;0.250755802545536;0.243484105119385
27.673;0;0;;
27.674;0;0;;
27.676;-0.7049068;0.6104671;;
27.677;-0.8919137;0.7724199;;
27.679;-0.9868239;0.8546145;;
27.706;-0.975414;0.8513227;;
27.707;-0.9753312;0.8512987;;
27.708;-0.9705405;0.8483353;;
27.709;-0.9705405;0.8483353;;
27.711;-0.9705405;0.8483353;;
27.712;-0.9705405;0.8483353;;
27.713;-0.9705405;0.8483353;;
27.714;-0.9705405;0.8483353;;
27.739;-0.9637029;0.8440289;;
27.74;-0.9636642;0.8440045;;
27.742;-0.9636425;0.8439909;;
27.743;-0.9636355;0.8439865;;
27.744;-0.9636346;0.8439859;;
27.773;-0.9445904;0.8315743;;
27.776;-0.9444408;0.8314767;;
27.777;-0.9444323;0.8314711;;
27.778;-0.9444289;0.831469;;
27.779;-0.9444271;0.8314678;;
27.8044924;;;0.250755802545536;0.24469605469041
27.673;0;0;;
27.674;0;0;;
27.676;-0.7049068;0.6104671;;
27.677;-0.8919137;0.7724199;;
27.679;-0.9868239;0.8546145;;
27.706;-0.975414;0.8513227;;
27.707;-0.9753312;0.8512987;;
27.708;-0.9705405;0.8483353;;
27.709;-0.9705405;0.8483353;;
27.711;-0.9705405;0.8483353;;
27.712;-0.9705405;0.8483353;;
27.713;-0.9705405;0.8483353;;
27.714;-0.9705405;0.8483353;;
27.739;-0.9637029;0.8440289;;
27.74;-0.9636642;0.8440045;;
27.742;-0.9636425;0.8439909;;
27.743;-0.9636355;0.8439865;;
27.744;-0.9636346;0.8439859;;
27.773;-0.9445904;0.8315743;;
27.776;-0.9444408;0.8314767;;
27.777;-0.9444323;0.8314711;;
27.778;-0.9444289;0.831469;;
27.779;-0.9444271;0.8314678;;
27.807;-0.9348569;0.8249922;;
27.808;-0.9347993;0.8249532;;
27.81;-0.9347762;0.8249376;;
27.811;-0.9347714;0.8249344;;
27.812;-0.9347707;0.8249339;;
27.812;-0.9347706;0.8249338;;
27.841;-0.9125066;0.809225;;
27.842;-0.9123922;0.8091443;;
27.843;-0.9123451;0.809111;;
27.845;-0.9123178;0.8090917;;
27.846;-0.9123141;0.8090892;;
27.847;-0.9123126;0.8090881;;
27.848;-0.9123123;0.8090879;;
27.848;-0.9123122;0.8090878;;
27.8734251;;;0.204404316223743;0.238940092052315
27.673;0;0;;
27.674;0;0;;
27.676;-0.7049068;0.6104671;;
27.677;-0.8919137;0.7724199;;
27.679;-0.9868239;0.8546145;;
27.706;-0.975414;0.8513227;;
27.707;-0.9753312;0.8512987;;
27.708;-0.9705405;0.8483353;;
27.709;-0.9705405;0.8483353;;
27.711;-0.9705405;0.8483353;;
27.712;-0.9705405;0.8483353;;
27.713;-0.9705405;0.8483353;;
27.714;-0.9705405;0.8483353;;
27.739;-0.9637029;0.8440289;;
27.74;-0.9636642;0.8440045;;
27.742;-0.9636425;0.8439909;;
27.743;-0.9636355;0.8439865;;
27.744;-0.9636346;0.8439859;;
27.773;-0.9445904;0.8315743;;
27.776;-0.9444408;0.8314767;;
27.777;-0.9444323;0.8314711;;
27.778;-0.9444289;0.831469;;
27.779;-0.9444271;0.8314678;;
27.807;-0.9348569;0.8249922;;
27.808;-0.9347993;0.8249532;;
27.81;-0.9347762;0.8249376;;
27.811;-0.9347714;0.8249344;;
27.812;-0.9347707;0.8249339;;
27.812;-0.9347706;0.8249338;;
27.841;-0.9125066;0.809225;;
27.842;-0.9123922;0.8091443;;
27.843;-0.9123451;0.809111;;
27.845;-0.9123178;0.8090917;;
27.846;-0.9123141;0.8090892;;
27.847;-0.9123126;0.8090881;;
27.848;-0.9123123;0.8090879;;
27.848;-0.9123122;0.8090878;;
27.875;-0.9014807;0.8011084;;
27.876;-0.9014807;0.8011084;;
27.879;-0.9014807;0.8011084;;
27.88;-0.9014807;0.8011084;;
27.8819477;;;0.122709949392103;0.224411324219789
27.673;0;0;;
27.674;0;0;;
27.676;-0.7049068;0.6104671;;
27.677;-0.8919137;0.7724199;;
27.679;-0.9868239;0.8546145;;
27.706;-0.975414;0.8513227;;
27.707;-0.9753312;0.8512987;;
27.708;-0.9705405;0.8483353;;
27.709;-0.9705405;0.8483353;;
27.711;-0.9705405;0.8483353;;
27.712;-0.9705405;0.8483353;;
27.713;-0.9705405;0.8483353;;
27.714;-0.9705405;0.8483353;;
27.739;-0.9637029;0.8440289;;
27.74;-0.9636642;0.8440045;;
27.742;-0.9636425;0.8439909;;
27.743;-0.9636355;0.8439865;;
27.744;-0.9636346;0.8439859;;
27.773;-0.9445904;0.8315743;;
27.776;-0.9444408;0.8314767;;
27.777;-0.9444323;0.8314711;;
27.778;-0.9444289;0.831469;;
27.779;-0.9444271;0.8314678;;
27.807;-0.9348569;0.8249922;;
27.808;-0.9347993;0.8249532;;
27.81;-0.9347762;0.8249376;;
27.811;-0.9347714;0.8249344;;
27.812;-0.9347707;0.8249339;;
27.812;-0.9347706;0.8249338;;
27.841;-0.9125066;0.809225;;
27.842;-0.9123922;0.8091443;;
27.843;-0.9123451;0.809111;;
27.845;-0.9123178;0.8090917;;
27.846;-0.9123141;0.8090892;;
27.847;-0.9123126;0.8090881;;
27.848;-0.9123123;0.8090879;;
27.848;-0.9123122;0.8090878;;
27.875;-0.9014807;0.8011084;;
27.876;-0.9014807;0.8011084;;
27.879;-0.9014807;0.8011084;;
27.88;-0.9014807;0.8011084;;
27.881;-0.9014807;0.8011084;;
27.883;-0.9014807;0.8011084;;
27.91;-0.8922197;0.7941052;;
27.911;-0.8922197;0.7941052;;
27.914;-0.8922197;0.7941052;;
27.916;-0.8922197;0.7941052;;
27.917;-0.8922197;0.7941052;;
27.918;-0.8922197;0.7941052;;
27.943;-0.8740268;0.7798377;;
27.945;-0.873773;0.7796386;;
27.947;-0.8736952;0.7795776;;
27.948;-0.8736609;0.7795507;;
27.9484627;;;0.0216510810037052;0.20188240830689
27.673;0;0;;
27.674;0;0;;
27.676;-0.7049068;0.6104671;;
27.677;-0.8919137;0.7724199;;
27.679;-0.9868239;0.8546145;;
27.706;-0.975414;0.8513227;;
27.707;-0.9753312;0.8512987;;
27.708;-0.9705405;0.8483353;;
27.709;-0.9705405;0.8483353;;
27.711;-0.9705405;0.8483353;;
27.712;-0.9705405;0.8483353;;
27.713;-0.9705405;0.8483353;;
27.714;-0.9705405;0.8483353;;
27.739;-0.9637029;0.8440289;;
27.74;-0.9636642;0.8440045;;
27.742;-0.9636425;0.8439909;;
27.743;-0.9636355;0.8439865;;
27.744;-0.9636346;0.8439859;;
27.773;-0.9445904;0.8315743;;
27.776;-0.9444408;0.8314767;;
27.777;-0.9444323;0.8314711;;
27.778;-0.9444289;0.831469;;
27.779;-0.9444271;0.8314678;;
27.807;-0.9348569;0.8249922;;
27.808;-0.9347993;0.8249532;;
27.81;-0.9347762;0.8249376;;
27.811;-0.9347714;0.8249344;;
27.812;-0.9347707;0.8249339;;
27.812;-0.9347706;0.8249338;;
27.841;-0.9125066;0.809225;;
27.842;-0.9123922;0.8091443;;
27.843;-0.9123451;0.809111;;
27.845;-0.9123178;0.8090917;;
27.846;-0.9123141;0.8090892;;
27.847;-0.9123126;0.8090881;;
27.848;-0.9123123;0.8090879;;
27.848;-0.9123122;0.8090878;;
27.875;-0.9014807;0.8011084;;
27.876;-0.9014807;0.8011084;;
27.879;-0.9014807;0.8011084;;
27.88;-0.9014807;0.8011084;;
27.881;-0.9014807;0.8011084;;
27.883;-0.9014807;0.8011084;;
27.91;-0.8922197;0.7941052;;
27.911;-0.8922197;0.7941052;;
27.914;-0.8922197;0.7941052;;
27.916;-0.8922197;0.7941052;;
27.917;-0.8922197;0.7941052;;
27.918;-0.8922197;0.7941052;;
27.943;-0.8740268;0.7798377;;
27.945;-0.873773;0.7796386;;
27.947;-0.8736952;0.7795776;;
27.948;-0.8736609;0.7795507;;
27.966012;;;0.0216510810037052;0.183859275576572
27.739;-0.9637029;0.8440289;;
27.74;-0.9636642;0.8440045;;
27.742;-0.9636425;0.8439909;;
27.743;-0.9636355;0.8439865;;
27.744;-0.9636346;0.8439859;;
27.773;-0.9445904;0.8315743;;
27.776;-0.9444408;0.8314767;;
27.777;-0.9444323;0.8314711;;
27.778;-0.9444289;0.831469;;
27.779;-0.9444271;0.8314678;;
27.807;-0.9348569;0.8249922;;
27.808;-0.9347993;0.8249532;;
27.81;-0.9347762;0.8249376;;
27.811;-0.9347714;0.8249344;;
27.812;-0.9347707;0.8249339;;
27.812;-0.9347706;0.8249338;;
27.841;-0.9125066;0.809225;;
27.842;-0.9123922;0.8091443;;
27.843;-0.9123451;0.809111;;
27.845;-0.9123178;0.8090917;;
27.846;-0.9123141;0.8090892;;
27.847;-0.9123126;0.8090881;;
27.848;-0.9123123;0.8090879;;
27.848;-0.9123122;0.8090878;;
27.875;-0.9014807;0.8011084;;
27.876;-0.9014807;0.8011084;;
27.879;-0.9014807;0.8011084;;
27.88;-0.9014807;0.8011084;;
27.881;-0.9014807;0.8011084;;
27.883;-0.9014807;0.8011084;;
27.91;-0.8922197;0.7941052;;
27.911;-0.8922197;0.7941052;;
27.914;-0.8922197;0.7941052;;
27.916;-0.8922197;0.7941052;;
27.917;-0.8922197;0.7941052;;
27.918;-0.8922197;0.7941052;;
27.943;-0.8740268;0.7798377;;
27.945;-0.873773;0.7796386;;
27.947;-0.8736952;0.7795776;;
27.948;-0.8736609;0.7795507;;
27.949;-0.8661031;0.7734175;;
27.949;-0.8661031;0.7734175;;
27.978;-0.8661031;0.7734175;;
27.979;-0.8661031;0.7734175;;
27.981;-0.8661031;0.7734175;;
27.982;-0.8661031;0.7734175;;
27.983;-0.8661031;0.7734175;;
27.983;-0.8661031;0.7734175;;
28.011;-0.8439646;0.7547252;;
28.013;-0.8438412;0.754621;;
28.015;-0.8437943;0.7545813;;
28.016;-0.84377;0.7545608;;
28.017;-0.8437666;0.754558;;
28.018;-0.8437658;0.7545573;;
28.0191543;;;0.83248598114542;0.242825339719194
27.739;-0.9637029;0.8440289;;
27.74;-0.9636642;0.8440045;;
27.742;-0.9636425;0.8439909;;
27.743;-0.9636355;0.8439865;;
27.744;-0.9636346;0.8439859;;
27.773;-0.9445904;0.8315743;;
27.776;-0.9444408;0.8314767;;
27.777;-0.9444323;0.8314711;;
27.778;-0.9444289;0.831469;;
27.779;-0.9444271;0.8314678;;
27.807;-0.9348569;0.8249922;;
27.808;-0.9347993;0.8249532;;
27.81;-0.9347762;0.8249376;;
27.811;-0.9347714;0.8249344;;
27.812;-0.9347707;0.8249339;;
27.812;-0.9347706;0.8249338;;
27.841;-0.9125066;0.809225;;
27.842;-0.9123922;0.8091443;;
27.843;-0.9123451;0.809111;;
27.845;-0.9123178;0.8090917;;
27.846;-0.9123141;0.8090892;;
27.847;-0.9123126;0.8090881;;
27.848;-0.9123123;0.8090879;;
27.848;-0.9123122;0.8090878;;
27.875;-0.9014807;0.8011084;;
27.876;-0.9014807;0.8011084;;
27.879;-0.9014807;0.8011084;;
27.88;-0.9014807;0.8011084;;
27.881;-0.9014807;0.8011084;;
27.883;-0.9014807;0.8011084;;
27.91;-0.8922197;0.7941052;;
27.911;-0.8922197;0.7941052;;
27.914;-0.8922197;0.7941052;;
27.916;-0.8922197;0.7941052;;
27.917;-0.8922197;0.7941052;;
27.918;-0.8922197;0.7941052;;
27.943;-0.8740268;0.7798377;;
27.945;-0.873773;0.7796386;;
27.947;-0.8736952;0.7795776;;
27.948;-0.8736609;0.7795507;;
27.949;-0.8661031;0.7734175;;
27.949;-0.8661031;0.7734175;;
27.978;-0.8661031;0.7734175;;
27.979;-0.8661031;0.7734175;;
27.981;-0.8661031;0.7734175;;
27.982;-0.8661031;0.7734175;;
27.983;-0.8661031;0.7734175;;
27.983;-0.8661031;0.7734175;;
28.011;-0.8439646;0.7547252;;
28.013;-0.8438412;0.754621;;
28.015;-0.8437943;0.7545813;;
28.016;-0.84377;0.7545608;;
28.017;-0.8437666;0.754558;;
28.018;-0.8437658;0.7545573;;
28.0326893;;;0.83248598114542;0.291963726504713
27.807;-0.9348569;0.8249922;;
27.808;-0.9347993;0.8249532;;
27.81;-0.9347762;0.8249376;;
27.811;-0.9347714;0.8249344;;
27.812;-0.9347707;0.8249339;;
27.812;-0.9347706;0.8249338;;
27.841;-0.9125066;0.809225;;
27.842;-0.9123922;0.8091443;;
27.843;-0.9123451;0.809111;;
27.845;-0.9123178;0.8090917;;
27.846;-0.9123141;0.8090892;;
27.847;-0.9123126;0.8090881;;
27.848;-0.9123123;0.8090879;;
27.848;-0.9123122;0.8090878;;
27.875;-0.9014807;0.8011084;;
27.876;-0.9014807;0.8011084;;
27.879;-0.9014807;0.8011084;;
27.88;-0.9014807;0.8011084;;
27.881;-0.9014807;0.8011084;;
27.883;-0.9014807;0.8011084;;
27.91;-0.8922197;0.7941052;;
27.911;-0.8922197;0.7941052;;
27.914;-0.8922197;0.7941052;;
27.916;-0.8922197;0.7941052;;
27.917;-0.8922197;0.7941052;;
27.918;-0.8922197;0.7941052;;
27.943;-0.8740268;0.7798377;;
27.945;-0.873773;0.7796386;;
27.947;-0.8736952;0.7795776;;
27.948;-0.8736609;0.7795507;;
27.949;-0.8661031;0.7734175;;
27.949;-0.8661031;0.7734175;;
27.978;-0.8661031;0.7734175;;
27.979;-0.8661031;0.7734175;;
27.981;-0.8661031;0.7734175;;
27.982;-0.8661031;0.7734175;;
27.983;-0.8661031;0.7734175;;
27.983;-0.8661031;0.7734175;;
28.011;-0.8439646;0.7547252;;
28.013;-0.8438412;0.754621;;
28.015;-0.8437943;0.7545813;;
28.016;-0.84377;0.7545608;;
28.017;-0.8437666;0.754558;;
28.018;-0.8437658;0.7545573;;
28.045;-0.8394434;0.7507759;;
28.047;-0.8393785;0.7507191;;
28.049;-0.8393672;0.7507091;;
28.05;-0.8393652;0.7507074;;
28.05;-0.8393648;0.750707;;
28.051;-0.839364;0.7507064;;
28.079;-0.81947;0.7327158;;
28.081;-0.8193555;0.7326124;;
28.084;-0.8193089;0.7325702;;
28.085;-0.8192955;0.7325581;;
28.0863323;;;-0.201804467021169;0.253981557771953
27.807;-0.9348569;0.8249922;;
27.808;-0.9347993;0.8249532;;
27.81;-0.9347762;0.8249376;;
27.811;-0.9347714;0.8249344;;
27.812;-0.9347707;0.8249339;;
27.812;-0.9347706;0.8249338;;
27.841;-0.9125066;0.809225;;
27.842;-0.9123922;0.8091443;;
27.843;-0.9123451;0.809111;;
27.845;-0.9123178;0.8090917;;
27.846;-0.9123141;0.8090892;;
27.847;-0.9123126;0.8090881;;
27.848;-0.9123123;0.8090879;;
27.848;-0.9123122;0.8090878;;
27.875;-0.9014807;0.8011084;;
27.876;-0.9014807;0.8011084;;
27.879;-0.9014807;0.8011084;;
27.88;-0.9014807;0.8011084;;
27.881;-0.9014807;0.8011084;;
27.883;-0.9014807;0.8011084;;
27.91;-0.8922197;0.7941052;;
27.911;-0.8922197;0.7941052;;
27.914;-0.8922197;0.7941052;;
27.916;-0.8922197;0.7941052;;
27.917;-0.8922197;0.7941052;;
27.918;-0.8922197;0.7941052;;
27.943;-0.8740268;0.7798377;;
27.945;-0.873773;0.7796386;;
27.947;-0.8736952;0.7795776;;
27.948;-0.8736609;0.7795507;;
27.949;-0.8661031;0.7734175;;
27.949;-0.8661031;0.7734175;;
27.978;-0.8661031;0.7734175;;
27.979;-0.8661031;0.7734175;;
27.981;-0.8661031;0.7734175;;
27.982;-0.8661031;0.7734175;;
27.983;-0.8661031;0.7734175;;
27.983;-0.8661031;0.7734175;;
28.011;-0.8439646;0.7547252;;
28.013;-0.8438412;0.754621;;
28.015;-0.8437943;0.7545813;;
28.016;-0.84377;0.7545608;;
28.017;-0.8437666;0.754558;;
28.018;-0.8437658;0.7545573;;
28.045;-0.8394434;0.7507759;;
28.047;-0.8393785;0.7507191;;
28.049;-0.8393672;0.7507091;;
28.05;-0.8393652;0.7507074;;
28.05;-0.8393648;0.750707;;
28.051;-0.839364;0.7507064;;
28.079;-0.81947;0.7327158;;
28.081;-0.8193555;0.7326124;;
28.084;-0.8193089;0.7325702;;
28.085;-0.8192955;0.7325581;;
28.106391;;;-0.201804467021169;0.221425413143873
27.875;-0.9014807;0.8011084;;
27.876;-0.9014807;0.8011084;;
27.879;-0.9014807;0.8011084;;
27.88;-0.9014807;0.8011084;;
27.881;-0.9014807;0.8011084;;
27.883;-0.9014807;0.8011084;;
27.91;-0.8922197;0.7941052;;
27.911;-0.8922197;0.7941052;;
27.914;-0.8922197;0.7941052;;
27.916;-0.8922197;0.7941052;;
27.917;-0.8922197;0.7941052;;
27.918;-0.8922197;0.7941052;;
27.943;-0.8740268;0.7798377;;
27.945;-0.873773;0.7796386;;
27.947;-0.8736952;0.7795776;;
27.948;-0.8736609;0.7795507;;
27.949;-0.8661031;0.7734175;;
27.949;-0.8661031;0.7734175;;
27.978;-0.8661031;0.7734175;;
27.979;-0.8661031;0.7734175;;
27.981;-0.8661031;0.7734175;;
27.982;-0.8661031;0.7734175;;
27.983;-0.8661031;0.7734175;;
27.983;-0.8661031;0.7734175;;
28.011;-0.8439646;0.7547252;;
28.013;-0.8438412;0.754621;;
28.015;-0.8437943;0.7545813;;
28.016;-0.84377;0.7545608;;
28.017;-0.8437666;0.754558;;
28.018;-0.8437658;0.7545573;;
28.045;-0.8394434;0.7507759;;
28.047;-0.8393785;0.7507191;;
28.049;-0.8393672;0.7507091;;
28.05;-0.8393652;0.7507074;;
28.05;-0.8393648;0.750707;;
28.051;-0.839364;0.7507064;;
28.079;-0.81947;0.7327158;;
28.081;-0.8193555;0.7326124;;
28.084;-0.8193089;0.7325702;;
28.085;-0.8192955;0.7325581;;
28.086;-0.8169821;0.7304;;
28.087;-0.8167521;0.7301855;;
28.113;-0.8164722;0.7299244;;
28.113;-0.8164467;0.7299005;;
28.115;-0.8164467;0.7299005;;
28.116;-0.8164467;0.7299005;;
28.117;-0.8164467;0.7299005;;
28.118;-0.8164467;0.7299005;;
28.147;-0.7930329;0.70724;;
28.149;-0.7928991;0.7071105;;
28.151;-0.7928546;0.7070674;;
28.1530267;;;-0.82709277530135;0.151524200580858
27.875;-0.9014807;0.8011084;;
27.876;-0.9014807;0.8011084;;
27.879;-0.9014807;0.8011084;;
27.88;-0.9014807;0.8011084;;
27.881;-0.9014807;0.8011084;;
27.883;-0.9014807;0.8011084;;
27.91;-0.8922197;0.7941052;;
27.911;-0.8922197;0.7941052;;
27.914;-0.8922197;0.7941052;;
27.916;-0.8922197;0.7941052;;
27.917;-0.8922197;0.7941052;;
27.918;-0.8922197;0.7941052;;
27.943;-0.8740268;0.7798377;;
27.945;-0.873773;0.7796386;;
27.947;-0.8736952;0.7795776;;
27.948;-0.8736609;0.7795507;;
27.949;-0.8661031;0.7734175;;
27.949;-0.8661031;0.7734175;;
27.978;-0.8661031;0.7734175;;
27.979;-0.8661031;0.7734175;;
27.981;-0.8661031;0.7734175;;
27.982;-0.8661031;0.7734175;;
27.983;-0.8661031;0.7734175;;
27.983;-0.8661031;0.7734175;;
28.011;-0.8439646;0.7547252;;
28.013;-0.8438412;0.754621;;
28.015;-0.8437943;0.7545813;;
28.016;-0.84377;0.7545608;;
28.017;-0.8437666;0.754558;;
28.018;-0.8437658;0.7545573;;
28.045;-0.8394434;0.7507759;;
28.047;-0.8393785;0.7507191;;
28.049;-0.8393672;0.7507091;;
28.05;-0.8393652;0.7507074;;
28.05;-0.8393648;0.750707;;
28.051;-0.839364;0.7507064;;
28.079;-0.81947;0.7327158;;
28.081;-0.8193555;0.7326124;;
28.084;-0.8193089;0.7325702;;
28.085;-0.8192955;0.7325581;;
28.086;-0.8169821;0.7304;;
28.087;-0.8167521;0.7301855;;
28.113;-0.8164722;0.7299244;;
28.113;-0.8164467;0.7299005;;
28.115;-0.8164467;0.7299005;;
28.116;-0.8164467;0.7299005;;
28.117;-0.8164467;0.7299005;;
28.118;-0.8164467;0.7299005;;
28.147;-0.7930329;0.70724;;
28.149;-0.7928991;0.7071105;;
28.151;-0.7928546;0.7070674;;
28.1690689;;;-0.82709277530135;0.09036063958822
27.943;-0.8740268;0.7798377;;
27.945;-0.873773;0.7796386;;
27.947;-0.8736952;0.7795776;;
27.948;-0.8736609;0.7795507;;
27.949;-0.8661031;0.7734175;;
27.949;-0.8661031;0.7734175;;
27.978;-0.8661031;0.7734175;;
27.979;-0.8661031;0.7734175;;
27.981;-0.8661031;0.7734175;;
27.982;-0.8661031;0.7734175;;
27.983;-0.8661031;0.7734175;;
27.983;-0.8661031;0.7734175;;
28.011;-0.8439646;0.7547252;;
28.013;-0.8438412;0.754621;;
28.015;-0.8437943;0.7545813;;
28.016;-0.84377;0.7545608;;
28.017;-0.8437666;0.754558;;
28.018;-0.8437658;0.7545573;;
28.045;-0.8394434;0.7507759;;
28.047;-0.8393785;0.7507191;;
28.049;-0.8393672;0.7507091;;
28.05;-0.8393652;0.7507074;;
28.05;-0.8393648;0.750707;;
28.051;-0.839364;0.7507064;;
28.079;-0.81947;0.7327158;;
28.081;-0.8193555;0.7326124;;
28.084;-0.8193089;0.7325702;;
28.085;-0.8192955;0.7325581;;
28.086;-0.8169821;0.7304;;
28.087;-0.8167521;0.7301855;;
28.113;-0.8164722;0.7299244;;
28.113;-0.8164467;0.7299005;;
28.115;-0.8164467;0.7299005;;
28.116;-0.8164467;0.7299005;;
28.117;-0.8164467;0.7299005;;
28.118;-0.8164467;0.7299005;;
28.147;-0.7930329;0.70724;;
28.149;-0.7928991;0.7071105;;
28.151;-0.7928546;0.7070674;;
28.153;-0.7919246;0.7061357;;
28.153;-0.7918231;0.7060341;;
28.155;-0.7914083;0.7056185;;
28.181;-0.7913253;0.7055354;;
28.183;-0.7913174;0.7055274;;
28.185;-0.7913144;0.7055244;;
28.186;-0.7913128;0.7055228;;
28.187;-0.7913125;0.7055225;;
28.188;-0.7913125;0.7055225;;
28.215;-0.7701601;0.6836116;;
28.216;-0.7699966;0.6834424;;
28.217;-0.7699674;0.6834121;;
28.218;-0.7699623;0.6834068;;
28.219;-0.7699613;0.6834058;;
28.2199142;;;-0.782692765970405;0.0390045569083009
27.943;-0.8740268;0.7798377;;
27.945;-0.873773;0.7796386;;
27.947;-0.8736952;0.7795776;;
27.948;-0.8736609;0.7795507;;
27.949;-0.8661031;0.7734175;;
27.949;-0.8661031;0.7734175;;
27.978;-0.8661031;0.7734175;;
27.979;-0.8661031;0.7734175;;
27.981;-0.8661031;0.7734175;;
27.982;-0.8661031;0.7734175;;
27.983;-0.8661031;0.7734175;;
27.983;-0.8661031;0.7734175;;
28.011;-0.8439646;0.7547252;;
28.013;-0.8438412;0.754621;;
28.015;-0.8437943;0.7545813;;
28.016;-0.84377;0.7545608;;
28.017;-0.8437666;0.754558;;
28.018;-0.8437658;0.7545573;;
28.045;-0.8394434;0.7507759;;
28.047;-0.8393785;0.7507191;;
28.049;-0.8393672;0.7507091;;
28.05;-0.8393652;0.7507074;;
28.05;-0.8393648;0.750707;;
28.051;-0.839364;0.7507064;;
28.079;-0.81947;0.7327158;;
28.081;-0.8193555;0.7326124;;
28.084;-0.8193089;0.7325702;;
28.085;-0.8192955;0.7325581;;
28.086;-0.8169821;0.7304;;
28.087;-0.8167521;0.7301855;;
28.113;-0.8164722;0.7299244;;
28.113;-0.8164467;0.7299005;;
28.115;-0.8164467;0.7299005;;
28.116;-0.8164467;0.7299005;;
28.117;-0.8164467;0.7299005;;
28.118;-0.8164467;0.7299005;;
28.147;-0.7930329;0.70724;;
28.149;-0.7928991;0.7071105;;
28.151;-0.7928546;0.7070674;;
28.153;-0.7919246;0.7061357;;
28.153;-0.7918231;0.7060341;;
28.155;-0.7914083;0.7056185;;
28.181;-0.7913253;0.7055354;;
28.183;-0.7913174;0.7055274;;
28.185;-0.7913144;0.7055244;;
28.186;-0.7913128;0.7055228;;
28.187;-0.7913125;0.7055225;;
28.188;-0.7913125;0.7055225;;
28.215;-0.7701601;0.6836116;;
28.216;-0.7699966;0.6834424;;
28.217;-0.7699674;0.6834121;;
28.218;-0.7699623;0.6834068;;
28.219;-0.7699613;0.6834058;;
28.2329524;;;-0.782692765970405;-0.00664529436273834
28.011;-0.8439646;0.7547252;;
28.013;-0.8438412;0.754621;;
28.015;-0.8437943;0.7545813;;
28.016;-0.84377;0.7545608;;
28.017;-0.8437666;0.754558;;
28.018;-0.8437658;0.7545573;;
28.045;-0.8394434;0.7507759;;
28.047;-0.8393785;0.7507191;;
28.049;-0.8393672;0.7507091;;
28.05;-0.8393652;0.7507074;;
28.05;-0.8393648;0.750707;;
28.051;-0.839364;0.7507064;;
28.079;-0.81947;0.7327158;;
28.081;-0.8193555;0.7326124;;
28.084;-0.8193089;0.7325702;;
28.085;-0.8192955;0.7325581;;
28.086;-0.8169821;0.7304;;
28.087;-0.8167521;0.7301855;;
28.113;-0.8164722;0.7299244;;
28.113;-0.8164467;0.7299005;;
28.115;-0.8164467;0.7299005;;
28.116;-0.8164467;0.7299005;;
28.117;-0.8164467;0.7299005;;
28.118;-0.8164467;0.7299005;;
28.147;-0.7930329;0.70724;;
28.149;-0.7928991;0.7071105;;
28.151;-0.7928546;0.7070674;;
28.153;-0.7919246;0.7061357;;
28.153;-0.7918231;0.7060341;;
28.155;-0.7914083;0.7056185;;
28.181;-0.7913253;0.7055354;;
28.183;-0.7913174;0.7055274;;
28.185;-0.7913144;0.7055244;;
28.186;-0.7913128;0.7055228;;
28.187;-0.7913125;0.7055225;;
28.188;-0.7913125;0.7055225;;
28.215;-0.7701601;0.6836116;;
28.216;-0.7699966;0.6834424;;
28.217;-0.7699674;0.6834121;;
28.218;-0.7699623;0.6834068;;
28.219;-0.7699613;0.6834058;;
28.22;-0.7674114;0.6806694;;
28.249;-0.7668882;0.680108;;
28.253;-0.7594365;0.6719803;;
28.254;-0.7591248;0.6716403;;
28.255;-0.7590084;0.6715134;;
28.282;-0.748581;0.6598202;;
28.284;-0.7483628;0.6595756;;
28.285;-0.7483157;0.6595227;;
28.286;-0.7482975;0.6595023;;
28.2871038;;;0.543383065452629;0.0223035666801757
28.011;-0.8439646;0.7547252;;
28.013;-0.8438412;0.754621;;
28.015;-0.8437943;0.7545813;;
28.016;-0.84377;0.7545608;;
28.017;-0.8437666;0.754558;;
28.018;-0.8437658;0.7545573;;
28.045;-0.8394434;0.7507759;;
28.047;-0.8393785;0.7507191;;
28.049;-0.8393672;0.7507091;;
28.05;-0.8393652;0.7507074;;
28.05;-0.8393648;0.750707;;
28.051;-0.839364;0.7507064;;
28.079;-0.81947;0.7327158;;
28.081;-0.8193555;0.7326124;;
28.084;-0.8193089;0.7325702;;
28.085;-0.8192955;0.7325581;;
28.086;-0.8169821;0.7304;;
28.087;-0.8167521;0.7301855;;
28.113;-0.8164722;0.7299244;;
28.113;-0.8164467;0.7299005;;
28.115;-0.8164467;0.7299005;;
28.116;-0.8164467;0.7299005;;
28.117;-0.8164467;0.7299005;;
28.118;-0.8164467;0.7299005;;
28.147;-0.7930329;0.70724;;
28.149;-0.7928991;0.7071105;;
28.151;-0.7928546;0.7070674;;
28.153;-0.7919246;0.7061357;;
28.153;-0.7918231;0.7060341;;
28.155;-0.7914083;0.7056185;;
28.181;-0.7913253;0.7055354;;
28.183;-0.7913174;0.7055274;;
28.185;-0.7913144;0.7055244;;
28.186;-0.7913128;0.7055228;;
28.187;-0.7913125;0.7055225;;
28.188;-0.7913125;0.7055225;;
28.215;-0.7701601;0.6836116;;
28.216;-0.7699966;0.6834424;;
28.217;-0.7699674;0.6834121;;
28.218;-0.7699623;0.6834068;;
28.219;-0.7699613;0.6834058;;
28.22;-0.7674114;0.6806694;;
28.249;-0.7668882;0.680108;;
28.253;-0.7594365;0.6719803;;
28.254;-0.7591248;0.6716403;;
28.255;-0.7590084;0.6715134;;
28.282;-0.748581;0.6598202;;
28.284;-0.7483628;0.6595756;;
28.285;-0.7483157;0.6595227;;
28.286;-0.7482975;0.6595023;;
28.3091624;;;0.543383065452629;0.0483575416187984
28.079;-0.81947;0.7327158;;
28.081;-0.8193555;0.7326124;;
28.084;-0.8193089;0.7325702;;
28.085;-0.8192955;0.7325581;;
28.086;-0.8169821;0.7304;;
28.087;-0.8167521;0.7301855;;
28.113;-0.8164722;0.7299244;;
28.113;-0.8164467;0.7299005;;
28.115;-0.8164467;0.7299005;;
28.116;-0.8164467;0.7299005;;
28.117;-0.8164467;0.7299005;;
28.118;-0.8164467;0.7299005;;
28.147;-0.7930329;0.70724;;
28.149;-0.7928991;0.7071105;;
28.151;-0.7928546;0.7070674;;
28.153;-0.7919246;0.7061357;;
28.153;-0.7918231;0.7060341;;
28.155;-0.7914083;0.7056185;;
28.181;-0.7913253;0.7055354;;
28.183;-0.7913174;0.7055274;;
28.185;-0.7913144;0.7055244;;
28.186;-0.7913128;0.7055228;;
28.187;-0.7913125;0.7055225;;
28.188;-0.7913125;0.7055225;;
28.215;-0.7701601;0.6836116;;
28.216;-0.7699966;0.6834424;;
28.217;-0.7699674;0.6834121;;
28.218;-0.7699623;0.6834068;;
28.219;-0.7699613;0.6834058;;
28.22;-0.7674114;0.6806694;;
28.249;-0.7668882;0.680108;;
28.253;-0.7594365;0.6719803;;
28.254;-0.7591248;0.6716403;;
28.255;-0.7590084;0.6715134;;
28.282;-0.748581;0.6598202;;
28.284;-0.7483628;0.6595756;;
28.285;-0.7483157;0.6595227;;
28.286;-0.7482975;0.6595023;;
28.287;-0.7445881;0.6552431;;
28.288;-0.7434978;0.6539911;;
28.317;-0.7358321;0.6450174;;
28.319;-0.7358321;0.6450174;;
28.321;-0.7358321;0.6450174;;
28.321;-0.7358321;0.6450174;;
28.322;-0.7358321;0.6450174;;
28.323;-0.7358321;0.6450174;;
28.351;-0.7283635;0.6360638;;
28.352;-0.7283635;0.6360638;;
28.3544701;;;0.880410514850068;0.0879791117726684
28.113;-0.8164722;0.7299244;;
28.113;-0.8164467;0.7299005;;
28.115;-0.8164467;0.7299005;;
28.116;-0.8164467;0.7299005;;
28.117;-0.8164467;0.7299005;;
28.118;-0.8164467;0.7299005;;
28.147;-0.7930329;0.70724;;
28.149;-0.7928991;0.7071105;;
28.151;-0.7928546;0.7070674;;
28.153;-0.7919246;0.7061357;;
28.153;-0.7918231;0.7060341;;
28.155;-0.7914083;0.7056185;;
28.181;-0.7913253;0.7055354;;
28.183;-0.7913174;0.7055274;;
28.185;-0.7913144;0.7055244;;
28.186;-0.7913128;0.7055228;;
28.187;-0.7913125;0.7055225;;
28.188;-0.7913125;0.7055225;;
28.215;-0.7701601;0.6836116;;
28.216;-0.7699966;0.6834424;;
28.217;-0.7699674;0.6834121;;
28.218;-0.7699623;0.6834068;;
28.219;-0.7699613;0.6834058;;
28.22;-0.7674114;0.6806694;;
28.249;-0.7668882;0.680108;;
28.253;-0.7594365;0.6719803;;
28.254;-0.7591248;0.6716403;;
28.255;-0.7590084;0.6715134;;
28.282;-0.748581;0.6598202;;
28.284;-0.7483628;0.6595756;;
28.285;-0.7483157;0.6595227;;
28.286;-0.7482975;0.6595023;;
28.287;-0.7445881;0.6552431;;
28.288;-0.7434978;0.6539911;;
28.317;-0.7358321;0.6450174;;
28.319;-0.7358321;0.6450174;;
28.321;-0.7358321;0.6450174;;
28.321;-0.7358321;0.6450174;;
28.322;-0.7358321;0.6450174;;
28.323;-0.7358321;0.6450174;;
28.351;-0.7283635;0.6360638;;
28.352;-0.7283635;0.6360638;;
28.354;-0.7231733;0.6296926;;
28.356;-0.7214687;0.6276003;;
28.357;-0.7214275;0.6275496;;
28.357;-0.7210597;0.6270981;;
28.385;-0.7136536;0.6177825;;
28.386;-0.7135622;0.6176689;;
28.388;-0.7135444;0.6176468;;
28.394;-0.7135425;0.6176444;;
28.3954332;;;0.914291289844963;0.1255387562305
28.147;-0.7930329;0.70724;;
28.149;-0.7928991;0.7071105;;
28.151;-0.7928546;0.7070674;;
28.153;-0.7919246;0.7061357;;
28.153;-0.7918231;0.7060341;;
28.155;-0.7914083;0.7056185;;
28.181;-0.7913253;0.7055354;;
28.183;-0.7913174;0.7055274;;
28.185;-0.7913144;0.7055244;;
28.186;-0.7913128;0.7055228;;
28.187;-0.7913125;0.7055225;;
28.188;-0.7913125;0.7055225;;
28.215;-0.7701601;0.6836116;;
28.216;-0.7699966;0.6834424;;
28.217;-0.7699674;0.6834121;;
28.218;-0.7699623;0.6834068;;
28.219;-0.7699613;0.6834058;;
28.22;-0.7674114;0.6806694;;
28.249;-0.7668882;0.680108;;
28.253;-0.7594365;0.6719803;;
28.254;-0.7591248;0.6716403;;
28.255;-0.7590084;0.6715134;;
28.282;-0.748581;0.6598202;;
28.284;-0.7483628;0.6595756;;
28.285;-0.7483157;0.6595227;;
28.286;-0.7482975;0.6595023;;
28.287;-0.7445881;0.6552431;;
28.288;-0.7434978;0.6539911;;
28.317;-0.7358321;0.6450174;;
28.319;-0.7358321;0.6450174;;
28.321;-0.7358321;0.6450174;;
28.321;-0.7358321;0.6450174;;
28.322;-0.7358321;0.6450174;;
28.323;-0.7358321;0.6450174;;
28.351;-0.7283635;0.6360638;;
28.352;-0.7283635;0.6360638;;
28.354;-0.7231733;0.6296926;;
28.356;-0.7214687;0.6276003;;
28.357;-0.7214275;0.6275496;;
28.357;-0.7210597;0.6270981;;
28.385;-0.7136536;0.6177825;;
28.386;-0.7135622;0.6176689;;
28.388;-0.7135444;0.6176468;;
28.394;-0.7135425;0.6176444;;
28.395;-0.7089879;0.6117762;;
28.396;-0.7065381;0.60862;;
28.421;-0.7004623;0.6006159;;
28.421;-0.7004623;0.6006159;;
28.424;-0.7004623;0.6006159;;
28.425;-0.7004623;0.6006159;;
28.426;-0.7004623;0.6006159;;
28.427;-0.7004623;0.6006159;;
28.4285313;;;0.901407907504101;0.159272197590222
28.181;-0.7913253;0.7055354;;
28.183;-0.7913174;0.7055274;;
28.185;-0.7913144;0.7055244;;
28.186;-0.7913128;0.7055228;;
28.187;-0.7913125;0.7055225;;
28.188;-0.7913125;0.7055225;;
28.215;-0.7701601;0.6836116;;
28.216;-0.7699966;0.6834424;;
28.217;-0.7699674;0.6834121;;
28.218;-0.7699623;0.6834068;;
28.219;-0.7699613;0.6834058;;
28.22;-0.7674114;0.6806694;;
28.249;-0.7668882;0.680108;;
28.253;-0.7594365;0.6719803;;
28.254;-0.7591248;0.6716403;;
28.255;-0.7590084;0.6715134;;
28.282;-0.748581;0.6598202;;
28.284;-0.7483628;0.6595756;;
28.285;-0.7483157;0.6595227;;
28.286;-0.7482975;0.6595023;;
28.287;-0.7445881;0.6552431;;
28.288;-0.7434978;0.6539911;;
28.317;-0.7358321;0.6450174;;
28.319;-0.7358321;0.6450174;;
28.321;-0.7358321;0.6450174;;
28.321;-0.7358321;0.6450174;;
28.322;-0.7358321;0.6450174;;
28.323;-0.7358321;0.6450174;;
28.351;-0.7283635;0.6360638;;
28.352;-0.7283635;0.6360638;;
28.354;-0.7231733;0.6296926;;
28.356;-0.7214687;0.6276003;;
28.357;-0.7214275;0.6275496;;
28.357;-0.7210597;0.6270981;;
28.385;-0.7136536;0.6177825;;
28.386;-0.7135622;0.6176689;;
28.388;-0.7135444;0.6176468;;
28.394;-0.7135425;0.6176444;;
28.395;-0.7089879;0.6117762;;
28.396;-0.7065381;0.60862;;
28.421;-0.7004623;0.6006159;;
28.421;-0.7004623;0.6006159;;
28.424;-0.7004623;0.6006159;;
28.425;-0.7004623;0.6006159;;
28.426;-0.7004623;0.6006159;;
28.427;-0.7004623;0.6006159;;
28.453;-0.6902418;0.5867613;;
28.454;-0.6901612;0.586652;;
28.455;-0.684928;0.5793448;;
28.456;-0.6840068;0.5780584;;
28.458;-0.6838307;0.5778125;;
28.459;-0.6838157;0.5777916;;
28.4769855;;;0.836337924679993;0.187483269552296
28.215;-0.7701601;0.6836116;;
28.216;-0.7699966;0.6834424;;
28.217;-0.7699674;0.6834121;;
28.218;-0.7699623;0.6834068;;
28.219;-0.7699613;0.6834058;;
28.22;-0.7674114;0.6806694;;
28.249;-0.7668882;0.680108;;
28.253;-0.7594365;0.6719803;;
28.254;-0.7591248;0.6716403;;
28.255;-0.7590084;0.6715134;;
28.282;-0.748581;0.6598202;;
28.284;-0.7483628;0.6595756;;
28.285;-0.7483157;0.6595227;;
28.286;-0.7482975;0.6595023;;
28.287;-0.7445881;0.6552431;;
28.288;-0.7434978;0.6539911;;
28.317;-0.7358321;0.6450174;;
28.319;-0.7358321;0.6450174;;
28.321;-0.7358321;0.6450174;;
28.321;-0.7358321;0.6450174;;
28.322;-0.7358321;0.6450174;;
28.323;-0.7358321;0.6450174;;
28.351;-0.7283635;0.6360638;;
28.352;-0.7283635;0.6360638;;
28.354;-0.7231733;0.6296926;;
28.356;-0.7214687;0.6276003;;
28.357;-0.7214275;0.6275496;;
28.357;-0.7210597;0.6270981;;
28.385;-0.7136536;0.6177825;;
28.386;-0.7135622;0.6176689;;
28.388;-0.7135444;0.6176468;;
28.394;-0.7135425;0.6176444;;
28.395;-0.7089879;0.6117762;;
28.396;-0.7065381;0.60862;;
28.421;-0.7004623;0.6006159;;
28.421;-0.7004623;0.6006159;;
28.424;-0.7004623;0.6006159;;
28.425;-0.7004623;0.6006159;;
28.426;-0.7004623;0.6006159;;
28.427;-0.7004623;0.6006159;;
28.453;-0.6902418;0.5867613;;
28.454;-0.6901612;0.586652;;
28.455;-0.684928;0.5793448;;
28.456;-0.6840068;0.5780584;;
28.458;-0.6838307;0.5778125;;
28.459;-0.6838157;0.5777916;;
28.487;-0.6823048;0.5756513;;
28.489;-0.6822867;0.5756257;;
28.492;-0.6822792;0.5756151;;
28.492;-0.6822792;0.575615;;
28.493;-0.6822785;0.575614;;
28.494;-0.6822777;0.575613;;
28.4990442;;;0.731599400006707;0.209247914770472
28.249;-0.7668882;0.680108;;
28.253;-0.7594365;0.6719803;;
28.254;-0.7591248;0.6716403;;
28.255;-0.7590084;0.6715134;;
28.282;-0.748581;0.6598202;;
28.284;-0.7483628;0.6595756;;
28.285;-0.7483157;0.6595227;;
28.286;-0.7482975;0.6595023;;
28.287;-0.7445881;0.6552431;;
28.288;-0.7434978;0.6539911;;
28.317;-0.7358321;0.6450174;;
28.319;-0.7358321;0.6450174;;
28.321;-0.7358321;0.6450174;;
28.321;-0.7358321;0.6450174;;
28.322;-0.7358321;0.6450174;;
28.323;-0.7358321;0.6450174;;
28.351;-0.7283635;0.6360638;;
28.352;-0.7283635;0.6360638;;
28.354;-0.7231733;0.6296926;;
28.356;-0.7214687;0.6276003;;
28.357;-0.7214275;0.6275496;;
28.357;-0.7210597;0.6270981;;
28.385;-0.7136536;0.6177825;;
28.386;-0.7135622;0.6176689;;
28.388;-0.7135444;0.6176468;;
28.394;-0.7135425;0.6176444;;
28.395;-0.7089879;0.6117762;;
28.396;-0.7065381;0.60862;;
28.421;-0.7004623;0.6006159;;
28.421;-0.7004623;0.6006159;;
28.424;-0.7004623;0.6006159;;
28.425;-0.7004623;0.6006159;;
28.426;-0.7004623;0.6006159;;
28.427;-0.7004623;0.6006159;;
28.453;-0.6902418;0.5867613;;
28.454;-0.6901612;0.586652;;
28.455;-0.684928;0.5793448;;
28.456;-0.6840068;0.5780584;;
28.458;-0.6838307;0.5778125;;
28.459;-0.6838157;0.5777916;;
28.487;-0.6823048;0.5756513;;
28.489;-0.6822867;0.5756257;;
28.492;-0.6822792;0.5756151;;
28.492;-0.6822792;0.575615;;
28.493;-0.6822785;0.575614;;
28.494;-0.6822777;0.575613;;
28.522;-0.6690867;0.5564018;;
28.523;-0.6690867;0.5564018;;
28.525;-0.6690867;0.5564018;;
28.526;-0.6690867;0.5564018;;
28.528;-0.6690867;0.5564018;;
28.528;-0.6690867;0.5564018;;
28.5511596;;;0.580564130361244;0.223529307677809
28.282;-0.748581;0.6598202;;
28.284;-0.7483628;0.6595756;;
28.285;-0.7483157;0.6595227;;
28.286;-0.7482975;0.6595023;;
28.287;-0.7445881;0.6552431;;
28.288;-0.7434978;0.6539911;;
28.317;-0.7358321;0.6450174;;
28.319;-0.7358321;0.6450174;;
28.321;-0.7358321;0.6450174;;
28.321;-0.7358321;0.6450174;;
28.322;-0.7358321;0.6450174;;
28.323;-0.7358321;0.6450174;;
28.351;-0.7283635;0.6360638;;
28.352;-0.7283635;0.6360638;;
28.354;-0.7231733;0.6296926;;
28.356;-0.7214687;0.6276003;;
28.357;-0.7214275;0.6275496;;
28.357;-0.7210597;0.6270981;;
28.385;-0.7136536;0.6177825;;
28.386;-0.7135622;0.6176689;;
28.388;-0.7135444;0.6176468;;
28.394;-0.7135425;0.6176444;;
28.395;-0.7089879;0.6117762;;
28.396;-0.7065381;0.60862;;
28.421;-0.7004623;0.6006159;;
28.421;-0.7004623;0.6006159;;
28.424;-0.7004623;0.6006159;;
28.425;-0.7004623;0.6006159;;
28.426;-0.7004623;0.6006159;;
28.427;-0.7004623;0.6006159;;
28.453;-0.6902418;0.5867613;;
28.454;-0.6901612;0.586652;;
28.455;-0.684928;0.5793448;;
28.456;-0.6840068;0.5780584;;
28.458;-0.6838307;0.5778125;;
28.459;-0.6838157;0.5777916;;
28.487;-0.6823048;0.5756513;;
28.489;-0.6822867;0.5756257;;
28.492;-0.6822792;0.5756151;;
28.492;-0.6822792;0.575615;;
28.493;-0.6822785;0.575614;;
28.494;-0.6822777;0.575613;;
28.522;-0.6690867;0.5564018;;
28.523;-0.6690867;0.5564018;;
28.525;-0.6690867;0.5564018;;
28.526;-0.6690867;0.5564018;;
28.528;-0.6690867;0.5564018;;
28.528;-0.6690867;0.5564018;;
28.554;-0.6573583;0.5384707;;
28.555;-0.6572638;0.5383261;;
28.557;-0.6572486;0.538303;;
28.559;-0.6572475;0.5383012;;
28.56;-0.6572472;0.5383009;;
28.561;-0.6572471;0.5383006;;
28.5717188;;;0.55033019444731;0.244695853618091
28.317;-0.7358321;0.6450174;;
28.319;-0.7358321;0.6450174;;
28.321;-0.7358321;0.6450174;;
28.321;-0.7358321;0.6450174;;
28.322;-0.7358321;0.6450174;;
28.323;-0.7358321;0.6450174;;
28.351;-0.7283635;0.6360638;;
28.352;-0.7283635;0.6360638;;
28.354;-0.7231733;0.6296926;;
28.356;-0.7214687;0.6276003;;
28.357;-0.7214275;0.6275496;;
28.357;-0.7210597;0.6270981;;
28.385;-0.7136536;0.6177825;;
28.386;-0.7135622;0.6176689;;
28.388;-0.7135444;0.6176468;;
28.394;-0.7135425;0.6176444;;
28.395;-0.7089879;0.6117762;;
28.396;-0.7065381;0.60862;;
28.421;-0.7004623;0.6006159;;
28.421;-0.7004623;0.6006159;;
28.424;-0.7004623;0.6006159;;
28.425;-0.7004623;0.6006159;;
28.426;-0.7004623;0.6006159;;
28.427;-0.7004623;0.6006159;;
28.453;-0.6902418;0.5867613;;
28.454;-0.6901612;0.586652;;
28.455;-0.684928;0.5793448;;
28.456;-0.6840068;0.5780584;;
28.458;-0.6838307;0.5778125;;
28.459;-0.6838157;0.5777916;;
28.487;-0.6823048;0.5756513;;
28.489;-0.6822867;0.5756257;;
28.492;-0.6822792;0.5756151;;
28.492;-0.6822792;0.575615;;
28.493;-0.6822785;0.575614;;
28.494;-0.6822777;0.575613;;
28.522;-0.6690867;0.5564018;;
28.523;-0.6690867;0.5564018;;
28.525;-0.6690867;0.5564018;;
28.526;-0.6690867;0.5564018;;
28.528;-0.6690867;0.5564018;;
28.528;-0.6690867;0.5564018;;
28.554;-0.6573583;0.5384707;;
28.555;-0.6572638;0.5383261;;
28.557;-0.6572486;0.538303;;
28.559;-0.6572475;0.5383012;;
28.56;-0.6572472;0.5383009;;
28.561;-0.6572471;0.5383006;;
28.589;-0.6485512;0.5244377;;
28.59;-0.6485512;0.5244377;;
28.591;-0.6485512;0.5244377;;
28.592;-0.6485512;0.5244377;;
28.593;-0.6485512;0.5244377;;
28.594;-0.6485512;0.5244377;;
28.6220034;;;0.688802891293281;0.271188272513986
28.351;-0.7283635;0.6360638;;
28.352;-0.7283635;0.6360638;;
28.354;-0.7231733;0.6296926;;
28.356;-0.7214687;0.6276003;;
28.357;-0.7214275;0.6275496;;
28.357;-0.7210597;0.6270981;;
28.385;-0.7136536;0.6177825;;
28.386;-0.7135622;0.6176689;;
28.388;-0.7135444;0.6176468;;
28.394;-0.7135425;0.6176444;;
28.395;-0.7089879;0.6117762;;
28.396;-0.7065381;0.60862;;
28.421;-0.7004623;0.6006159;;
28.421;-0.7004623;0.6006159;;
28.424;-0.7004623;0.6006159;;
28.425;-0.7004623;0.6006159;;
28.426;-0.7004623;0.6006159;;
28.427;-0.7004623;0.6006159;;
28.453;-0.6902418;0.5867613;;
28.454;-0.6901612;0.586652;;
28.455;-0.684928;0.5793448;;
28.456;-0.6840068;0.5780584;;
28.458;-0.6838307;0.5778125;;
28.459;-0.6838157;0.5777916;;
28.487;-0.6823048;0.5756513;;
28.489;-0.6822867;0.5756257;;
28.492;-0.6822792;0.5756151;;
28.492;-0.6822792;0.575615;;
28.493;-0.6822785;0.575614;;
28.494;-0.6822777;0.575613;;
28.522;-0.6690867;0.5564018;;
28.523;-0.6690867;0.5564018;;
28.525;-0.6690867;0.5564018;;
28.526;-0.6690867;0.5564018;;
28.528;-0.6690867;0.5564018;;
28.528;-0.6690867;0.5564018;;
28.554;-0.6573583;0.5384707;;
28.555;-0.6572638;0.5383261;;
28.557;-0.6572486;0.538303;;
28.559;-0.6572475;0.5383012;;
28.56;-0.6572472;0.5383009;;
28.561;-0.6572471;0.5383006;;
28.589;-0.6485512;0.5244377;;
28.59;-0.6485512;0.5244377;;
28.591;-0.6485512;0.5244377;;
28.592;-0.6485512;0.5244377;;
28.593;-0.6485512;0.5244377;;
28.594;-0.6485512;0.5244377;;
28.621;-0.6391217;0.5088019;;
28.623;-0.6390291;0.5086484;;
28.624;-0.6390235;0.5086391;;
28.626;-0.6391602;0.5088657;;
28.628;-0.6389604;0.5085344;;
28.63;-0.6388736;0.5083904;;
28.64457;;;0.868119973905798;0.28227651335997
28.385;-0.7136536;0.6177825;;
28.386;-0.7135622;0.6176689;;
28.388;-0.7135444;0.6176468;;
28.394;-0.7135425;0.6176444;;
28.395;-0.7089879;0.6117762;;
28.396;-0.7065381;0.60862;;
28.421;-0.7004623;0.6006159;;
28.421;-0.7004623;0.6006159;;
28.424;-0.7004623;0.6006159;;
28.425;-0.7004623;0.6006159;;
28.426;-0.7004623;0.6006159;;
28.427;-0.7004623;0.6006159;;
28.453;-0.6902418;0.5867613;;
28.454;-0.6901612;0.586652;;
28.455;-0.684928;0.5793448;;
28.456;-0.6840068;0.5780584;;
28.458;-0.6838307;0.5778125;;
28.459;-0.6838157;0.5777916;;
28.487;-0.6823048;0.5756513;;
28.489;-0.6822867;0.5756257;;
28.492;-0.6822792;0.5756151;;
28.492;-0.6822792;0.575615;;
28.493;-0.6822785;0.575614;;
28.494;-0.6822777;0.575613;;
28.522;-0.6690867;0.5564018;;
28.523;-0.6690867;0.5564018;;
28.525;-0.6690867;0.5564018;;
28.526;-0.6690867;0.5564018;;
28.528;-0.6690867;0.5564018;;
28.528;-0.6690867;0.5564018;;
28.554;-0.6573583;0.5384707;;
28.555;-0.6572638;0.5383261;;
28.557;-0.6572486;0.538303;;
28.559;-0.6572475;0.5383012;;
28.56;-0.6572472;0.5383009;;
28.561;-0.6572471;0.5383006;;
28.589;-0.6485512;0.5244377;;
28.59;-0.6485512;0.5244377;;
28.591;-0.6485512;0.5244377;;
28.592;-0.6485512;0.5244377;;
28.593;-0.6485512;0.5244377;;
28.594;-0.6485512;0.5244377;;
28.621;-0.6391217;0.5088019;;
28.623;-0.6390291;0.5086484;;
28.624;-0.6390235;0.5086391;;
28.626;-0.6391602;0.5088657;;
28.628;-0.6389604;0.5085344;;
28.63;-0.6388736;0.5083904;;
28.655;-0.6350417;0.5018432;;
28.656;-0.6350124;0.5017932;;
28.658;-0.6350064;0.5017828;;
28.667;-0.635004;0.5017789;;
28.668;-0.6350039;0.5017787;;
28.669;-0.6350039;0.5017785;;
28.6891907;;;0.914984447975216;0.302589799392048
28.396;-0.7065381;0.60862;;
28.421;-0.7004623;0.6006159;;
28.421;-0.7004623;0.6006159;;
28.424;-0.7004623;0.6006159;;
28.425;-0.7004623;0.6006159;;
28.426;-0.7004623;0.6006159;;
28.427;-0.7004623;0.6006159;;
28.453;-0.6902418;0.5867613;;
28.454;-0.6901612;0.586652;;
28.455;-0.684928;0.5793448;;
28.456;-0.6840068;0.5780584;;
28.458;-0.6838307;0.5778125;;
28.459;-0.6838157;0.5777916;;
28.487;-0.6823048;0.5756513;;
28.489;-0.6822867;0.5756257;;
28.492;-0.6822792;0.5756151;;
28.492;-0.6822792;0.575615;;
28.493;-0.6822785;0.575614;;
28.494;-0.6822777;0.575613;;
28.522;-0.6690867;0.5564018;;
28.523;-0.6690867;0.5564018;;
28.525;-0.6690867;0.5564018;;
28.526;-0.6690867;0.5564018;;
28.528;-0.6690867;0.5564018;;
28.528;-0.6690867;0.5564018;;
28.554;-0.6573583;0.5384707;;
28.555;-0.6572638;0.5383261;;
28.557;-0.6572486;0.538303;;
28.559;-0.6572475;0.5383012;;
28.56;-0.6572472;0.5383009;;
28.561;-0.6572471;0.5383006;;
28.589;-0.6485512;0.5244377;;
28.59;-0.6485512;0.5244377;;
28.591;-0.6485512;0.5244377;;
28.592;-0.6485512;0.5244377;;
28.593;-0.6485512;0.5244377;;
28.594;-0.6485512;0.5244377;;
28.621;-0.6391217;0.5088019;;
28.623;-0.6390291;0.5086484;;
28.624;-0.6390235;0.5086391;;
28.626;-0.6391602;0.5088657;;
28.628;-0.6389604;0.5085344;;
28.63;-0.6388736;0.5083904;;
28.655;-0.6350417;0.5018432;;
28.656;-0.6350124;0.5017932;;
28.658;-0.6350064;0.5017828;;
28.667;-0.635004;0.5017789;;
28.668;-0.6350039;0.5017787;;
28.669;-0.6350039;0.5017785;;
28.689;-0.6222543;0.4791181;;
28.69;-0.6222469;0.479105;;
28.692;-0.6222343;0.4790826;;
28.695;-0.6221085;0.4788591;;
28.696;-0.6220978;0.4788401;;
28.709244;;;0.547265463032612;0.31399401710309
28.487;-0.6823048;0.5756513;;
28.489;-0.6822867;0.5756257;;
28.492;-0.6822792;0.5756151;;
28.492;-0.6822792;0.575615;;
28.493;-0.6822785;0.575614;;
28.494;-0.6822777;0.575613;;
28.522;-0.6690867;0.5564018;;
28.523;-0.6690867;0.5564018;;
28.525;-0.6690867;0.5564018;;
28.526;-0.6690867;0.5564018;;
28.528;-0.6690867;0.5564018;;
28.528;-0.6690867;0.5564018;;
28.554;-0.6573583;0.5384707;;
28.555;-0.6572638;0.5383261;;
28.557;-0.6572486;0.538303;;
28.559;-0.6572475;0.5383012;;
28.56;-0.6572472;0.5383009;;
28.561;-0.6572471;0.5383006;;
28.589;-0.6485512;0.5244377;;
28.59;-0.6485512;0.5244377;;
28.591;-0.6485512;0.5244377;;
28.592;-0.6485512;0.5244377;;
28.593;-0.6485512;0.5244377;;
28.594;-0.6485512;0.5244377;;
28.621;-0.6391217;0.5088019;;
28.623;-0.6390291;0.5086484;;
28.624;-0.6390235;0.5086391;;
28.626;-0.6391602;0.5088657;;
28.628;-0.6389604;0.5085344;;
28.63;-0.6388736;0.5083904;;
28.655;-0.6350417;0.5018432;;
28.656;-0.6350124;0.5017932;;
28.658;-0.6350064;0.5017828;;
28.667;-0.635004;0.5017789;;
28.668;-0.6350039;0.5017787;;
28.669;-0.6350039;0.5017785;;
28.689;-0.6222543;0.4791181;;
28.69;-0.6222469;0.479105;;
28.692;-0.6222343;0.4790826;;
28.695;-0.6221085;0.4788591;;
28.696;-0.6220978;0.4788401;;
28.722;-0.6180322;0.4713078;;
28.724;-0.6179605;0.4711748;;
28.726;-0.6139334;0.4635373;;
28.728;-0.613267;0.4622734;;
28.729;-0.6130817;0.4619219;;
28.731;-0.6129229;0.4616207;;
28.758;-0.6054385;0.4469422;;
28.759;-0.6053933;0.4468534;;
28.761;-0.6053745;0.4468166;;
28.763;-0.6053697;0.4468071;;
28.763;-0.6053697;0.4468071;;
28.763921;;;-0.481820400371795;0.285818009298577
28.487;-0.6823048;0.5756513;;
28.489;-0.6822867;0.5756257;;
28.492;-0.6822792;0.5756151;;
28.492;-0.6822792;0.575615;;
28.493;-0.6822785;0.575614;;
28.494;-0.6822777;0.575613;;
28.522;-0.6690867;0.5564018;;
28.523;-0.6690867;0.5564018;;
28.525;-0.6690867;0.5564018;;
28.526;-0.6690867;0.5564018;;
28.528;-0.6690867;0.5564018;;
28.528;-0.6690867;0.5564018;;
28.554;-0.6573583;0.5384707;;
28.555;-0.6572638;0.5383261;;
28.557;-0.6572486;0.538303;;
28.559;-0.6572475;0.5383012;;
28.56;-0.6572472;0.5383009;;
28.561;-0.6572471;0.5383006;;
28.589;-0.6485512;0.5244377;;
28.59;-0.6485512;0.5244377;;
28.591;-0.6485512;0.5244377;;
28.592;-0.6485512;0.5244377;;
28.593;-0.6485512;0.5244377;;
28.594;-0.6485512;0.5244377;;
28.621;-0.6391217;0.5088019;;
28.623;-0.6390291;0.5086484;;
28.624;-0.6390235;0.5086391;;
28.626;-0.6391602;0.5088657;;
28.628;-0.6389604;0.5085344;;
28.63;-0.6388736;0.5083904;;
28.655;-0.6350417;0.5018432;;
28.656;-0.6350124;0.5017932;;
28.658;-0.6350064;0.5017828;;
28.667;-0.635004;0.5017789;;
28.668;-0.6350039;0.5017787;;
28.669;-0.6350039;0.5017785;;
28.689;-0.6222543;0.4791181;;
28.69;-0.6222469;0.479105;;
28.692;-0.6222343;0.4790826;;
28.695;-0.6221085;0.4788591;;
28.696;-0.6220978;0.4788401;;
28.722;-0.6180322;0.4713078;;
28.724;-0.6179605;0.4711748;;
28.726;-0.6139334;0.4635373;;
28.728;-0.613267;0.4622734;;
28.729;-0.6130817;0.4619219;;
28.731;-0.6129229;0.4616207;;
28.758;-0.6054385;0.4469422;;
28.759;-0.6053933;0.4468534;;
28.761;-0.6053745;0.4468166;;
28.763;-0.6053697;0.4468071;;
28.763;-0.6053697;0.4468071;;
28.7799629;;;-0.481820400371795;0.25942475096798
28.554;-0.6573583;0.5384707;;
28.555;-0.6572638;0.5383261;;
28.557;-0.6572486;0.538303;;
28.559;-0.6572475;0.5383012;;
28.56;-0.6572472;0.5383009;;
28.561;-0.6572471;0.5383006;;
28.589;-0.6485512;0.5244377;;
28.59;-0.6485512;0.5244377;;
28.591;-0.6485512;0.5244377;;
28.592;-0.6485512;0.5244377;;
28.593;-0.6485512;0.5244377;;
28.594;-0.6485512;0.5244377;;
28.621;-0.6391217;0.5088019;;
28.623;-0.6390291;0.5086484;;
28.624;-0.6390235;0.5086391;;
28.626;-0.6391602;0.5088657;;
28.628;-0.6389604;0.5085344;;
28.63;-0.6388736;0.5083904;;
28.655;-0.6350417;0.5018432;;
28.656;-0.6350124;0.5017932;;
28.658;-0.6350064;0.5017828;;
28.667;-0.635004;0.5017789;;
28.668;-0.6350039;0.5017787;;
28.669;-0.6350039;0.5017785;;
28.689;-0.6222543;0.4791181;;
28.69;-0.6222469;0.479105;;
28.692;-0.6222343;0.4790826;;
28.695;-0.6221085;0.4788591;;
28.696;-0.6220978;0.4788401;;
28.722;-0.6180322;0.4713078;;
28.724;-0.6179605;0.4711748;;
28.726;-0.6139334;0.4635373;;
28.728;-0.613267;0.4622734;;
28.729;-0.6130817;0.4619219;;
28.731;-0.6129229;0.4616207;;
28.758;-0.6054385;0.4469422;;
28.759;-0.6053933;0.4468534;;
28.761;-0.6053745;0.4468166;;
28.763;-0.6053697;0.4468071;;
28.763;-0.6053697;0.4468071;;
28.764;-0.6034719;0.4429792;;
28.765;-0.6030988;0.4422266;;
28.791;-0.6001712;0.4362419;;
28.792;-0.6001328;0.4361638;;
28.794;-0.600127;0.436152;;
28.796;-0.6001256;0.4361491;;
28.797;-0.5971166;0.4298744;;
28.825;-0.5903211;0.4153095;;
28.826;-0.5902792;0.4152196;;
28.828;-0.5902645;0.4151881;;
28.829;-0.5902613;0.4151813;;
28.83;-0.5902603;0.4151791;;
28.831;-0.5902599;0.4151781;;
28.831;-0.5902599;0.4151781;;
28.8449968;;;-0.892449089784741;0.220380172538101
28.589;-0.6485512;0.5244377;;
28.59;-0.6485512;0.5244377;;
28.591;-0.6485512;0.5244377;;
28.592;-0.6485512;0.5244377;;
28.593;-0.6485512;0.5244377;;
28.594;-0.6485512;0.5244377;;
28.621;-0.6391217;0.5088019;;
28.623;-0.6390291;0.5086484;;
28.624;-0.6390235;0.5086391;;
28.626;-0.6391602;0.5088657;;
28.628;-0.6389604;0.5085344;;
28.63;-0.6388736;0.5083904;;
28.655;-0.6350417;0.5018432;;
28.656;-0.6350124;0.5017932;;
28.658;-0.6350064;0.5017828;;
28.667;-0.635004;0.5017789;;
28.668;-0.6350039;0.5017787;;
28.669;-0.6350039;0.5017785;;
28.689;-0.6222543;0.4791181;;
28.69;-0.6222469;0.479105;;
28.692;-0.6222343;0.4790826;;
28.695;-0.6221085;0.4788591;;
28.696;-0.6220978;0.4788401;;
28.722;-0.6180322;0.4713078;;
28.724;-0.6179605;0.4711748;;
28.726;-0.6139334;0.4635373;;
28.728;-0.613267;0.4622734;;
28.729;-0.6130817;0.4619219;;
28.731;-0.6129229;0.4616207;;
28.758;-0.6054385;0.4469422;;
28.759;-0.6053933;0.4468534;;
28.761;-0.6053745;0.4468166;;
28.763;-0.6053697;0.4468071;;
28.763;-0.6053697;0.4468071;;
28.764;-0.6034719;0.4429792;;
28.765;-0.6030988;0.4422266;;
28.791;-0.6001712;0.4362419;;
28.792;-0.6001328;0.4361638;;
28.794;-0.600127;0.436152;;
28.796;-0.6001256;0.4361491;;
28.797;-0.5971166;0.4298744;;
28.825;-0.5903211;0.4153095;;
28.826;-0.5902792;0.4152196;;
28.828;-0.5902645;0.4151881;;
28.829;-0.5902613;0.4151813;;
28.83;-0.5902603;0.4151791;;
28.831;-0.5902599;0.4151781;;
28.831;-0.5902599;0.4151781;;
28.858;-0.5871381;0.4082678;;
28.859;-0.587114;0.4082146;;
28.861;-0.5871108;0.4082073;;
28.863;-0.5871098;0.4082052;;
28.864;-0.5871095;0.4082045;;
28.864;-0.5871094;0.4082044;;
28.8680338;;;-0.910897782558311;0.184512908554946
28.621;-0.6391217;0.5088019;;
28.623;-0.6390291;0.5086484;;
28.624;-0.6390235;0.5086391;;
28.626;-0.6391602;0.5088657;;
28.628;-0.6389604;0.5085344;;
28.63;-0.6388736;0.5083904;;
28.655;-0.6350417;0.5018432;;
28.656;-0.6350124;0.5017932;;
28.658;-0.6350064;0.5017828;;
28.667;-0.635004;0.5017789;;
28.668;-0.6350039;0.5017787;;
28.669;-0.6350039;0.5017785;;
28.689;-0.6222543;0.4791181;;
28.69;-0.6222469;0.479105;;
28.692;-0.6222343;0.4790826;;
28.695;-0.6221085;0.4788591;;
28.696;-0.6220978;0.4788401;;
28.722;-0.6180322;0.4713078;;
28.724;-0.6179605;0.4711748;;
28.726;-0.6139334;0.4635373;;
28.728;-0.613267;0.4622734;;
28.729;-0.6130817;0.4619219;;
28.731;-0.6129229;0.4616207;;
28.758;-0.6054385;0.4469422;;
28.759;-0.6053933;0.4468534;;
28.761;-0.6053745;0.4468166;;
28.763;-0.6053697;0.4468071;;
28.763;-0.6053697;0.4468071;;
28.764;-0.6034719;0.4429792;;
28.765;-0.6030988;0.4422266;;
28.791;-0.6001712;0.4362419;;
28.792;-0.6001328;0.4361638;;
28.794;-0.600127;0.436152;;
28.796;-0.6001256;0.4361491;;
28.797;-0.5971166;0.4298744;;
28.825;-0.5903211;0.4153095;;
28.826;-0.5902792;0.4152196;;
28.828;-0.5902645;0.4151881;;
28.829;-0.5902613;0.4151813;;
28.83;-0.5902603;0.4151791;;
28.831;-0.5902599;0.4151781;;
28.831;-0.5902599;0.4151781;;
28.858;-0.5871381;0.4082678;;
28.859;-0.587114;0.4082146;;
28.861;-0.5871108;0.4082073;;
28.863;-0.5871098;0.4082052;;
28.864;-0.5871095;0.4082045;;
28.864;-0.5871094;0.4082044;;
28.893;-0.5778356;0.3867919;;
28.895;-0.5777628;0.3866239;;
28.896;-0.5777561;0.3866084;;
28.897;-0.577755;0.3866058;;
28.898;-0.5777548;0.3866054;;
28.898;-0.5777547;0.3866053;;
28.9200667;;;-0.824001062462347;0.151987826113944
28.655;-0.6350417;0.5018432;;
28.656;-0.6350124;0.5017932;;
28.658;-0.6350064;0.5017828;;
28.667;-0.635004;0.5017789;;
28.668;-0.6350039;0.5017787;;
28.669;-0.6350039;0.5017785;;
28.689;-0.6222543;0.4791181;;
28.69;-0.6222469;0.479105;;
28.692;-0.6222343;0.4790826;;
28.695;-0.6221085;0.4788591;;
28.696;-0.6220978;0.4788401;;
28.722;-0.6180322;0.4713078;;
28.724;-0.6179605;0.4711748;;
28.726;-0.6139334;0.4635373;;
28.728;-0.613267;0.4622734;;
28.729;-0.6130817;0.4619219;;
28.731;-0.6129229;0.4616207;;
28.758;-0.6054385;0.4469422;;
28.759;-0.6053933;0.4468534;;
28.761;-0.6053745;0.4468166;;
28.763;-0.6053697;0.4468071;;
28.763;-0.6053697;0.4468071;;
28.764;-0.6034719;0.4429792;;
28.765;-0.6030988;0.4422266;;
28.791;-0.6001712;0.4362419;;
28.792;-0.6001328;0.4361638;;
28.794;-0.600127;0.436152;;
28.796;-0.6001256;0.4361491;;
28.797;-0.5971166;0.4298744;;
28.825;-0.5903211;0.4153095;;
28.826;-0.5902792;0.4152196;;
28.828;-0.5902645;0.4151881;;
28.829;-0.5902613;0.4151813;;
28.83;-0.5902603;0.4151791;;
28.831;-0.5902599;0.4151781;;
28.831;-0.5902599;0.4151781;;
28.858;-0.5871381;0.4082678;;
28.859;-0.587114;0.4082146;;
28.861;-0.5871108;0.4082073;;
28.863;-0.5871098;0.4082052;;
28.864;-0.5871095;0.4082045;;
28.864;-0.5871094;0.4082044;;
28.893;-0.5778356;0.3867919;;
28.895;-0.5777628;0.3866239;;
28.896;-0.5777561;0.3866084;;
28.897;-0.577755;0.3866058;;
28.898;-0.5777548;0.3866054;;
28.898;-0.5777547;0.3866053;;
28.927;-0.5697836;0.3670012;;
28.929;-0.569671;0.3667241;;
28.931;-0.5696526;0.3666789;;
28.932;-0.5696478;0.3666673;;
28.933;-0.5696478;0.3666673;;
28.933;-0.5696478;0.3666673;;
28.934;-0.5696478;0.3666673;;
28.9394746;;;-0.634458176960444;0.0955668969560266
28.669;-0.6350039;0.5017785;;
28.689;-0.6222543;0.4791181;;
28.69;-0.6222469;0.479105;;
28.692;-0.6222343;0.4790826;;
28.695;-0.6221085;0.4788591;;
28.696;-0.6220978;0.4788401;;
28.722;-0.6180322;0.4713078;;
28.724;-0.6179605;0.4711748;;
28.726;-0.6139334;0.4635373;;
28.728;-0.613267;0.4622734;;
28.729;-0.6130817;0.4619219;;
28.731;-0.6129229;0.4616207;;
28.758;-0.6054385;0.4469422;;
28.759;-0.6053933;0.4468534;;
28.761;-0.6053745;0.4468166;;
28.763;-0.6053697;0.4468071;;
28.763;-0.6053697;0.4468071;;
28.764;-0.6034719;0.4429792;;
28.765;-0.6030988;0.4422266;;
28.791;-0.6001712;0.4362419;;
28.792;-0.6001328;0.4361638;;
28.794;-0.600127;0.436152;;
28.796;-0.6001256;0.4361491;;
28.797;-0.5971166;0.4298744;;
28.825;-0.5903211;0.4153095;;
28.826;-0.5902792;0.4152196;;
28.828;-0.5902645;0.4151881;;
28.829;-0.5902613;0.4151813;;
28.83;-0.5902603;0.4151791;;
28.831;-0.5902599;0.4151781;;
28.831;-0.5902599;0.4151781;;
28.858;-0.5871381;0.4082678;;
28.859;-0.587114;0.4082146;;
28.861;-0.5871108;0.4082073;;
28.863;-0.5871098;0.4082052;;
28.864;-0.5871095;0.4082045;;
28.864;-0.5871094;0.4082044;;
28.893;-0.5778356;0.3867919;;
28.895;-0.5777628;0.3866239;;
28.896;-0.5777561;0.3866084;;
28.897;-0.577755;0.3866058;;
28.898;-0.5777548;0.3866054;;
28.898;-0.5777547;0.3866053;;
28.927;-0.5697836;0.3670012;;
28.929;-0.569671;0.3667241;;
28.931;-0.5696526;0.3666789;;
28.932;-0.5696478;0.3666673;;
28.933;-0.5696478;0.3666673;;
28.933;-0.5696478;0.3666673;;
28.934;-0.5696478;0.3666673;;
28.962;-0.5638648;0.3516402;;
28.963;-0.5638648;0.3516402;;
28.967;-0.5638648;0.3516402;;
28.968;-0.5608402;0.3434413;;
28.968;-0.5603531;0.3421206;;
28.9905219;;;-0.34038821875936;0.0504563508058427
28.722;-0.6180322;0.4713078;;
28.724;-0.6179605;0.4711748;;
28.726;-0.6139334;0.4635373;;
28.728;-0.613267;0.4622734;;
28.729;-0.6130817;0.4619219;;
28.731;-0.6129229;0.4616207;;
28.758;-0.6054385;0.4469422;;
28.759;-0.6053933;0.4468534;;
28.761;-0.6053745;0.4468166;;
28.763;-0.6053697;0.4468071;;
28.763;-0.6053697;0.4468071;;
28.764;-0.6034719;0.4429792;;
28.765;-0.6030988;0.4422266;;
28.791;-0.6001712;0.4362419;;
28.792;-0.6001328;0.4361638;;
28.794;-0.600127;0.436152;;
28.796;-0.6001256;0.4361491;;
28.797;-0.5971166;0.4298744;;
28.825;-0.5903211;0.4153095;;
28.826;-0.5902792;0.4152196;;
28.828;-0.5902645;0.4151881;;
28.829;-0.5902613;0.4151813;;
28.83;-0.5902603;0.4151791;;
28.831;-0.5902599;0.4151781;;
28.831;-0.5902599;0.4151781;;
28.858;-0.5871381;0.4082678;;
28.859;-0.587114;0.4082146;;
28.861;-0.5871108;0.4082073;;
28.863;-0.5871098;0.4082052;;
28.864;-0.5871095;0.4082045;;
28.864;-0.5871094;0.4082044;;
28.893;-0.5778356;0.3867919;;
28.895;-0.5777628;0.3866239;;
28.896;-0.5777561;0.3866084;;
28.897;-0.577755;0.3866058;;
28.898;-0.5777548;0.3866054;;
28.898;-0.5777547;0.3866053;;
28.927;-0.5697836;0.3670012;;
28.929;-0.569671;0.3667241;;
28.931;-0.5696526;0.3666789;;
28.932;-0.5696478;0.3666673;;
28.933;-0.5696478;0.3666673;;
28.933;-0.5696478;0.3666673;;
28.934;-0.5696478;0.3666673;;
28.962;-0.5638648;0.3516402;;
28.963;-0.5638648;0.3516402;;
28.967;-0.5638648;0.3516402;;
28.968;-0.5608402;0.3434413;;
28.968;-0.5603531;0.3421206;;
28.995;-0.5573858;0.3338825;;
28.996;-0.557363;0.3338192;;
28.998;-0.557359;0.3338083;;
28.999;-0.5573586;0.3338071;;
29;-0.5573585;0.3338068;;
29.001;-0.5573585;0.3338068;;
29.002;-0.5573585;0.3338068;;
29.0125823;;;0.465182855858062;0.0761097093781208
28.731;-0.6129229;0.4616207;;
28.758;-0.6054385;0.4469422;;
28.759;-0.6053933;0.4468534;;
28.761;-0.6053745;0.4468166;;
28.763;-0.6053697;0.4468071;;
28.763;-0.6053697;0.4468071;;
28.764;-0.6034719;0.4429792;;
28.765;-0.6030988;0.4422266;;
28.791;-0.6001712;0.4362419;;
28.792;-0.6001328;0.4361638;;
28.794;-0.600127;0.436152;;
28.796;-0.6001256;0.4361491;;
28.797;-0.5971166;0.4298744;;
28.825;-0.5903211;0.4153095;;
28.826;-0.5902792;0.4152196;;
28.828;-0.5902645;0.4151881;;
28.829;-0.5902613;0.4151813;;
28.83;-0.5902603;0.4151791;;
28.831;-0.5902599;0.4151781;;
28.831;-0.5902599;0.4151781;;
28.858;-0.5871381;0.4082678;;
28.859;-0.587114;0.4082146;;
28.861;-0.5871108;0.4082073;;
28.863;-0.5871098;0.4082052;;
28.864;-0.5871095;0.4082045;;
28.864;-0.5871094;0.4082044;;
28.893;-0.5778356;0.3867919;;
28.895;-0.5777628;0.3866239;;
28.896;-0.5777561;0.3866084;;
28.897;-0.577755;0.3866058;;
28.898;-0.5777548;0.3866054;;
28.898;-0.5777547;0.3866053;;
28.927;-0.5697836;0.3670012;;
28.929;-0.569671;0.3667241;;
28.931;-0.5696526;0.3666789;;
28.932;-0.5696478;0.3666673;;
28.933;-0.5696478;0.3666673;;
28.933;-0.5696478;0.3666673;;
28.934;-0.5696478;0.3666673;;
28.962;-0.5638648;0.3516402;;
28.963;-0.5638648;0.3516402;;
28.967;-0.5638648;0.3516402;;
28.968;-0.5608402;0.3434413;;
28.968;-0.5603531;0.3421206;;
28.995;-0.5573858;0.3338825;;
28.996;-0.557363;0.3338192;;
28.998;-0.557359;0.3338083;;
28.999;-0.5573586;0.3338071;;
29;-0.5573585;0.3338068;;
29.001;-0.5573585;0.3338068;;
29.002;-0.5573585;0.3338068;;
29.031;-0.5548444;0.3266205;;
29.0570032;;;0.942500920625057;0.120121455056822
28.791;-0.6001712;0.4362419;;
28.792;-0.6001328;0.4361638;;
28.794;-0.600127;0.436152;;
28.796;-0.6001256;0.4361491;;
28.797;-0.5971166;0.4298744;;
28.825;-0.5903211;0.4153095;;
28.826;-0.5902792;0.4152196;;
28.828;-0.5902645;0.4151881;;
28.829;-0.5902613;0.4151813;;
28.83;-0.5902603;0.4151791;;
28.831;-0.5902599;0.4151781;;
28.831;-0.5902599;0.4151781;;
28.858;-0.5871381;0.4082678;;
28.859;-0.587114;0.4082146;;
28.861;-0.5871108;0.4082073;;
28.863;-0.5871098;0.4082052;;
28.864;-0.5871095;0.4082045;;
28.864;-0.5871094;0.4082044;;
28.893;-0.5778356;0.3867919;;
28.895;-0.5777628;0.3866239;;
28.896;-0.5777561;0.3866084;;
28.897;-0.577755;0.3866058;;
28.898;-0.5777548;0.3866054;;
28.898;-0.5777547;0.3866053;;
28.927;-0.5697836;0.3670012;;
28.929;-0.569671;0.3667241;;
28.931;-0.5696526;0.3666789;;
28.932;-0.5696478;0.3666673;;
28.933;-0.5696478;0.3666673;;
28.933;-0.5696478;0.3666673;;
28.934;-0.5696478;0.3666673;;
28.962;-0.5638648;0.3516402;;
28.963;-0.5638648;0.3516402;;
28.967;-0.5638648;0.3516402;;
28.968;-0.5608402;0.3434413;;
28.968;-0.5603531;0.3421206;;
28.995;-0.5573858;0.3338825;;
28.996;-0.557363;0.3338192;;
28.998;-0.557359;0.3338083;;
28.999;-0.5573586;0.3338071;;
29;-0.5573585;0.3338068;;
29.001;-0.5573585;0.3338068;;
29.002;-0.5573585;0.3338068;;
29.031;-0.5548444;0.3266205;;
29.065;-0.547415;0.3042726;;
29.066;-0.547415;0.3042726;;
29.067;-0.547415;0.3042726;;
29.068;-0.547415;0.3042726;;
29.069;-0.547415;0.3042726;;
29.069;-0.547415;0.3042726;;
29.07;-0.547415;0.3042726;;
29.0875898;;;0.374696336926828;0.166344113219444
28.858;-0.5871381;0.4082678;;
28.859;-0.587114;0.4082146;;
28.861;-0.5871108;0.4082073;;
28.863;-0.5871098;0.4082052;;
28.864;-0.5871095;0.4082045;;
28.864;-0.5871094;0.4082044;;
28.893;-0.5778356;0.3867919;;
28.895;-0.5777628;0.3866239;;
28.896;-0.5777561;0.3866084;;
28.897;-0.577755;0.3866058;;
28.898;-0.5777548;0.3866054;;
28.898;-0.5777547;0.3866053;;
28.927;-0.5697836;0.3670012;;
28.929;-0.569671;0.3667241;;
28.931;-0.5696526;0.3666789;;
28.932;-0.5696478;0.3666673;;
28.933;-0.5696478;0.3666673;;
28.933;-0.5696478;0.3666673;;
28.934;-0.5696478;0.3666673;;
28.962;-0.5638648;0.3516402;;
28.963;-0.5638648;0.3516402;;
28.967;-0.5638648;0.3516402;;
28.968;-0.5608402;0.3434413;;
28.968;-0.5603531;0.3421206;;
28.995;-0.5573858;0.3338825;;
28.996;-0.557363;0.3338192;;
28.998;-0.557359;0.3338083;;
28.999;-0.5573586;0.3338071;;
29;-0.5573585;0.3338068;;
29.001;-0.5573585;0.3338068;;
29.002;-0.5573585;0.3338068;;
29.031;-0.5548444;0.3266205;;
29.065;-0.547415;0.3042726;;
29.066;-0.547415;0.3042726;;
29.067;-0.547415;0.3042726;;
29.068;-0.547415;0.3042726;;
29.069;-0.547415;0.3042726;;
29.069;-0.547415;0.3042726;;
29.07;-0.547415;0.3042726;;
29.097;-0.5411547;0.2839141;;
29.1;-0.5410575;0.2835982;;
29.101;-0.5410472;0.2835647;;
29.102;-0.5410426;0.2835498;;
29.103;-0.5410405;0.2835431;;
29.104;-0.5410393;0.2835389;;
29.131;-0.536208;0.2666498;;
29.131;-0.5361866;0.2665749;;
29.1319762;;;-0.0138003863510448;0.197624589717533
28.858;-0.5871381;0.4082678;;
28.859;-0.587114;0.4082146;;
28.861;-0.5871108;0.4082073;;
28.863;-0.5871098;0.4082052;;
28.864;-0.5871095;0.4082045;;
28.864;-0.5871094;0.4082044;;
28.893;-0.5778356;0.3867919;;
28.895;-0.5777628;0.3866239;;
28.896;-0.5777561;0.3866084;;
28.897;-0.577755;0.3866058;;
28.898;-0.5777548;0.3866054;;
28.898;-0.5777547;0.3866053;;
28.927;-0.5697836;0.3670012;;
28.929;-0.569671;0.3667241;;
28.931;-0.5696526;0.3666789;;
28.932;-0.5696478;0.3666673;;
28.933;-0.5696478;0.3666673;;
28.933;-0.5696478;0.3666673;;
28.934;-0.5696478;0.3666673;;
28.962;-0.5638648;0.3516402;;
28.963;-0.5638648;0.3516402;;
28.967;-0.5638648;0.3516402;;
28.968;-0.5608402;0.3434413;;
28.968;-0.5603531;0.3421206;;
28.995;-0.5573858;0.3338825;;
28.996;-0.557363;0.3338192;;
28.998;-0.557359;0.3338083;;
28.999;-0.5573586;0.3338071;;
29;-0.5573585;0.3338068;;
29.001;-0.5573585;0.3338068;;
29.002;-0.5573585;0.3338068;;
29.031;-0.5548444;0.3266205;;
29.065;-0.547415;0.3042726;;
29.066;-0.547415;0.3042726;;
29.067;-0.547415;0.3042726;;
29.068;-0.547415;0.3042726;;
29.069;-0.547415;0.3042726;;
29.069;-0.547415;0.3042726;;
29.07;-0.547415;0.3042726;;
29.097;-0.5411547;0.2839141;;
29.1;-0.5410575;0.2835982;;
29.101;-0.5410472;0.2835647;;
29.102;-0.5410426;0.2835498;;
29.103;-0.5410405;0.2835431;;
29.104;-0.5410393;0.2835389;;
29.131;-0.536208;0.2666498;;
29.131;-0.5361866;0.2665749;;
29.133;-0.5351718;0.2628682;;
29.135;-0.5349743;0.2621467;;
29.136;-0.5348532;0.2617045;;
29.137;-0.5347608;0.2613667;;
29.1544288;;;-0.144892370076102;0.222155374175006
28.927;-0.5697836;0.3670012;;
28.929;-0.569671;0.3667241;;
28.931;-0.5696526;0.3666789;;
28.932;-0.5696478;0.3666673;;
28.933;-0.5696478;0.3666673;;
28.933;-0.5696478;0.3666673;;
28.934;-0.5696478;0.3666673;;
28.962;-0.5638648;0.3516402;;
28.963;-0.5638648;0.3516402;;
28.967;-0.5638648;0.3516402;;
28.968;-0.5608402;0.3434413;;
28.968;-0.5603531;0.3421206;;
28.995;-0.5573858;0.3338825;;
28.996;-0.557363;0.3338192;;
28.998;-0.557359;0.3338083;;
28.999;-0.5573586;0.3338071;;
29;-0.5573585;0.3338068;;
29.001;-0.5573585;0.3338068;;
29.002;-0.5573585;0.3338068;;
29.031;-0.5548444;0.3266205;;
29.065;-0.547415;0.3042726;;
29.066;-0.547415;0.3042726;;
29.067;-0.547415;0.3042726;;
29.068;-0.547415;0.3042726;;
29.069;-0.547415;0.3042726;;
29.069;-0.547415;0.3042726;;
29.07;-0.547415;0.3042726;;
29.097;-0.5411547;0.2839141;;
29.1;-0.5410575;0.2835982;;
29.101;-0.5410472;0.2835647;;
29.102;-0.5410426;0.2835498;;
29.103;-0.5410405;0.2835431;;
29.104;-0.5410393;0.2835389;;
29.131;-0.536208;0.2666498;;
29.131;-0.5361866;0.2665749;;
29.133;-0.5351718;0.2628682;;
29.135;-0.5349743;0.2621467;;
29.136;-0.5348532;0.2617045;;
29.137;-0.5347608;0.2613667;;
29.165;-0.5311442;0.2476184;;
29.168;-0.5310897;0.2474111;;
29.17;-0.5310823;0.2473832;;
29.172;-0.5303079;0.2443302;;
29.173;-0.5303079;0.2443302;;
29.174;-0.5303079;0.2443302;;
29.2;-0.5274644;0.2327541;;
29.2;-0.5267392;0.2296854;;
29.201;-0.5262439;0.2275894;;
29.203;-0.5261801;0.2273193;;
29.205;-0.5261567;0.2272204;;
29.206;-0.5261519;0.2271999;;
29.2105848;;;-0.804602621787448;0.221312687412812
28.927;-0.5697836;0.3670012;;
28.929;-0.569671;0.3667241;;
28.931;-0.5696526;0.3666789;;
28.932;-0.5696478;0.3666673;;
28.933;-0.5696478;0.3666673;;
28.933;-0.5696478;0.3666673;;
28.934;-0.5696478;0.3666673;;
28.962;-0.5638648;0.3516402;;
28.963;-0.5638648;0.3516402;;
28.967;-0.5638648;0.3516402;;
28.968;-0.5608402;0.3434413;;
28.968;-0.5603531;0.3421206;;
28.995;-0.5573858;0.3338825;;
28.996;-0.557363;0.3338192;;
28.998;-0.557359;0.3338083;;
28.999;-0.5573586;0.3338071;;
29;-0.5573585;0.3338068;;
29.001;-0.5573585;0.3338068;;
29.002;-0.5573585;0.3338068;;
29.031;-0.5548444;0.3266205;;
29.065;-0.547415;0.3042726;;
29.066;-0.547415;0.3042726;;
29.067;-0.547415;0.3042726;;
29.068;-0.547415;0.3042726;;
29.069;-0.547415;0.3042726;;
29.069;-0.547415;0.3042726;;
29.07;-0.547415;0.3042726;;
29.097;-0.5411547;0.2839141;;
29.1;-0.5410575;0.2835982;;
29.101;-0.5410472;0.2835647;;
29.102;-0.5410426;0.2835498;;
29.103;-0.5410405;0.2835431;;
29.104;-0.5410393;0.2835389;;
29.131;-0.536208;0.2666498;;
29.131;-0.5361866;0.2665749;;
29.133;-0.5351718;0.2628682;;
29.135;-0.5349743;0.2621467;;
29.136;-0.5348532;0.2617045;;
29.137;-0.5347608;0.2613667;;
29.165;-0.5311442;0.2476184;;
29.168;-0.5310897;0.2474111;;
29.17;-0.5310823;0.2473832;;
29.172;-0.5303079;0.2443302;;
29.173;-0.5303079;0.2443302;;
29.174;-0.5303079;0.2443302;;
29.2;-0.5274644;0.2327541;;
29.2;-0.5267392;0.2296854;;
29.201;-0.5262439;0.2275894;;
29.203;-0.5261801;0.2273193;;
29.205;-0.5261567;0.2272204;;
29.206;-0.5261519;0.2271999;;
29.231644;;;-0.804602621787448;0.169467084057424
28.995;-0.5573858;0.3338825;;
28.996;-0.557363;0.3338192;;
28.998;-0.557359;0.3338083;;
28.999;-0.5573586;0.3338071;;
29;-0.5573585;0.3338068;;
29.001;-0.5573585;0.3338068;;
29.002;-0.5573585;0.3338068;;
29.031;-0.5548444;0.3266205;;
29.065;-0.547415;0.3042726;;
29.066;-0.547415;0.3042726;;
29.067;-0.547415;0.3042726;;
29.068;-0.547415;0.3042726;;
29.069;-0.547415;0.3042726;;
29.069;-0.547415;0.3042726;;
29.07;-0.547415;0.3042726;;
29.097;-0.5411547;0.2839141;;
29.1;-0.5410575;0.2835982;;
29.101;-0.5410472;0.2835647;;
29.102;-0.5410426;0.2835498;;
29.103;-0.5410405;0.2835431;;
29.104;-0.5410393;0.2835389;;
29.131;-0.536208;0.2666498;;
29.131;-0.5361866;0.2665749;;
29.133;-0.5351718;0.2628682;;
29.135;-0.5349743;0.2621467;;
29.136;-0.5348532;0.2617045;;
29.137;-0.5347608;0.2613667;;
29.165;-0.5311442;0.2476184;;
29.168;-0.5310897;0.2474111;;
29.17;-0.5310823;0.2473832;;
29.172;-0.5303079;0.2443302;;
29.173;-0.5303079;0.2443302;;
29.174;-0.5303079;0.2443302;;
29.2;-0.5274644;0.2327541;;
29.2;-0.5267392;0.2296854;;
29.201;-0.5262439;0.2275894;;
29.203;-0.5261801;0.2273193;;
29.205;-0.5261567;0.2272204;;
29.206;-0.5261519;0.2271999;;
29.239;-0.52363;0.2160988;;
29.24;-0.5235919;0.2159309;;
29.241;-0.5235916;0.2159297;;
29.242;-0.5235732;0.2158488;;
29.243;-0.5235732;0.2158488;;
29.267;-0.5186656;0.1922774;;
29.267;-0.518616;0.1920396;;
29.269;-0.5185782;0.1918581;;
29.271;-0.5185655;0.1917968;;
29.272;-0.5185636;0.1917876;;
29.273;-0.5185632;0.1917855;;
29.2774982;;;-0.841157103227319;0.116215539108196
28.995;-0.5573858;0.3338825;;
28.996;-0.557363;0.3338192;;
28.998;-0.557359;0.3338083;;
28.999;-0.5573586;0.3338071;;
29;-0.5573585;0.3338068;;
29.001;-0.5573585;0.3338068;;
29.002;-0.5573585;0.3338068;;
29.031;-0.5548444;0.3266205;;
29.065;-0.547415;0.3042726;;
29.066;-0.547415;0.3042726;;
29.067;-0.547415;0.3042726;;
29.068;-0.547415;0.3042726;;
29.069;-0.547415;0.3042726;;
29.069;-0.547415;0.3042726;;
29.07;-0.547415;0.3042726;;
29.097;-0.5411547;0.2839141;;
29.1;-0.5410575;0.2835982;;
29.101;-0.5410472;0.2835647;;
29.102;-0.5410426;0.2835498;;
29.103;-0.5410405;0.2835431;;
29.104;-0.5410393;0.2835389;;
29.131;-0.536208;0.2666498;;
29.131;-0.5361866;0.2665749;;
29.133;-0.5351718;0.2628682;;
29.135;-0.5349743;0.2621467;;
29.136;-0.5348532;0.2617045;;
29.137;-0.5347608;0.2613667;;
29.165;-0.5311442;0.2476184;;
29.168;-0.5310897;0.2474111;;
29.17;-0.5310823;0.2473832;;
29.172;-0.5303079;0.2443302;;
29.173;-0.5303079;0.2443302;;
29.174;-0.5303079;0.2443302;;
29.2;-0.5274644;0.2327541;;
29.2;-0.5267392;0.2296854;;
29.201;-0.5262439;0.2275894;;
29.203;-0.5261801;0.2273193;;
29.205;-0.5261567;0.2272204;;
29.206;-0.5261519;0.2271999;;
29.239;-0.52363;0.2160988;;
29.24;-0.5235919;0.2159309;;
29.241;-0.5235916;0.2159297;;
29.242;-0.5235732;0.2158488;;
29.243;-0.5235732;0.2158488;;
29.267;-0.5186656;0.1922774;;
29.267;-0.518616;0.1920396;;
29.269;-0.5185782;0.1918581;;
29.271;-0.5185655;0.1917968;;
29.272;-0.5185636;0.1917876;;
29.273;-0.5185632;0.1917855;;
29.2945436;;;-0.841157103227319;0.050001399951373
29.065;-0.547415;0.3042726;;
29.066;-0.547415;0.3042726;;
29.067;-0.547415;0.3042726;;
29.068;-0.547415;0.3042726;;
29.069;-0.547415;0.3042726;;
29.069;-0.547415;0.3042726;;
29.07;-0.547415;0.3042726;;
29.097;-0.5411547;0.2839141;;
29.1;-0.5410575;0.2835982;;
29.101;-0.5410472;0.2835647;;
29.102;-0.5410426;0.2835498;;
29.103;-0.5410405;0.2835431;;
29.104;-0.5410393;0.2835389;;
29.131;-0.536208;0.2666498;;
29.131;-0.5361866;0.2665749;;
29.133;-0.5351718;0.2628682;;
29.135;-0.5349743;0.2621467;;
29.136;-0.5348532;0.2617045;;
29.137;-0.5347608;0.2613667;;
29.165;-0.5311442;0.2476184;;
29.168;-0.5310897;0.2474111;;
29.17;-0.5310823;0.2473832;;
29.172;-0.5303079;0.2443302;;
29.173;-0.5303079;0.2443302;;
29.174;-0.5303079;0.2443302;;
29.2;-0.5274644;0.2327541;;
29.2;-0.5267392;0.2296854;;
29.201;-0.5262439;0.2275894;;
29.203;-0.5261801;0.2273193;;
29.205;-0.5261567;0.2272204;;
29.206;-0.5261519;0.2271999;;
29.239;-0.52363;0.2160988;;
29.24;-0.5235919;0.2159309;;
29.241;-0.5235916;0.2159297;;
29.242;-0.5235732;0.2158488;;
29.243;-0.5235732;0.2158488;;
29.267;-0.5186656;0.1922774;;
29.267;-0.518616;0.1920396;;
29.269;-0.5185782;0.1918581;;
29.271;-0.5185655;0.1917968;;
29.272;-0.5185636;0.1917876;;
29.273;-0.5185632;0.1917855;;
29.301;-0.5165814;0.1813474;;
29.304;-0.516565;0.181261;;
29.306;-0.5165637;0.1812542;;
29.307;-0.5165636;0.1812535;;
29.307;-0.5165635;0.1812534;;
29.308;-0.5165635;0.1812533;;
29.335;-0.515035;0.1727498;;
29.337;-0.5135962;0.1642865;;
29.34;-0.5133076;0.1625896;;
29.341;-0.513262;0.1623209;;
29.342;-0.513262;0.1623209;;
29.342;-0.513262;0.1623209;;
29.3592174;;;-0.813051047402601;-0.0164348437889179
29.097;-0.5411547;0.2839141;;
29.1;-0.5410575;0.2835982;;
29.101;-0.5410472;0.2835647;;
29.102;-0.5410426;0.2835498;;
29.103;-0.5410405;0.2835431;;
29.104;-0.5410393;0.2835389;;
29.131;-0.536208;0.2666498;;
29.131;-0.5361866;0.2665749;;
29.133;-0.5351718;0.2628682;;
29.135;-0.5349743;0.2621467;;
29.136;-0.5348532;0.2617045;;
29.137;-0.5347608;0.2613667;;
29.165;-0.5311442;0.2476184;;
29.168;-0.5310897;0.2474111;;
29.17;-0.5310823;0.2473832;;
29.172;-0.5303079;0.2443302;;
29.173;-0.5303079;0.2443302;;
29.174;-0.5303079;0.2443302;;
29.2;-0.5274644;0.2327541;;
29.2;-0.5267392;0.2296854;;
29.201;-0.5262439;0.2275894;;
29.203;-0.5261801;0.2273193;;
29.205;-0.5261567;0.2272204;;
29.206;-0.5261519;0.2271999;;
29.239;-0.52363;0.2160988;;
29.24;-0.5235919;0.2159309;;
29.241;-0.5235916;0.2159297;;
29.242;-0.5235732;0.2158488;;
29.243;-0.5235732;0.2158488;;
29.267;-0.5186656;0.1922774;;
29.267;-0.518616;0.1920396;;
29.269;-0.5185782;0.1918581;;
29.271;-0.5185655;0.1917968;;
29.272;-0.5185636;0.1917876;;
29.273;-0.5185632;0.1917855;;
29.301;-0.5165814;0.1813474;;
29.304;-0.516565;0.181261;;
29.306;-0.5165637;0.1812542;;
29.307;-0.5165636;0.1812535;;
29.307;-0.5165635;0.1812534;;
29.308;-0.5165635;0.1812533;;
29.335;-0.515035;0.1727498;;
29.337;-0.5135962;0.1642865;;
29.34;-0.5133076;0.1625896;;
29.341;-0.513262;0.1623209;;
29.342;-0.513262;0.1623209;;
29.342;-0.513262;0.1623209;;
29.369;-0.5114349;0.1507904;;
29.37;-0.511421;0.1507026;;
29.373;-0.5114183;0.1506855;;
29.375;-0.5114181;0.1506846;;
29.376;-0.511418;0.1506841;;
29.377;-0.511418;0.1506841;;
29.3789656;;;-0.862307685229034;-0.0842700588940384
29.131;-0.536208;0.2666498;;
29.131;-0.5361866;0.2665749;;
29.133;-0.5351718;0.2628682;;
29.135;-0.5349743;0.2621467;;
29.136;-0.5348532;0.2617045;;
29.137;-0.5347608;0.2613667;;
29.165;-0.5311442;0.2476184;;
29.168;-0.5310897;0.2474111;;
29.17;-0.5310823;0.2473832;;
29.172;-0.5303079;0.2443302;;
29.173;-0.5303079;0.2443302;;
29.174;-0.5303079;0.2443302;;
29.2;-0.5274644;0.2327541;;
29.2;-0.5267392;0.2296854;;
29.201;-0.5262439;0.2275894;;
29.203;-0.5261801;0.2273193;;
29.205;-0.5261567;0.2272204;;
29.206;-0.5261519;0.2271999;;
29.239;-0.52363;0.2160988;;
29.24;-0.5235919;0.2159309;;
29.241;-0.5235916;0.2159297;;
29.242;-0.5235732;0.2158488;;
29.243;-0.5235732;0.2158488;;
29.267;-0.5186656;0.1922774;;
29.267;-0.518616;0.1920396;;
29.269;-0.5185782;0.1918581;;
29.271;-0.5185655;0.1917968;;
29.272;-0.5185636;0.1917876;;
29.273;-0.5185632;0.1917855;;
29.301;-0.5165814;0.1813474;;
29.304;-0.516565;0.181261;;
29.306;-0.5165637;0.1812542;;
29.307;-0.5165636;0.1812535;;
29.307;-0.5165635;0.1812534;;
29.308;-0.5165635;0.1812533;;
29.335;-0.515035;0.1727498;;
29.337;-0.5135962;0.1642865;;
29.34;-0.5133076;0.1625896;;
29.341;-0.513262;0.1623209;;
29.342;-0.513262;0.1623209;;
29.342;-0.513262;0.1623209;;
29.369;-0.5114349;0.1507904;;
29.37;-0.511421;0.1507026;;
29.373;-0.5114183;0.1506855;;
29.375;-0.5114181;0.1506846;;
29.376;-0.511418;0.1506841;;
29.377;-0.511418;0.1506841;;
29.404;-0.507078;0.118768;;
29.405;-0.507078;0.118768;;
29.405;-0.507078;0.118768;;
29.407;-0.507078;0.118768;;
29.409;-0.507078;0.118768;;
29.41;-0.507078;0.118768;;
29.4339129;;;-0.899667015204906;-0.151039479658842
29.165;-0.5311442;0.2476184;;
29.168;-0.5310897;0.2474111;;
29.17;-0.5310823;0.2473832;;
29.172;-0.5303079;0.2443302;;
29.173;-0.5303079;0.2443302;;
29.174;-0.5303079;0.2443302;;
29.2;-0.5274644;0.2327541;;
29.2;-0.5267392;0.2296854;;
29.201;-0.5262439;0.2275894;;
29.203;-0.5261801;0.2273193;;
29.205;-0.5261567;0.2272204;;
29.206;-0.5261519;0.2271999;;
29.239;-0.52363;0.2160988;;
29.24;-0.5235919;0.2159309;;
29.241;-0.5235916;0.2159297;;
29.242;-0.5235732;0.2158488;;
29.243;-0.5235732;0.2158488;;
29.267;-0.5186656;0.1922774;;
29.267;-0.518616;0.1920396;;
29.269;-0.5185782;0.1918581;;
29.271;-0.5185655;0.1917968;;
29.272;-0.5185636;0.1917876;;
29.273;-0.5185632;0.1917855;;
29.301;-0.5165814;0.1813474;;
29.304;-0.516565;0.181261;;
29.306;-0.5165637;0.1812542;;
29.307;-0.5165636;0.1812535;;
29.307;-0.5165635;0.1812534;;
29.308;-0.5165635;0.1812533;;
29.335;-0.515035;0.1727498;;
29.337;-0.5135962;0.1642865;;
29.34;-0.5133076;0.1625896;;
29.341;-0.513262;0.1623209;;
29.342;-0.513262;0.1623209;;
29.342;-0.513262;0.1623209;;
29.369;-0.5114349;0.1507904;;
29.37;-0.511421;0.1507026;;
29.373;-0.5114183;0.1506855;;
29.375;-0.5114181;0.1506846;;
29.376;-0.511418;0.1506841;;
29.377;-0.511418;0.1506841;;
29.404;-0.507078;0.118768;;
29.405;-0.507078;0.118768;;
29.405;-0.507078;0.118768;;
29.407;-0.507078;0.118768;;
29.409;-0.507078;0.118768;;
29.41;-0.507078;0.118768;;
29.438;-0.5056648;0.1062828;;
29.441;-0.5056529;0.106178;;
29.443;-0.5056521;0.1061706;;
29.4534724;;;-0.916539785034256;-0.214429448314264
29.2;-0.5274644;0.2327541;;
29.2;-0.5267392;0.2296854;;
29.201;-0.5262439;0.2275894;;
29.203;-0.5261801;0.2273193;;
29.205;-0.5261567;0.2272204;;
29.206;-0.5261519;0.2271999;;
29.239;-0.52363;0.2160988;;
29.24;-0.5235919;0.2159309;;
29.241;-0.5235916;0.2159297;;
29.242;-0.5235732;0.2158488;;
29.243;-0.5235732;0.2158488;;
29.267;-0.5186656;0.1922774;;
29.267;-0.518616;0.1920396;;
29.269;-0.5185782;0.1918581;;
29.271;-0.5185655;0.1917968;;
29.272;-0.5185636;0.1917876;;
29.273;-0.5185632;0.1917855;;
29.301;-0.5165814;0.1813474;;
29.304;-0.516565;0.181261;;
29.306;-0.5165637;0.1812542;;
29.307;-0.5165636;0.1812535;;
29.307;-0.5165635;0.1812534;;
29.308;-0.5165635;0.1812533;;
29.335;-0.515035;0.1727498;;
29.337;-0.5135962;0.1642865;;
29.34;-0.5133076;0.1625896;;
29.341;-0.513262;0.1623209;;
29.342;-0.513262;0.1623209;;
29.342;-0.513262;0.1623209;;
29.369;-0.5114349;0.1507904;;
29.37;-0.511421;0.1507026;;
29.373;-0.5114183;0.1506855;;
29.375;-0.5114181;0.1506846;;
29.376;-0.511418;0.1506841;;
29.377;-0.511418;0.1506841;;
29.404;-0.507078;0.118768;;
29.405;-0.507078;0.118768;;
29.405;-0.507078;0.118768;;
29.407;-0.507078;0.118768;;
29.409;-0.507078;0.118768;;
29.41;-0.507078;0.118768;;
29.438;-0.5056648;0.1062828;;
29.441;-0.5056529;0.106178;;
29.443;-0.5056521;0.1061706;;
29.472;-0.5040891;0.09032869;;
29.473;-0.5040777;0.09021328;;
29.475;-0.5040761;0.09019742;;
29.477;-0.5040756;0.09019239;;
29.479;-0.5040755;0.09019095;;
29.5041147;;;-0.903782888968597;-0.271519718288489
29.239;-0.52363;0.2160988;;
29.24;-0.5235919;0.2159309;;
29.241;-0.5235916;0.2159297;;
29.242;-0.5235732;0.2158488;;
29.243;-0.5235732;0.2158488;;
29.267;-0.5186656;0.1922774;;
29.267;-0.518616;0.1920396;;
29.269;-0.5185782;0.1918581;;
29.271;-0.5185655;0.1917968;;
29.272;-0.5185636;0.1917876;;
29.273;-0.5185632;0.1917855;;
29.301;-0.5165814;0.1813474;;
29.304;-0.516565;0.181261;;
29.306;-0.5165637;0.1812542;;
29.307;-0.5165636;0.1812535;;
29.307;-0.5165635;0.1812534;;
29.308;-0.5165635;0.1812533;;
29.335;-0.515035;0.1727498;;
29.337;-0.5135962;0.1642865;;
29.34;-0.5133076;0.1625896;;
29.341;-0.513262;0.1623209;;
29.342;-0.513262;0.1623209;;
29.342;-0.513262;0.1623209;;
29.369;-0.5114349;0.1507904;;
29.37;-0.511421;0.1507026;;
29.373;-0.5114183;0.1506855;;
29.375;-0.5114181;0.1506846;;
29.376;-0.511418;0.1506841;;
29.377;-0.511418;0.1506841;;
29.404;-0.507078;0.118768;;
29.405;-0.507078;0.118768;;
29.405;-0.507078;0.118768;;
29.407;-0.507078;0.118768;;
29.409;-0.507078;0.118768;;
29.41;-0.507078;0.118768;;
29.438;-0.5056648;0.1062828;;
29.441;-0.5056529;0.106178;;
29.443;-0.5056521;0.1061706;;
29.472;-0.5040891;0.09032869;;
29.473;-0.5040777;0.09021328;;
29.475;-0.5040761;0.09019742;;
29.477;-0.5040756;0.09019239;;
29.479;-0.5040755;0.09019095;;
29.506;-0.502534;0.07114494;;
29.508;-0.502534;0.07114494;;
29.51;-0.502534;0.07114494;;
29.511;-0.502534;0.07114494;;
29.518;-0.502534;0.07114494;;
29.518;-0.502534;0.07114494;;
29.5276774;;;-0.883076682319433;-0.326650752010286
29.267;-0.5186656;0.1922774;;
29.267;-0.518616;0.1920396;;
29.269;-0.5185782;0.1918581;;
29.271;-0.5185655;0.1917968;;
29.272;-0.5185636;0.1917876;;
29.273;-0.5185632;0.1917855;;
29.301;-0.5165814;0.1813474;;
29.304;-0.516565;0.181261;;
29.306;-0.5165637;0.1812542;;
29.307;-0.5165636;0.1812535;;
29.307;-0.5165635;0.1812534;;
29.308;-0.5165635;0.1812533;;
29.335;-0.515035;0.1727498;;
29.337;-0.5135962;0.1642865;;
29.34;-0.5133076;0.1625896;;
29.341;-0.513262;0.1623209;;
29.342;-0.513262;0.1623209;;
29.342;-0.513262;0.1623209;;
29.369;-0.5114349;0.1507904;;
29.37;-0.511421;0.1507026;;
29.373;-0.5114183;0.1506855;;
29.375;-0.5114181;0.1506846;;
29.376;-0.511418;0.1506841;;
29.377;-0.511418;0.1506841;;
29.404;-0.507078;0.118768;;
29.405;-0.507078;0.118768;;
29.405;-0.507078;0.118768;;
29.407;-0.507078;0.118768;;
29.409;-0.507078;0.118768;;
29.41;-0.507078;0.118768;;
29.438;-0.5056648;0.1062828;;
29.441;-0.5056529;0.106178;;
29.443;-0.5056521;0.1061706;;
29.472;-0.5040891;0.09032869;;
29.473;-0.5040777;0.09021328;;
29.475;-0.5040761;0.09019742;;
29.477;-0.5040756;0.09019239;;
29.479;-0.5040755;0.09019095;;
29.506;-0.502534;0.07114494;;
29.508;-0.502534;0.07114494;;
29.51;-0.502534;0.07114494;;
29.511;-0.502534;0.07114494;;
29.518;-0.502534;0.07114494;;
29.518;-0.502534;0.07114494;;
29.54;-0.5020357;0.06377084;;
29.541;-0.502031;0.06370058;;
29.545;-0.5020303;0.06368919;;
29.546;-0.5020302;0.06368869;;
29.546;-0.5020302;0.0636886;;
29.547;-0.5020302;0.06368856;;
29.5712935;;;-0.838306597490853;-0.385385732348138
29.301;-0.5165814;0.1813474;;
29.304;-0.516565;0.181261;;
29.306;-0.5165637;0.1812542;;
29.307;-0.5165636;0.1812535;;
29.307;-0.5165635;0.1812534;;
29.308;-0.5165635;0.1812533;;
29.335;-0.515035;0.1727498;;
29.337;-0.5135962;0.1642865;;
29.34;-0.5133076;0.1625896;;
29.341;-0.513262;0.1623209;;
29.342;-0.513262;0.1623209;;
29.342;-0.513262;0.1623209;;
29.369;-0.5114349;0.1507904;;
29.37;-0.511421;0.1507026;;
29.373;-0.5114183;0.1506855;;
29.375;-0.5114181;0.1506846;;
29.376;-0.511418;0.1506841;;
29.377;-0.511418;0.1506841;;
29.404;-0.507078;0.118768;;
29.405;-0.507078;0.118768;;
29.405;-0.507078;0.118768;;
29.407;-0.507078;0.118768;;
29.409;-0.507078;0.118768;;
29.41;-0.507078;0.118768;;
29.438;-0.5056648;0.1062828;;
29.441;-0.5056529;0.106178;;
29.443;-0.5056521;0.1061706;;
29.472;-0.5040891;0.09032869;;
29.473;-0.5040777;0.09021328;;
29.475;-0.5040761;0.09019742;;
29.477;-0.5040756;0.09019239;;
29.479;-0.5040755;0.09019095;;
29.506;-0.502534;0.07114494;;
29.508;-0.502534;0.07114494;;
29.51;-0.502534;0.07114494;;
29.511;-0.502534;0.07114494;;
29.518;-0.502534;0.07114494;;
29.518;-0.502534;0.07114494;;
29.54;-0.5020357;0.06377084;;
29.541;-0.502031;0.06370058;;
29.545;-0.5020303;0.06368919;;
29.546;-0.5020302;0.06368869;;
29.546;-0.5020302;0.0636886;;
29.547;-0.5020302;0.06368856;;
29.574;-0.5008311;0.04064103;;
29.574;-0.5008308;0.04063326;;
29.575;-0.5008149;0.04032743;;
29.578;-0.5008101;0.04023654;;
29.58;-0.5008091;0.0402185;;
29.581;-0.5008088;0.04021148;;
29.6018747;;;-0.853750247509004;-0.451611510094861
29.369;-0.5114349;0.1507904;;
29.37;-0.511421;0.1507026;;
29.373;-0.5114183;0.1506855;;
29.375;-0.5114181;0.1506846;;
29.376;-0.511418;0.1506841;;
29.377;-0.511418;0.1506841;;
29.404;-0.507078;0.118768;;
29.405;-0.507078;0.118768;;
29.405;-0.507078;0.118768;;
29.407;-0.507078;0.118768;;
29.409;-0.507078;0.118768;;
29.41;-0.507078;0.118768;;
29.438;-0.5056648;0.1062828;;
29.441;-0.5056529;0.106178;;
29.443;-0.5056521;0.1061706;;
29.472;-0.5040891;0.09032869;;
29.473;-0.5040777;0.09021328;;
29.475;-0.5040761;0.09019742;;
29.477;-0.5040756;0.09019239;;
29.479;-0.5040755;0.09019095;;
29.506;-0.502534;0.07114494;;
29.508;-0.502534;0.07114494;;
29.51;-0.502534;0.07114494;;
29.511;-0.502534;0.07114494;;
29.518;-0.502534;0.07114494;;
29.518;-0.502534;0.07114494;;
29.54;-0.5020357;0.06377084;;
29.541;-0.502031;0.06370058;;
29.545;-0.5020303;0.06368919;;
29.546;-0.5020302;0.06368869;;
29.546;-0.5020302;0.0636886;;
29.547;-0.5020302;0.06368856;;
29.574;-0.5008311;0.04064103;;
29.574;-0.5008308;0.04063326;;
29.575;-0.5008149;0.04032743;;
29.578;-0.5008101;0.04023654;;
29.58;-0.5008091;0.0402185;;
29.581;-0.5008088;0.04021148;;
29.609;-0.5001713;0.01839186;;
29.613;-0.5001659;0.01820655;;
29.641;-0.5000015;0.0001926832;;
29.643;-0.5000006;9.94932E-05;;
29.645;-0.5000002;5.650782E-05;;
29.6464905;;;-0.28986635508054;-0.497951925597005
29.369;-0.5114349;0.1507904;;
29.37;-0.511421;0.1507026;;
29.373;-0.5114183;0.1506855;;
29.375;-0.5114181;0.1506846;;
29.376;-0.511418;0.1506841;;
29.377;-0.511418;0.1506841;;
29.404;-0.507078;0.118768;;
29.405;-0.507078;0.118768;;
29.405;-0.507078;0.118768;;
29.407;-0.507078;0.118768;;
29.409;-0.507078;0.118768;;
29.41;-0.507078;0.118768;;
29.438;-0.5056648;0.1062828;;
29.441;-0.5056529;0.106178;;
29.443;-0.5056521;0.1061706;;
29.472;-0.5040891;0.09032869;;
29.473;-0.5040777;0.09021328;;
29.475;-0.5040761;0.09019742;;
29.477;-0.5040756;0.09019239;;
29.479;-0.5040755;0.09019095;;
29.506;-0.502534;0.07114494;;
29.508;-0.502534;0.07114494;;
29.51;-0.502534;0.07114494;;
29.511;-0.502534;0.07114494;;
29.518;-0.502534;0.07114494;;
29.518;-0.502534;0.07114494;;
29.54;-0.5020357;0.06377084;;
29.541;-0.502031;0.06370058;;
29.545;-0.5020303;0.06368919;;
29.546;-0.5020302;0.06368869;;
29.546;-0.5020302;0.0636886;;
29.547;-0.5020302;0.06368856;;
29.574;-0.5008311;0.04064103;;
29.574;-0.5008308;0.04063326;;
29.575;-0.5008149;0.04032743;;
29.578;-0.5008101;0.04023654;;
29.58;-0.5008091;0.0402185;;
29.581;-0.5008088;0.04021148;;
29.609;-0.5001713;0.01839186;;
29.613;-0.5001659;0.01820655;;
29.641;-0.5000015;0.0001926832;;
29.643;-0.5000006;9.94932E-05;;
29.645;-0.5000002;5.650782E-05;;
29.6689227;;;-0.28986635508054;-0.530149303216742
29.438;-0.5056648;0.1062828;;
29.441;-0.5056529;0.106178;;
29.443;-0.5056521;0.1061706;;
29.472;-0.5040891;0.09032869;;
29.473;-0.5040777;0.09021328;;
29.475;-0.5040761;0.09019742;;
29.477;-0.5040756;0.09019239;;
29.479;-0.5040755;0.09019095;;
29.506;-0.502534;0.07114494;;
29.508;-0.502534;0.07114494;;
29.51;-0.502534;0.07114494;;
29.511;-0.502534;0.07114494;;
29.518;-0.502534;0.07114494;;
29.518;-0.502534;0.07114494;;
29.54;-0.5020357;0.06377084;;
29.541;-0.502031;0.06370058;;
29.545;-0.5020303;0.06368919;;
29.546;-0.5020302;0.06368869;;
29.546;-0.5020302;0.0636886;;
29.547;-0.5020302;0.06368856;;
29.574;-0.5008311;0.04064103;;
29.574;-0.5008308;0.04063326;;
29.575;-0.5008149;0.04032743;;
29.578;-0.5008101;0.04023654;;
29.58;-0.5008091;0.0402185;;
29.581;-0.5008088;0.04021148;;
29.609;-0.5001713;0.01839186;;
29.613;-0.5001659;0.01820655;;
29.641;-0.5000015;0.0001926832;;
29.643;-0.5000006;9.94932E-05;;
29.645;-0.5000002;5.650782E-05;;
29.647;-0.5000106;-0.004290987;;
29.648;-0.5000111;-0.004500399;;
29.648;-0.5000113;-0.004560054;;
29.649;-0.5000114;-0.00463989;;
29.679;-0.500191;-0.01946992;;
29.68;-0.5001922;-0.01959008;;
29.682;-0.5001923;-0.01960872;;
29.684;-0.5002374;-0.02174993;;
29.685;-0.50025;-0.02235266;;
29.686;-0.5002522;-0.02245562;;
29.687;-0.5002525;-0.02247132;;
29.71;-0.5005761;-0.03391949;;
29.711;-0.5005784;-0.03399901;;
29.714;-0.500758;-0.03886583;;
29.715;-0.5007765;-0.03936681;;
29.715;-0.5007857;-0.03961789;;
29.716;-0.5007916;-0.03977763;;
29.7245746;;;0.685559672658164;-0.485250069638667
29.438;-0.5056648;0.1062828;;
29.441;-0.5056529;0.106178;;
29.443;-0.5056521;0.1061706;;
29.472;-0.5040891;0.09032869;;
29.473;-0.5040777;0.09021328;;
29.475;-0.5040761;0.09019742;;
29.477;-0.5040756;0.09019239;;
29.479;-0.5040755;0.09019095;;
29.506;-0.502534;0.07114494;;
29.508;-0.502534;0.07114494;;
29.51;-0.502534;0.07114494;;
29.511;-0.502534;0.07114494;;
29.518;-0.502534;0.07114494;;
29.518;-0.502534;0.07114494;;
29.54;-0.5020357;0.06377084;;
29.541;-0.502031;0.06370058;;
29.545;-0.5020303;0.06368919;;
29.546;-0.5020302;0.06368869;;
29.546;-0.5020302;0.0636886;;
29.547;-0.5020302;0.06368856;;
29.574;-0.5008311;0.04064103;;
29.574;-0.5008308;0.04063326;;
29.575;-0.5008149;0.04032743;;
29.578;-0.5008101;0.04023654;;
29.58;-0.5008091;0.0402185;;
29.581;-0.5008088;0.04021148;;
29.609;-0.5001713;0.01839186;;
29.613;-0.5001659;0.01820655;;
29.641;-0.5000015;0.0001926832;;
29.643;-0.5000006;9.94932E-05;;
29.645;-0.5000002;5.650782E-05;;
29.647;-0.5000106;-0.004290987;;
29.648;-0.5000111;-0.004500399;;
29.648;-0.5000113;-0.004560054;;
29.649;-0.5000114;-0.00463989;;
29.679;-0.500191;-0.01946992;;
29.68;-0.5001922;-0.01959008;;
29.682;-0.5001923;-0.01960872;;
29.684;-0.5002374;-0.02174993;;
29.685;-0.50025;-0.02235266;;
29.686;-0.5002522;-0.02245562;;
29.687;-0.5002525;-0.02247132;;
29.71;-0.5005761;-0.03391949;;
29.711;-0.5005784;-0.03399901;;
29.714;-0.500758;-0.03886583;;
29.715;-0.5007765;-0.03936681;;
29.715;-0.5007857;-0.03961789;;
29.716;-0.5007916;-0.03977763;;
29.7401163;;;0.685559672658164;-0.440350836060591
29.506;-0.502534;0.07114494;;
29.508;-0.502534;0.07114494;;
29.51;-0.502534;0.07114494;;
29.511;-0.502534;0.07114494;;
29.518;-0.502534;0.07114494;;
29.518;-0.502534;0.07114494;;
29.54;-0.5020357;0.06377084;;
29.541;-0.502031;0.06370058;;
29.545;-0.5020303;0.06368919;;
29.546;-0.5020302;0.06368869;;
29.546;-0.5020302;0.0636886;;
29.547;-0.5020302;0.06368856;;
29.574;-0.5008311;0.04064103;;
29.574;-0.5008308;0.04063326;;
29.575;-0.5008149;0.04032743;;
29.578;-0.5008101;0.04023654;;
29.58;-0.5008091;0.0402185;;
29.581;-0.5008088;0.04021148;;
29.609;-0.5001713;0.01839186;;
29.613;-0.5001659;0.01820655;;
29.641;-0.5000015;0.0001926832;;
29.643;-0.5000006;9.94932E-05;;
29.645;-0.5000002;5.650782E-05;;
29.647;-0.5000106;-0.004290987;;
29.648;-0.5000111;-0.004500399;;
29.648;-0.5000113;-0.004560054;;
29.649;-0.5000114;-0.00463989;;
29.679;-0.500191;-0.01946992;;
29.68;-0.5001922;-0.01959008;;
29.682;-0.5001923;-0.01960872;;
29.684;-0.5002374;-0.02174993;;
29.685;-0.50025;-0.02235266;;
29.686;-0.5002522;-0.02245562;;
29.687;-0.5002525;-0.02247132;;
29.71;-0.5005761;-0.03391949;;
29.711;-0.5005784;-0.03399901;;
29.714;-0.500758;-0.03886583;;
29.715;-0.5007765;-0.03936681;;
29.715;-0.5007857;-0.03961789;;
29.716;-0.5007916;-0.03977763;;
29.744;-0.5013247;-0.05144243;;
29.745;-0.5013286;-0.05152963;;
29.748;-0.5013293;-0.05154419;;
29.749;-0.5013294;-0.05154507;;
29.778;-0.5024514;-0.06993473;;
29.78;-0.5027006;-0.07339518;;
29.781;-0.5027814;-0.0745176;;
29.784;-0.5028048;-0.07484132;;
29.785;-0.5028077;-0.07488188;;
29.785;-0.5028082;-0.07488868;;
29.786;-0.5028085;-0.07489374;;
29.787;-0.5028086;-0.07489499;;
29.794528;;;0.507438587313146;-0.386509002326057
29.518;-0.502534;0.07114494;;
29.518;-0.502534;0.07114494;;
29.54;-0.5020357;0.06377084;;
29.541;-0.502031;0.06370058;;
29.545;-0.5020303;0.06368919;;
29.546;-0.5020302;0.06368869;;
29.546;-0.5020302;0.0636886;;
29.547;-0.5020302;0.06368856;;
29.574;-0.5008311;0.04064103;;
29.574;-0.5008308;0.04063326;;
29.575;-0.5008149;0.04032743;;
29.578;-0.5008101;0.04023654;;
29.58;-0.5008091;0.0402185;;
29.581;-0.5008088;0.04021148;;
29.609;-0.5001713;0.01839186;;
29.613;-0.5001659;0.01820655;;
29.641;-0.5000015;0.0001926832;;
29.643;-0.5000006;9.94932E-05;;
29.645;-0.5000002;5.650782E-05;;
29.647;-0.5000106;-0.004290987;;
29.648;-0.5000111;-0.004500399;;
29.648;-0.5000113;-0.004560054;;
29.649;-0.5000114;-0.00463989;;
29.679;-0.500191;-0.01946992;;
29.68;-0.5001922;-0.01959008;;
29.682;-0.5001923;-0.01960872;;
29.684;-0.5002374;-0.02174993;;
29.685;-0.50025;-0.02235266;;
29.686;-0.5002522;-0.02245562;;
29.687;-0.5002525;-0.02247132;;
29.71;-0.5005761;-0.03391949;;
29.711;-0.5005784;-0.03399901;;
29.714;-0.500758;-0.03886583;;
29.715;-0.5007765;-0.03936681;;
29.715;-0.5007857;-0.03961789;;
29.716;-0.5007916;-0.03977763;;
29.744;-0.5013247;-0.05144243;;
29.745;-0.5013286;-0.05152963;;
29.748;-0.5013293;-0.05154419;;
29.749;-0.5013294;-0.05154507;;
29.778;-0.5024514;-0.06993473;;
29.78;-0.5027006;-0.07339518;;
29.781;-0.5027814;-0.0745176;;
29.784;-0.5028048;-0.07484132;;
29.785;-0.5028077;-0.07488188;;
29.785;-0.5028082;-0.07488868;;
29.786;-0.5028085;-0.07489374;;
29.787;-0.5028086;-0.07489499;;
29.813;-0.5032718;-0.08082381;;
29.814;-0.5032746;-0.08085937;;
29.8174612;;;0.406244467997317;-0.335849684996995
29.574;-0.5008311;0.04064103;;
29.574;-0.5008308;0.04063326;;
29.575;-0.5008149;0.04032743;;
29.578;-0.5008101;0.04023654;;
29.58;-0.5008091;0.0402185;;
29.581;-0.5008088;0.04021148;;
29.609;-0.5001713;0.01839186;;
29.613;-0.5001659;0.01820655;;
29.641;-0.5000015;0.0001926832;;
29.643;-0.5000006;9.94932E-05;;
29.645;-0.5000002;5.650782E-05;;
29.647;-0.5000106;-0.004290987;;
29.648;-0.5000111;-0.004500399;;
29.648;-0.5000113;-0.004560054;;
29.649;-0.5000114;-0.00463989;;
29.679;-0.500191;-0.01946992;;
29.68;-0.5001922;-0.01959008;;
29.682;-0.5001923;-0.01960872;;
29.684;-0.5002374;-0.02174993;;
29.685;-0.50025;-0.02235266;;
29.686;-0.5002522;-0.02245562;;
29.687;-0.5002525;-0.02247132;;
29.71;-0.5005761;-0.03391949;;
29.711;-0.5005784;-0.03399901;;
29.714;-0.500758;-0.03886583;;
29.715;-0.5007765;-0.03936681;;
29.715;-0.5007857;-0.03961789;;
29.716;-0.5007916;-0.03977763;;
29.744;-0.5013247;-0.05144243;;
29.745;-0.5013286;-0.05152963;;
29.748;-0.5013293;-0.05154419;;
29.749;-0.5013294;-0.05154507;;
29.778;-0.5024514;-0.06993473;;
29.78;-0.5027006;-0.07339518;;
29.781;-0.5027814;-0.0745176;;
29.784;-0.5028048;-0.07484132;;
29.785;-0.5028077;-0.07488188;;
29.785;-0.5028082;-0.07488868;;
29.786;-0.5028085;-0.07489374;;
29.787;-0.5028086;-0.07489499;;
29.813;-0.5032718;-0.08082381;;
29.814;-0.5032746;-0.08085937;;
29.817;-0.5037617;-0.08660264;;
29.818;-0.503862;-0.08778439;;
29.847;-0.5049993;-0.09984011;;
29.848;-0.5050172;-0.1000369;;
29.85;-0.5050238;-0.1001091;;
29.851;-0.5050259;-0.1001328;;
29.851;-0.5050259;-0.1001328;;
29.852;-0.5050259;-0.1001328;;
29.852;-0.5050259;-0.1001328;;
29.852;-0.5050259;-0.1001328;;
29.8615676;;;0.196630006668372;-0.296594643876582
29.609;-0.5001713;0.01839186;;
29.613;-0.5001659;0.01820655;;
29.641;-0.5000015;0.0001926832;;
29.643;-0.5000006;9.94932E-05;;
29.645;-0.5000002;5.650782E-05;;
29.647;-0.5000106;-0.004290987;;
29.648;-0.5000111;-0.004500399;;
29.648;-0.5000113;-0.004560054;;
29.649;-0.5000114;-0.00463989;;
29.679;-0.500191;-0.01946992;;
29.68;-0.5001922;-0.01959008;;
29.682;-0.5001923;-0.01960872;;
29.684;-0.5002374;-0.02174993;;
29.685;-0.50025;-0.02235266;;
29.686;-0.5002522;-0.02245562;;
29.687;-0.5002525;-0.02247132;;
29.71;-0.5005761;-0.03391949;;
29.711;-0.5005784;-0.03399901;;
29.714;-0.500758;-0.03886583;;
29.715;-0.5007765;-0.03936681;;
29.715;-0.5007857;-0.03961789;;
29.716;-0.5007916;-0.03977763;;
29.744;-0.5013247;-0.05144243;;
29.745;-0.5013286;-0.05152963;;
29.748;-0.5013293;-0.05154419;;
29.749;-0.5013294;-0.05154507;;
29.778;-0.5024514;-0.06993473;;
29.78;-0.5027006;-0.07339518;;
29.781;-0.5027814;-0.0745176;;
29.784;-0.5028048;-0.07484132;;
29.785;-0.5028077;-0.07488188;;
29.785;-0.5028082;-0.07488868;;
29.786;-0.5028085;-0.07489374;;
29.787;-0.5028086;-0.07489499;;
29.813;-0.5032718;-0.08082381;;
29.814;-0.5032746;-0.08085937;;
29.817;-0.5037617;-0.08660264;;
29.818;-0.503862;-0.08778439;;
29.847;-0.5049993;-0.09984011;;
29.848;-0.5050172;-0.1000369;;
29.85;-0.5050238;-0.1001091;;
29.851;-0.5050259;-0.1001328;;
29.851;-0.5050259;-0.1001328;;
29.852;-0.5050259;-0.1001328;;
29.852;-0.5050259;-0.1001328;;
29.852;-0.5050259;-0.1001328;;
29.881;-0.5062248;-0.111399;;
29.883;-0.5070789;-0.1186361;;
29.884;-0.5074201;-0.1215272;;
29.885;-0.5075206;-0.1223779;;
29.886;-0.5076063;-0.1231045;;
29.887;-0.5076063;-0.1231045;;
29.8921494;;;0.173276092768352;-0.265527941194705
29.641;-0.5000015;0.0001926832;;
29.643;-0.5000006;9.94932E-05;;
29.645;-0.5000002;5.650782E-05;;
29.647;-0.5000106;-0.004290987;;
29.648;-0.5000111;-0.004500399;;
29.648;-0.5000113;-0.004560054;;
29.649;-0.5000114;-0.00463989;;
29.679;-0.500191;-0.01946992;;
29.68;-0.5001922;-0.01959008;;
29.682;-0.5001923;-0.01960872;;
29.684;-0.5002374;-0.02174993;;
29.685;-0.50025;-0.02235266;;
29.686;-0.5002522;-0.02245562;;
29.687;-0.5002525;-0.02247132;;
29.71;-0.5005761;-0.03391949;;
29.711;-0.5005784;-0.03399901;;
29.714;-0.500758;-0.03886583;;
29.715;-0.5007765;-0.03936681;;
29.715;-0.5007857;-0.03961789;;
29.716;-0.5007916;-0.03977763;;
29.744;-0.5013247;-0.05144243;;
29.745;-0.5013286;-0.05152963;;
29.748;-0.5013293;-0.05154419;;
29.749;-0.5013294;-0.05154507;;
29.778;-0.5024514;-0.06993473;;
29.78;-0.5027006;-0.07339518;;
29.781;-0.5027814;-0.0745176;;
29.784;-0.5028048;-0.07484132;;
29.785;-0.5028077;-0.07488188;;
29.785;-0.5028082;-0.07488868;;
29.786;-0.5028085;-0.07489374;;
29.787;-0.5028086;-0.07489499;;
29.813;-0.5032718;-0.08082381;;
29.814;-0.5032746;-0.08085937;;
29.817;-0.5037617;-0.08660264;;
29.818;-0.503862;-0.08778439;;
29.847;-0.5049993;-0.09984011;;
29.848;-0.5050172;-0.1000369;;
29.85;-0.5050238;-0.1001091;;
29.851;-0.5050259;-0.1001328;;
29.851;-0.5050259;-0.1001328;;
29.852;-0.5050259;-0.1001328;;
29.852;-0.5050259;-0.1001328;;
29.852;-0.5050259;-0.1001328;;
29.881;-0.5062248;-0.111399;;
29.883;-0.5070789;-0.1186361;;
29.884;-0.5074201;-0.1215272;;
29.885;-0.5075206;-0.1223779;;
29.886;-0.5076063;-0.1231045;;
29.887;-0.5076063;-0.1231045;;
29.915;-0.5110149;-0.1480154;;
29.916;-0.5110149;-0.1480154;;
29.919;-0.5110149;-0.1480154;;
29.92;-0.5110149;-0.1480154;;
29.921;-0.5110149;-0.1480154;;
29.921;-0.5110149;-0.1480154;;
29.9365212;;;0.212812605019058;-0.244250986433997
29.679;-0.500191;-0.01946992;;
29.68;-0.5001922;-0.01959008;;
29.682;-0.5001923;-0.01960872;;
29.684;-0.5002374;-0.02174993;;
29.685;-0.50025;-0.02235266;;
29.686;-0.5002522;-0.02245562;;
29.687;-0.5002525;-0.02247132;;
29.71;-0.5005761;-0.03391949;;
29.711;-0.5005784;-0.03399901;;
29.714;-0.500758;-0.03886583;;
29.715;-0.5007765;-0.03936681;;
29.715;-0.5007857;-0.03961789;;
29.716;-0.5007916;-0.03977763;;
29.744;-0.5013247;-0.05144243;;
29.745;-0.5013286;-0.05152963;;
29.748;-0.5013293;-0.05154419;;
29.749;-0.5013294;-0.05154507;;
29.778;-0.5024514;-0.06993473;;
29.78;-0.5027006;-0.07339518;;
29.781;-0.5027814;-0.0745176;;
29.784;-0.5028048;-0.07484132;;
29.785;-0.5028077;-0.07488188;;
29.785;-0.5028082;-0.07488868;;
29.786;-0.5028085;-0.07489374;;
29.787;-0.5028086;-0.07489499;;
29.813;-0.5032718;-0.08082381;;
29.814;-0.5032746;-0.08085937;;
29.817;-0.5037617;-0.08660264;;
29.818;-0.503862;-0.08778439;;
29.847;-0.5049993;-0.09984011;;
29.848;-0.5050172;-0.1000369;;
29.85;-0.5050238;-0.1001091;;
29.851;-0.5050259;-0.1001328;;
29.851;-0.5050259;-0.1001328;;
29.852;-0.5050259;-0.1001328;;
29.852;-0.5050259;-0.1001328;;
29.852;-0.5050259;-0.1001328;;
29.881;-0.5062248;-0.111399;;
29.883;-0.5070789;-0.1186361;;
29.884;-0.5074201;-0.1215272;;
29.885;-0.5075206;-0.1223779;;
29.886;-0.5076063;-0.1231045;;
29.887;-0.5076063;-0.1231045;;
29.915;-0.5110149;-0.1480154;;
29.916;-0.5110149;-0.1480154;;
29.919;-0.5110149;-0.1480154;;
29.92;-0.5110149;-0.1480154;;
29.921;-0.5110149;-0.1480154;;
29.921;-0.5110149;-0.1480154;;
29.949;-0.5122644;-0.1561314;;
29.951;-0.5122815;-0.1562432;;
29.952;-0.5122853;-0.1562676;;
29.953;-0.5122871;-0.1562791;;
29.954;-0.5122871;-0.1562791;;
29.955;-0.5122871;-0.1562791;;
29.9585819;;;0.341409754536263;-0.249011490330989
29.744;-0.5013247;-0.05144243;;
29.745;-0.5013286;-0.05152963;;
29.748;-0.5013293;-0.05154419;;
29.749;-0.5013294;-0.05154507;;
29.778;-0.5024514;-0.06993473;;
29.78;-0.5027006;-0.07339518;;
29.781;-0.5027814;-0.0745176;;
29.784;-0.5028048;-0.07484132;;
29.785;-0.5028077;-0.07488188;;
29.785;-0.5028082;-0.07488868;;
29.786;-0.5028085;-0.07489374;;
29.787;-0.5028086;-0.07489499;;
29.813;-0.5032718;-0.08082381;;
29.814;-0.5032746;-0.08085937;;
29.817;-0.5037617;-0.08660264;;
29.818;-0.503862;-0.08778439;;
29.847;-0.5049993;-0.09984011;;
29.848;-0.5050172;-0.1000369;;
29.85;-0.5050238;-0.1001091;;
29.851;-0.5050259;-0.1001328;;
29.851;-0.5050259;-0.1001328;;
29.852;-0.5050259;-0.1001328;;
29.852;-0.5050259;-0.1001328;;
29.852;-0.5050259;-0.1001328;;
29.881;-0.5062248;-0.111399;;
29.883;-0.5070789;-0.1186361;;
29.884;-0.5074201;-0.1215272;;
29.885;-0.5075206;-0.1223779;;
29.886;-0.5076063;-0.1231045;;
29.887;-0.5076063;-0.1231045;;
29.915;-0.5110149;-0.1480154;;
29.916;-0.5110149;-0.1480154;;
29.919;-0.5110149;-0.1480154;;
29.92;-0.5110149;-0.1480154;;
29.921;-0.5110149;-0.1480154;;
29.921;-0.5110149;-0.1480154;;
29.949;-0.5122644;-0.1561314;;
29.951;-0.5122815;-0.1562432;;
29.952;-0.5122853;-0.1562676;;
29.953;-0.5122871;-0.1562791;;
29.954;-0.5122871;-0.1562791;;
29.955;-0.5122871;-0.1562791;;
29.982;-0.5151301;-0.1732953;;
29.984;-0.5151301;-0.1732953;;
29.987;-0.5165181;-0.1809608;;
29.988;-0.5168934;-0.183034;;
29.989;-0.5168934;-0.183034;;
29.99;-0.5168934;-0.183034;;
30.018;-0.5176808;-0.1872135;;
30.0181129;;;0.606072864494121;-0.26195103095141
29.744;-0.5013247;-0.05144243;;
29.745;-0.5013286;-0.05152963;;
29.748;-0.5013293;-0.05154419;;
29.749;-0.5013294;-0.05154507;;
29.778;-0.5024514;-0.06993473;;
29.78;-0.5027006;-0.07339518;;
29.781;-0.5027814;-0.0745176;;
29.784;-0.5028048;-0.07484132;;
29.785;-0.5028077;-0.07488188;;
29.785;-0.5028082;-0.07488868;;
29.786;-0.5028085;-0.07489374;;
29.787;-0.5028086;-0.07489499;;
29.813;-0.5032718;-0.08082381;;
29.814;-0.5032746;-0.08085937;;
29.817;-0.5037617;-0.08660264;;
29.818;-0.503862;-0.08778439;;
29.847;-0.5049993;-0.09984011;;
29.848;-0.5050172;-0.1000369;;
29.85;-0.5050238;-0.1001091;;
29.851;-0.5050259;-0.1001328;;
29.851;-0.5050259;-0.1001328;;
29.852;-0.5050259;-0.1001328;;
29.852;-0.5050259;-0.1001328;;
29.852;-0.5050259;-0.1001328;;
29.881;-0.5062248;-0.111399;;
29.883;-0.5070789;-0.1186361;;
29.884;-0.5074201;-0.1215272;;
29.885;-0.5075206;-0.1223779;;
29.886;-0.5076063;-0.1231045;;
29.887;-0.5076063;-0.1231045;;
29.915;-0.5110149;-0.1480154;;
29.916;-0.5110149;-0.1480154;;
29.919;-0.5110149;-0.1480154;;
29.92;-0.5110149;-0.1480154;;
29.921;-0.5110149;-0.1480154;;
29.921;-0.5110149;-0.1480154;;
29.949;-0.5122644;-0.1561314;;
29.951;-0.5122815;-0.1562432;;
29.952;-0.5122853;-0.1562676;;
29.953;-0.5122871;-0.1562791;;
29.954;-0.5122871;-0.1562791;;
29.955;-0.5122871;-0.1562791;;
29.982;-0.5151301;-0.1732953;;
29.984;-0.5151301;-0.1732953;;
29.987;-0.5165181;-0.1809608;;
29.988;-0.5168934;-0.183034;;
29.989;-0.5168934;-0.183034;;
29.99;-0.5168934;-0.183034;;
30.018;-0.5176808;-0.1872135;;
30.0401741;;;0.606072864494121;-0.253051933737283
29.813;-0.5032718;-0.08082381;;
29.814;-0.5032746;-0.08085937;;
29.817;-0.5037617;-0.08660264;;
29.818;-0.503862;-0.08778439;;
29.847;-0.5049993;-0.09984011;;
29.848;-0.5050172;-0.1000369;;
29.85;-0.5050238;-0.1001091;;
29.851;-0.5050259;-0.1001328;;
29.851;-0.5050259;-0.1001328;;
29.852;-0.5050259;-0.1001328;;
29.852;-0.5050259;-0.1001328;;
29.852;-0.5050259;-0.1001328;;
29.881;-0.5062248;-0.111399;;
29.883;-0.5070789;-0.1186361;;
29.884;-0.5074201;-0.1215272;;
29.885;-0.5075206;-0.1223779;;
29.886;-0.5076063;-0.1231045;;
29.887;-0.5076063;-0.1231045;;
29.915;-0.5110149;-0.1480154;;
29.916;-0.5110149;-0.1480154;;
29.919;-0.5110149;-0.1480154;;
29.92;-0.5110149;-0.1480154;;
29.921;-0.5110149;-0.1480154;;
29.921;-0.5110149;-0.1480154;;
29.949;-0.5122644;-0.1561314;;
29.951;-0.5122815;-0.1562432;;
29.952;-0.5122853;-0.1562676;;
29.953;-0.5122871;-0.1562791;;
29.954;-0.5122871;-0.1562791;;
29.955;-0.5122871;-0.1562791;;
29.982;-0.5151301;-0.1732953;;
29.984;-0.5151301;-0.1732953;;
29.987;-0.5165181;-0.1809608;;
29.988;-0.5168934;-0.183034;;
29.989;-0.5168934;-0.183034;;
29.99;-0.5168934;-0.183034;;
30.018;-0.5176808;-0.1872135;;
30.019;-0.5183758;-0.1908083;;
30.02;-0.5184953;-0.1914266;;
30.05;-0.5209734;-0.2037215;;
30.051;-0.5210178;-0.2039442;;
30.053;-0.5210248;-0.203979;;
30.054;-0.5210254;-0.2039821;;
30.055;-0.5210255;-0.2039825;;
30.085;-0.5234469;-0.2152768;;
30.088;-0.5260475;-0.2267521;;
30.09;-0.5260475;-0.2267521;;
30.091;-0.5260475;-0.2267521;;
30.091;-0.5260475;-0.2267521;;
30.092;-0.5260475;-0.2267521;;
30.1039815;;;0.0752304581465372;-0.249627670487376
29.847;-0.5049993;-0.09984011;;
29.848;-0.5050172;-0.1000369;;
29.85;-0.5050238;-0.1001091;;
29.851;-0.5050259;-0.1001328;;
29.851;-0.5050259;-0.1001328;;
29.852;-0.5050259;-0.1001328;;
29.852;-0.5050259;-0.1001328;;
29.852;-0.5050259;-0.1001328;;
29.881;-0.5062248;-0.111399;;
29.883;-0.5070789;-0.1186361;;
29.884;-0.5074201;-0.1215272;;
29.885;-0.5075206;-0.1223779;;
29.886;-0.5076063;-0.1231045;;
29.887;-0.5076063;-0.1231045;;
29.915;-0.5110149;-0.1480154;;
29.916;-0.5110149;-0.1480154;;
29.919;-0.5110149;-0.1480154;;
29.92;-0.5110149;-0.1480154;;
29.921;-0.5110149;-0.1480154;;
29.921;-0.5110149;-0.1480154;;
29.949;-0.5122644;-0.1561314;;
29.951;-0.5122815;-0.1562432;;
29.952;-0.5122853;-0.1562676;;
29.953;-0.5122871;-0.1562791;;
29.954;-0.5122871;-0.1562791;;
29.955;-0.5122871;-0.1562791;;
29.982;-0.5151301;-0.1732953;;
29.984;-0.5151301;-0.1732953;;
29.987;-0.5165181;-0.1809608;;
29.988;-0.5168934;-0.183034;;
29.989;-0.5168934;-0.183034;;
29.99;-0.5168934;-0.183034;;
30.018;-0.5176808;-0.1872135;;
30.019;-0.5183758;-0.1908083;;
30.02;-0.5184953;-0.1914266;;
30.05;-0.5209734;-0.2037215;;
30.051;-0.5210178;-0.2039442;;
30.053;-0.5210248;-0.203979;;
30.054;-0.5210254;-0.2039821;;
30.055;-0.5210255;-0.2039825;;
30.085;-0.5234469;-0.2152768;;
30.088;-0.5260475;-0.2267521;;
30.09;-0.5260475;-0.2267521;;
30.091;-0.5260475;-0.2267521;;
30.091;-0.5260475;-0.2267521;;
30.092;-0.5260475;-0.2267521;;
30.118;-0.5287871;-0.2382106;;
30.12;-0.5288101;-0.2383064;;
30.121;-0.5288128;-0.2383177;;
30.123;-0.5288133;-0.2383199;;
30.1264594;;;0.049175448130207;-0.242163523633288
29.881;-0.5062248;-0.111399;;
29.883;-0.5070789;-0.1186361;;
29.884;-0.5074201;-0.1215272;;
29.885;-0.5075206;-0.1223779;;
29.886;-0.5076063;-0.1231045;;
29.887;-0.5076063;-0.1231045;;
29.915;-0.5110149;-0.1480154;;
29.916;-0.5110149;-0.1480154;;
29.919;-0.5110149;-0.1480154;;
29.92;-0.5110149;-0.1480154;;
29.921;-0.5110149;-0.1480154;;
29.921;-0.5110149;-0.1480154;;
29.949;-0.5122644;-0.1561314;;
29.951;-0.5122815;-0.1562432;;
29.952;-0.5122853;-0.1562676;;
29.953;-0.5122871;-0.1562791;;
29.954;-0.5122871;-0.1562791;;
29.955;-0.5122871;-0.1562791;;
29.982;-0.5151301;-0.1732953;;
29.984;-0.5151301;-0.1732953;;
29.987;-0.5165181;-0.1809608;;
29.988;-0.5168934;-0.183034;;
29.989;-0.5168934;-0.183034;;
29.99;-0.5168934;-0.183034;;
30.018;-0.5176808;-0.1872135;;
30.019;-0.5183758;-0.1908083;;
30.02;-0.5184953;-0.1914266;;
30.05;-0.5209734;-0.2037215;;
30.051;-0.5210178;-0.2039442;;
30.053;-0.5210248;-0.203979;;
30.054;-0.5210254;-0.2039821;;
30.055;-0.5210255;-0.2039825;;
30.085;-0.5234469;-0.2152768;;
30.088;-0.5260475;-0.2267521;;
30.09;-0.5260475;-0.2267521;;
30.091;-0.5260475;-0.2267521;;
30.091;-0.5260475;-0.2267521;;
30.092;-0.5260475;-0.2267521;;
30.118;-0.5287871;-0.2382106;;
30.12;-0.5288101;-0.2383064;;
30.121;-0.5288128;-0.2383177;;
30.123;-0.5288133;-0.2383199;;
30.155;-0.5370806;-0.2697891;;
30.156;-0.5370806;-0.2697891;;
30.158;-0.5370806;-0.2697891;;
30.159;-0.5370806;-0.2697891;;
30.16;-0.5370806;-0.2697891;;
30.16;-0.5370806;-0.2697891;;
30.161;-0.5370806;-0.2697891;;
30.161;-0.5370806;-0.2697891;;
30.185484;;;2.70586654830263E-05;-0.211216228231252
29.915;-0.5110149;-0.1480154;;
29.916;-0.5110149;-0.1480154;;
29.919;-0.5110149;-0.1480154;;
29.92;-0.5110149;-0.1480154;;
29.921;-0.5110149;-0.1480154;;
29.921;-0.5110149;-0.1480154;;
29.949;-0.5122644;-0.1561314;;
29.951;-0.5122815;-0.1562432;;
29.952;-0.5122853;-0.1562676;;
29.953;-0.5122871;-0.1562791;;
29.954;-0.5122871;-0.1562791;;
29.955;-0.5122871;-0.1562791;;
29.982;-0.5151301;-0.1732953;;
29.984;-0.5151301;-0.1732953;;
29.987;-0.5165181;-0.1809608;;
29.988;-0.5168934;-0.183034;;
29.989;-0.5168934;-0.183034;;
29.99;-0.5168934;-0.183034;;
30.018;-0.5176808;-0.1872135;;
30.019;-0.5183758;-0.1908083;;
30.02;-0.5184953;-0.1914266;;
30.05;-0.5209734;-0.2037215;;
30.051;-0.5210178;-0.2039442;;
30.053;-0.5210248;-0.203979;;
30.054;-0.5210254;-0.2039821;;
30.055;-0.5210255;-0.2039825;;
30.085;-0.5234469;-0.2152768;;
30.088;-0.5260475;-0.2267521;;
30.09;-0.5260475;-0.2267521;;
30.091;-0.5260475;-0.2267521;;
30.091;-0.5260475;-0.2267521;;
30.092;-0.5260475;-0.2267521;;
30.118;-0.5287871;-0.2382106;;
30.12;-0.5288101;-0.2383064;;
30.121;-0.5288128;-0.2383177;;
30.123;-0.5288133;-0.2383199;;
30.155;-0.5370806;-0.2697891;;
30.156;-0.5370806;-0.2697891;;
30.158;-0.5370806;-0.2697891;;
30.159;-0.5370806;-0.2697891;;
30.16;-0.5370806;-0.2697891;;
30.16;-0.5370806;-0.2697891;;
30.161;-0.5370806;-0.2697891;;
30.161;-0.5370806;-0.2697891;;
30.188;-0.5393147;-0.2776384;;
30.189;-0.5393251;-0.277675;;
30.192;-0.539333;-0.2777027;;
30.194;-0.5393356;-0.277712;;
30.195;-0.5393356;-0.277712;;
30.195;-0.5393356;-0.277712;;
30.2080468;;;-0.0192443747884506;-0.181010141808213
29.949;-0.5122644;-0.1561314;;
29.951;-0.5122815;-0.1562432;;
29.952;-0.5122853;-0.1562676;;
29.953;-0.5122871;-0.1562791;;
29.954;-0.5122871;-0.1562791;;
29.955;-0.5122871;-0.1562791;;
29.982;-0.5151301;-0.1732953;;
29.984;-0.5151301;-0.1732953;;
29.987;-0.5165181;-0.1809608;;
29.988;-0.5168934;-0.183034;;
29.989;-0.5168934;-0.183034;;
29.99;-0.5168934;-0.183034;;
30.018;-0.5176808;-0.1872135;;
30.019;-0.5183758;-0.1908083;;
30.02;-0.5184953;-0.1914266;;
30.05;-0.5209734;-0.2037215;;
30.051;-0.5210178;-0.2039442;;
30.053;-0.5210248;-0.203979;;
30.054;-0.5210254;-0.2039821;;
30.055;-0.5210255;-0.2039825;;
30.085;-0.5234469;-0.2152768;;
30.088;-0.5260475;-0.2267521;;
30.09;-0.5260475;-0.2267521;;
30.091;-0.5260475;-0.2267521;;
30.091;-0.5260475;-0.2267521;;
30.092;-0.5260475;-0.2267521;;
30.118;-0.5287871;-0.2382106;;
30.12;-0.5288101;-0.2383064;;
30.121;-0.5288128;-0.2383177;;
30.123;-0.5288133;-0.2383199;;
30.155;-0.5370806;-0.2697891;;
30.156;-0.5370806;-0.2697891;;
30.158;-0.5370806;-0.2697891;;
30.159;-0.5370806;-0.2697891;;
30.16;-0.5370806;-0.2697891;;
30.16;-0.5370806;-0.2697891;;
30.161;-0.5370806;-0.2697891;;
30.161;-0.5370806;-0.2697891;;
30.188;-0.5393147;-0.2776384;;
30.189;-0.5393251;-0.277675;;
30.192;-0.539333;-0.2777027;;
30.194;-0.5393356;-0.277712;;
30.195;-0.5393356;-0.277712;;
30.195;-0.5393356;-0.277712;;
30.222;-0.5425615;-0.2886331;;
30.222;-0.5425702;-0.2886626;;
30.224;-0.5426072;-0.2887879;;
30.225;-0.5426169;-0.2888207;;
30.226;-0.5426198;-0.2888304;;
30.227;-0.5426223;-0.2888391;;
30.2516667;;;-0.0305997321778344;-0.14983485830631
29.982;-0.5151301;-0.1732953;;
29.984;-0.5151301;-0.1732953;;
29.987;-0.5165181;-0.1809608;;
29.988;-0.5168934;-0.183034;;
29.989;-0.5168934;-0.183034;;
29.99;-0.5168934;-0.183034;;
30.018;-0.5176808;-0.1872135;;
30.019;-0.5183758;-0.1908083;;
30.02;-0.5184953;-0.1914266;;
30.05;-0.5209734;-0.2037215;;
30.051;-0.5210178;-0.2039442;;
30.053;-0.5210248;-0.203979;;
30.054;-0.5210254;-0.2039821;;
30.055;-0.5210255;-0.2039825;;
30.085;-0.5234469;-0.2152768;;
30.088;-0.5260475;-0.2267521;;
30.09;-0.5260475;-0.2267521;;
30.091;-0.5260475;-0.2267521;;
30.091;-0.5260475;-0.2267521;;
30.092;-0.5260475;-0.2267521;;
30.118;-0.5287871;-0.2382106;;
30.12;-0.5288101;-0.2383064;;
30.121;-0.5288128;-0.2383177;;
30.123;-0.5288133;-0.2383199;;
30.155;-0.5370806;-0.2697891;;
30.156;-0.5370806;-0.2697891;;
30.158;-0.5370806;-0.2697891;;
30.159;-0.5370806;-0.2697891;;
30.16;-0.5370806;-0.2697891;;
30.16;-0.5370806;-0.2697891;;
30.161;-0.5370806;-0.2697891;;
30.161;-0.5370806;-0.2697891;;
30.188;-0.5393147;-0.2776384;;
30.189;-0.5393251;-0.277675;;
30.192;-0.539333;-0.2777027;;
30.194;-0.5393356;-0.277712;;
30.195;-0.5393356;-0.277712;;
30.195;-0.5393356;-0.277712;;
30.222;-0.5425615;-0.2886331;;
30.222;-0.5425702;-0.2886626;;
30.224;-0.5426072;-0.2887879;;
30.225;-0.5426169;-0.2888207;;
30.226;-0.5426198;-0.2888304;;
30.227;-0.5426223;-0.2888391;;
30.256;-0.5494761;-0.3106295;;
30.258;-0.5496119;-0.3110614;;
30.26;-0.5496443;-0.3111643;;
30.262;-0.5496544;-0.3111963;;
30.262;-0.5496544;-0.3111963;;
30.263;-0.5496544;-0.3111963;;
30.2826276;;;-0.0589680052254155;-0.119750662229314
30.05;-0.5209734;-0.2037215;;
30.051;-0.5210178;-0.2039442;;
30.053;-0.5210248;-0.203979;;
30.054;-0.5210254;-0.2039821;;
30.055;-0.5210255;-0.2039825;;
30.085;-0.5234469;-0.2152768;;
30.088;-0.5260475;-0.2267521;;
30.09;-0.5260475;-0.2267521;;
30.091;-0.5260475;-0.2267521;;
30.091;-0.5260475;-0.2267521;;
30.092;-0.5260475;-0.2267521;;
30.118;-0.5287871;-0.2382106;;
30.12;-0.5288101;-0.2383064;;
30.121;-0.5288128;-0.2383177;;
30.123;-0.5288133;-0.2383199;;
30.155;-0.5370806;-0.2697891;;
30.156;-0.5370806;-0.2697891;;
30.158;-0.5370806;-0.2697891;;
30.159;-0.5370806;-0.2697891;;
30.16;-0.5370806;-0.2697891;;
30.16;-0.5370806;-0.2697891;;
30.161;-0.5370806;-0.2697891;;
30.161;-0.5370806;-0.2697891;;
30.188;-0.5393147;-0.2776384;;
30.189;-0.5393251;-0.277675;;
30.192;-0.539333;-0.2777027;;
30.194;-0.5393356;-0.277712;;
30.195;-0.5393356;-0.277712;;
30.195;-0.5393356;-0.277712;;
30.222;-0.5425615;-0.2886331;;
30.222;-0.5425702;-0.2886626;;
30.224;-0.5426072;-0.2887879;;
30.225;-0.5426169;-0.2888207;;
30.226;-0.5426198;-0.2888304;;
30.227;-0.5426223;-0.2888391;;
30.256;-0.5494761;-0.3106295;;
30.258;-0.5496119;-0.3110614;;
30.26;-0.5496443;-0.3111643;;
30.262;-0.5496544;-0.3111963;;
30.262;-0.5496544;-0.3111963;;
30.263;-0.5496544;-0.3111963;;
30.29;-0.5565461;-0.3314972;;
30.291;-0.5565963;-0.3316452;;
30.292;-0.5566073;-0.3316775;;
30.293;-0.5566089;-0.3316823;;
30.295;-0.55661;-0.3316857;;
30.296;-0.5566102;-0.3316862;;
30.325;-0.5624802;-0.3479244;;
30.326;-0.5625478;-0.3481114;;
30.327;-0.5625733;-0.348182;;
30.3280014;;;-0.0860310918888185;-0.0917883562480145
30.085;-0.5234469;-0.2152768;;
30.088;-0.5260475;-0.2267521;;
30.09;-0.5260475;-0.2267521;;
30.091;-0.5260475;-0.2267521;;
30.091;-0.5260475;-0.2267521;;
30.092;-0.5260475;-0.2267521;;
30.118;-0.5287871;-0.2382106;;
30.12;-0.5288101;-0.2383064;;
30.121;-0.5288128;-0.2383177;;
30.123;-0.5288133;-0.2383199;;
30.155;-0.5370806;-0.2697891;;
30.156;-0.5370806;-0.2697891;;
30.158;-0.5370806;-0.2697891;;
30.159;-0.5370806;-0.2697891;;
30.16;-0.5370806;-0.2697891;;
30.16;-0.5370806;-0.2697891;;
30.161;-0.5370806;-0.2697891;;
30.161;-0.5370806;-0.2697891;;
30.188;-0.5393147;-0.2776384;;
30.189;-0.5393251;-0.277675;;
30.192;-0.539333;-0.2777027;;
30.194;-0.5393356;-0.277712;;
30.195;-0.5393356;-0.277712;;
30.195;-0.5393356;-0.277712;;
30.222;-0.5425615;-0.2886331;;
30.222;-0.5425702;-0.2886626;;
30.224;-0.5426072;-0.2887879;;
30.225;-0.5426169;-0.2888207;;
30.226;-0.5426198;-0.2888304;;
30.227;-0.5426223;-0.2888391;;
30.256;-0.5494761;-0.3106295;;
30.258;-0.5496119;-0.3110614;;
30.26;-0.5496443;-0.3111643;;
30.262;-0.5496544;-0.3111963;;
30.262;-0.5496544;-0.3111963;;
30.263;-0.5496544;-0.3111963;;
30.29;-0.5565461;-0.3314972;;
30.291;-0.5565963;-0.3316452;;
30.292;-0.5566073;-0.3316775;;
30.293;-0.5566089;-0.3316823;;
30.295;-0.55661;-0.3316857;;
30.296;-0.5566102;-0.3316862;;
30.325;-0.5624802;-0.3479244;;
30.326;-0.5625478;-0.3481114;;
30.327;-0.5625733;-0.348182;;
30.33;-0.564053;-0.3521307;;
30.332;-0.5642996;-0.3527885;;
30.333;-0.5644169;-0.3531016;;
30.334;-0.5646451;-0.3537105;;
30.335;-0.5646451;-0.3537105;;
30.359;-0.5697702;-0.3669747;;
30.36;-0.5698118;-0.3670822;;
30.361597;;;-0.0178906771791674;-0.0593107790153274
30.118;-0.5287871;-0.2382106;;
30.12;-0.5288101;-0.2383064;;
30.121;-0.5288128;-0.2383177;;
30.123;-0.5288133;-0.2383199;;
30.155;-0.5370806;-0.2697891;;
30.156;-0.5370806;-0.2697891;;
30.158;-0.5370806;-0.2697891;;
30.159;-0.5370806;-0.2697891;;
30.16;-0.5370806;-0.2697891;;
30.16;-0.5370806;-0.2697891;;
30.161;-0.5370806;-0.2697891;;
30.161;-0.5370806;-0.2697891;;
30.188;-0.5393147;-0.2776384;;
30.189;-0.5393251;-0.277675;;
30.192;-0.539333;-0.2777027;;
30.194;-0.5393356;-0.277712;;
30.195;-0.5393356;-0.277712;;
30.195;-0.5393356;-0.277712;;
30.222;-0.5425615;-0.2886331;;
30.222;-0.5425702;-0.2886626;;
30.224;-0.5426072;-0.2887879;;
30.225;-0.5426169;-0.2888207;;
30.226;-0.5426198;-0.2888304;;
30.227;-0.5426223;-0.2888391;;
30.256;-0.5494761;-0.3106295;;
30.258;-0.5496119;-0.3110614;;
30.26;-0.5496443;-0.3111643;;
30.262;-0.5496544;-0.3111963;;
30.262;-0.5496544;-0.3111963;;
30.263;-0.5496544;-0.3111963;;
30.29;-0.5565461;-0.3314972;;
30.291;-0.5565963;-0.3316452;;
30.292;-0.5566073;-0.3316775;;
30.293;-0.5566089;-0.3316823;;
30.295;-0.55661;-0.3316857;;
30.296;-0.5566102;-0.3316862;;
30.325;-0.5624802;-0.3479244;;
30.326;-0.5625478;-0.3481114;;
30.327;-0.5625733;-0.348182;;
30.33;-0.564053;-0.3521307;;
30.332;-0.5642996;-0.3527885;;
30.333;-0.5644169;-0.3531016;;
30.334;-0.5646451;-0.3537105;;
30.335;-0.5646451;-0.3537105;;
30.359;-0.5697702;-0.3669747;;
30.36;-0.5698118;-0.3670822;;
30.362;-0.5705191;-0.3688666;;
30.364;-0.5707336;-0.3694077;;
30.392;-0.5773374;-0.3855906;;
30.4;-0.5783899;-0.3881132;;
30.4095714;;;-0.0281778649885195;-0.0257919655454663
30.155;-0.5370806;-0.2697891;;
30.156;-0.5370806;-0.2697891;;
30.158;-0.5370806;-0.2697891;;
30.159;-0.5370806;-0.2697891;;
30.16;-0.5370806;-0.2697891;;
30.16;-0.5370806;-0.2697891;;
30.161;-0.5370806;-0.2697891;;
30.161;-0.5370806;-0.2697891;;
30.188;-0.5393147;-0.2776384;;
30.189;-0.5393251;-0.277675;;
30.192;-0.539333;-0.2777027;;
30.194;-0.5393356;-0.277712;;
30.195;-0.5393356;-0.277712;;
30.195;-0.5393356;-0.277712;;
30.222;-0.5425615;-0.2886331;;
30.222;-0.5425702;-0.2886626;;
30.224;-0.5426072;-0.2887879;;
30.225;-0.5426169;-0.2888207;;
30.226;-0.5426198;-0.2888304;;
30.227;-0.5426223;-0.2888391;;
30.256;-0.5494761;-0.3106295;;
30.258;-0.5496119;-0.3110614;;
30.26;-0.5496443;-0.3111643;;
30.262;-0.5496544;-0.3111963;;
30.262;-0.5496544;-0.3111963;;
30.263;-0.5496544;-0.3111963;;
30.29;-0.5565461;-0.3314972;;
30.291;-0.5565963;-0.3316452;;
30.292;-0.5566073;-0.3316775;;
30.293;-0.5566089;-0.3316823;;
30.295;-0.55661;-0.3316857;;
30.296;-0.5566102;-0.3316862;;
30.325;-0.5624802;-0.3479244;;
30.326;-0.5625478;-0.3481114;;
30.327;-0.5625733;-0.348182;;
30.33;-0.564053;-0.3521307;;
30.332;-0.5642996;-0.3527885;;
30.333;-0.5644169;-0.3531016;;
30.334;-0.5646451;-0.3537105;;
30.335;-0.5646451;-0.3537105;;
30.359;-0.5697702;-0.3669747;;
30.36;-0.5698118;-0.3670822;;
30.362;-0.5705191;-0.3688666;;
30.364;-0.5707336;-0.3694077;;
30.392;-0.5773374;-0.3855906;;
30.4;-0.5783899;-0.3881132;;
30.427;-0.5798826;-0.3916417;;
30.43;-0.5799365;-0.3917691;;
30.4314924;;;-0.211579796522035;0.00132188016654218
30.188;-0.5393147;-0.2776384;;
30.189;-0.5393251;-0.277675;;
30.192;-0.539333;-0.2777027;;
30.194;-0.5393356;-0.277712;;
30.195;-0.5393356;-0.277712;;
30.195;-0.5393356;-0.277712;;
30.222;-0.5425615;-0.2886331;;
30.222;-0.5425702;-0.2886626;;
30.224;-0.5426072;-0.2887879;;
30.225;-0.5426169;-0.2888207;;
30.226;-0.5426198;-0.2888304;;
30.227;-0.5426223;-0.2888391;;
30.256;-0.5494761;-0.3106295;;
30.258;-0.5496119;-0.3110614;;
30.26;-0.5496443;-0.3111643;;
30.262;-0.5496544;-0.3111963;;
30.262;-0.5496544;-0.3111963;;
30.263;-0.5496544;-0.3111963;;
30.29;-0.5565461;-0.3314972;;
30.291;-0.5565963;-0.3316452;;
30.292;-0.5566073;-0.3316775;;
30.293;-0.5566089;-0.3316823;;
30.295;-0.55661;-0.3316857;;
30.296;-0.5566102;-0.3316862;;
30.325;-0.5624802;-0.3479244;;
30.326;-0.5625478;-0.3481114;;
30.327;-0.5625733;-0.348182;;
30.33;-0.564053;-0.3521307;;
30.332;-0.5642996;-0.3527885;;
30.333;-0.5644169;-0.3531016;;
30.334;-0.5646451;-0.3537105;;
30.335;-0.5646451;-0.3537105;;
30.359;-0.5697702;-0.3669747;;
30.36;-0.5698118;-0.3670822;;
30.362;-0.5705191;-0.3688666;;
30.364;-0.5707336;-0.3694077;;
30.392;-0.5773374;-0.3855906;;
30.4;-0.5783899;-0.3881132;;
30.427;-0.5798826;-0.3916417;;
30.43;-0.5799365;-0.3917691;;
30.433;-0.5823024;-0.3972672;;
30.434;-0.5827818;-0.3983814;;
30.435;-0.5827986;-0.3984205;;
30.436;-0.5829495;-0.3987711;;
30.463;-0.5876722;-0.4094607;;
30.464;-0.5876722;-0.4094607;;
30.465;-0.5876722;-0.4094607;;
30.466;-0.5876722;-0.4094607;;
30.467;-0.5876722;-0.4094607;;
30.468;-0.5876722;-0.4094607;;
30.468;-0.5876722;-0.4094607;;
30.4759889;;;-0.64764369000014;0.0111733878191752
30.222;-0.5425615;-0.2886331;;
30.222;-0.5425702;-0.2886626;;
30.224;-0.5426072;-0.2887879;;
30.225;-0.5426169;-0.2888207;;
30.226;-0.5426198;-0.2888304;;
30.227;-0.5426223;-0.2888391;;
30.256;-0.5494761;-0.3106295;;
30.258;-0.5496119;-0.3110614;;
30.26;-0.5496443;-0.3111643;;
30.262;-0.5496544;-0.3111963;;
30.262;-0.5496544;-0.3111963;;
30.263;-0.5496544;-0.3111963;;
30.29;-0.5565461;-0.3314972;;
30.291;-0.5565963;-0.3316452;;
30.292;-0.5566073;-0.3316775;;
30.293;-0.5566089;-0.3316823;;
30.295;-0.55661;-0.3316857;;
30.296;-0.5566102;-0.3316862;;
30.325;-0.5624802;-0.3479244;;
30.326;-0.5625478;-0.3481114;;
30.327;-0.5625733;-0.348182;;
30.33;-0.564053;-0.3521307;;
30.332;-0.5642996;-0.3527885;;
30.333;-0.5644169;-0.3531016;;
30.334;-0.5646451;-0.3537105;;
30.335;-0.5646451;-0.3537105;;
30.359;-0.5697702;-0.3669747;;
30.36;-0.5698118;-0.3670822;;
30.362;-0.5705191;-0.3688666;;
30.364;-0.5707336;-0.3694077;;
30.392;-0.5773374;-0.3855906;;
30.4;-0.5783899;-0.3881132;;
30.427;-0.5798826;-0.3916417;;
30.43;-0.5799365;-0.3917691;;
30.433;-0.5823024;-0.3972672;;
30.434;-0.5827818;-0.3983814;;
30.435;-0.5827986;-0.3984205;;
30.436;-0.5829495;-0.3987711;;
30.463;-0.5876722;-0.4094607;;
30.464;-0.5876722;-0.4094607;;
30.465;-0.5876722;-0.4094607;;
30.466;-0.5876722;-0.4094607;;
30.467;-0.5876722;-0.4094607;;
30.468;-0.5876722;-0.4094607;;
30.468;-0.5876722;-0.4094607;;
30.497;-0.5973943;-0.4304631;;
30.498;-0.597447;-0.4305769;;
30.501;-0.5974689;-0.4306241;;
30.502;-0.597472;-0.4306307;;
30.502;-0.5974723;-0.4306314;;
30.503;-0.5974766;-0.4306408;;
30.5065727;;;-0.59769606437703;0.0221495654323445
30.256;-0.5494761;-0.3106295;;
30.258;-0.5496119;-0.3110614;;
30.26;-0.5496443;-0.3111643;;
30.262;-0.5496544;-0.3111963;;
30.262;-0.5496544;-0.3111963;;
30.263;-0.5496544;-0.3111963;;
30.29;-0.5565461;-0.3314972;;
30.291;-0.5565963;-0.3316452;;
30.292;-0.5566073;-0.3316775;;
30.293;-0.5566089;-0.3316823;;
30.295;-0.55661;-0.3316857;;
30.296;-0.5566102;-0.3316862;;
30.325;-0.5624802;-0.3479244;;
30.326;-0.5625478;-0.3481114;;
30.327;-0.5625733;-0.348182;;
30.33;-0.564053;-0.3521307;;
30.332;-0.5642996;-0.3527885;;
30.333;-0.5644169;-0.3531016;;
30.334;-0.5646451;-0.3537105;;
30.335;-0.5646451;-0.3537105;;
30.359;-0.5697702;-0.3669747;;
30.36;-0.5698118;-0.3670822;;
30.362;-0.5705191;-0.3688666;;
30.364;-0.5707336;-0.3694077;;
30.392;-0.5773374;-0.3855906;;
30.4;-0.5783899;-0.3881132;;
30.427;-0.5798826;-0.3916417;;
30.43;-0.5799365;-0.3917691;;
30.433;-0.5823024;-0.3972672;;
30.434;-0.5827818;-0.3983814;;
30.435;-0.5827986;-0.3984205;;
30.436;-0.5829495;-0.3987711;;
30.463;-0.5876722;-0.4094607;;
30.464;-0.5876722;-0.4094607;;
30.465;-0.5876722;-0.4094607;;
30.466;-0.5876722;-0.4094607;;
30.467;-0.5876722;-0.4094607;;
30.468;-0.5876722;-0.4094607;;
30.468;-0.5876722;-0.4094607;;
30.497;-0.5973943;-0.4304631;;
30.498;-0.597447;-0.4305769;;
30.501;-0.5974689;-0.4306241;;
30.502;-0.597472;-0.4306307;;
30.502;-0.5974723;-0.4306314;;
30.503;-0.5974766;-0.4306408;;
30.53;-0.6078126;-0.4516599;;
30.531;-0.6078927;-0.4518228;;
30.533;-0.6079054;-0.4518487;;
30.534;-0.6079063;-0.4518505;;
30.534;-0.6079066;-0.4518511;;
30.536;-0.6079071;-0.451852;;
30.5506507;;;-0.50148006933243;0.0351044318999762
30.29;-0.5565461;-0.3314972;;
30.291;-0.5565963;-0.3316452;;
30.292;-0.5566073;-0.3316775;;
30.293;-0.5566089;-0.3316823;;
30.295;-0.55661;-0.3316857;;
30.296;-0.5566102;-0.3316862;;
30.325;-0.5624802;-0.3479244;;
30.326;-0.5625478;-0.3481114;;
30.327;-0.5625733;-0.348182;;
30.33;-0.564053;-0.3521307;;
30.332;-0.5642996;-0.3527885;;
30.333;-0.5644169;-0.3531016;;
30.334;-0.5646451;-0.3537105;;
30.335;-0.5646451;-0.3537105;;
30.359;-0.5697702;-0.3669747;;
30.36;-0.5698118;-0.3670822;;
30.362;-0.5705191;-0.3688666;;
30.364;-0.5707336;-0.3694077;;
30.392;-0.5773374;-0.3855906;;
30.4;-0.5783899;-0.3881132;;
30.427;-0.5798826;-0.3916417;;
30.43;-0.5799365;-0.3917691;;
30.433;-0.5823024;-0.3972672;;
30.434;-0.5827818;-0.3983814;;
30.435;-0.5827986;-0.3984205;;
30.436;-0.5829495;-0.3987711;;
30.463;-0.5876722;-0.4094607;;
30.464;-0.5876722;-0.4094607;;
30.465;-0.5876722;-0.4094607;;
30.466;-0.5876722;-0.4094607;;
30.467;-0.5876722;-0.4094607;;
30.468;-0.5876722;-0.4094607;;
30.468;-0.5876722;-0.4094607;;
30.497;-0.5973943;-0.4304631;;
30.498;-0.597447;-0.4305769;;
30.501;-0.5974689;-0.4306241;;
30.502;-0.597472;-0.4306307;;
30.502;-0.5974723;-0.4306314;;
30.503;-0.5974766;-0.4306408;;
30.53;-0.6078126;-0.4516599;;
30.531;-0.6078927;-0.4518228;;
30.533;-0.6079054;-0.4518487;;
30.534;-0.6079063;-0.4518505;;
30.534;-0.6079066;-0.4518511;;
30.536;-0.6079071;-0.451852;;
30.565;-0.6122685;-0.4603607;;
30.566;-0.6145784;-0.4647832;;
30.568;-0.6149892;-0.4655699;;
30.57;-0.6150233;-0.4656351;;
30.571;-0.615029;-0.4656461;;
30.571;-0.6150319;-0.4656516;;
30.5845699;;;-0.549672911570768;0.0467997140514468
30.325;-0.5624802;-0.3479244;;
30.326;-0.5625478;-0.3481114;;
30.327;-0.5625733;-0.348182;;
30.33;-0.564053;-0.3521307;;
30.332;-0.5642996;-0.3527885;;
30.333;-0.5644169;-0.3531016;;
30.334;-0.5646451;-0.3537105;;
30.335;-0.5646451;-0.3537105;;
30.359;-0.5697702;-0.3669747;;
30.36;-0.5698118;-0.3670822;;
30.362;-0.5705191;-0.3688666;;
30.364;-0.5707336;-0.3694077;;
30.392;-0.5773374;-0.3855906;;
30.4;-0.5783899;-0.3881132;;
30.427;-0.5798826;-0.3916417;;
30.43;-0.5799365;-0.3917691;;
30.433;-0.5823024;-0.3972672;;
30.434;-0.5827818;-0.3983814;;
30.435;-0.5827986;-0.3984205;;
30.436;-0.5829495;-0.3987711;;
30.463;-0.5876722;-0.4094607;;
30.464;-0.5876722;-0.4094607;;
30.465;-0.5876722;-0.4094607;;
30.466;-0.5876722;-0.4094607;;
30.467;-0.5876722;-0.4094607;;
30.468;-0.5876722;-0.4094607;;
30.468;-0.5876722;-0.4094607;;
30.497;-0.5973943;-0.4304631;;
30.498;-0.597447;-0.4305769;;
30.501;-0.5974689;-0.4306241;;
30.502;-0.597472;-0.4306307;;
30.502;-0.5974723;-0.4306314;;
30.503;-0.5974766;-0.4306408;;
30.53;-0.6078126;-0.4516599;;
30.531;-0.6078927;-0.4518228;;
30.533;-0.6079054;-0.4518487;;
30.534;-0.6079063;-0.4518505;;
30.534;-0.6079066;-0.4518511;;
30.536;-0.6079071;-0.451852;;
30.565;-0.6122685;-0.4603607;;
30.566;-0.6145784;-0.4647832;;
30.568;-0.6149892;-0.4655699;;
30.57;-0.6150233;-0.4656351;;
30.571;-0.615029;-0.4656461;;
30.571;-0.6150319;-0.4656516;;
30.6;-0.6204778;-0.4758566;;
30.601;-0.6205145;-0.4759254;;
30.605;-0.6232094;-0.4808702;;
30.608;-0.6261641;-0.4861902;;
30.611;-0.6282919;-0.4900214;;
30.6296919;;;-0.614258307394928;0.0343231005008934
30.359;-0.5697702;-0.3669747;;
30.36;-0.5698118;-0.3670822;;
30.362;-0.5705191;-0.3688666;;
30.364;-0.5707336;-0.3694077;;
30.392;-0.5773374;-0.3855906;;
30.4;-0.5783899;-0.3881132;;
30.427;-0.5798826;-0.3916417;;
30.43;-0.5799365;-0.3917691;;
30.433;-0.5823024;-0.3972672;;
30.434;-0.5827818;-0.3983814;;
30.435;-0.5827986;-0.3984205;;
30.436;-0.5829495;-0.3987711;;
30.463;-0.5876722;-0.4094607;;
30.464;-0.5876722;-0.4094607;;
30.465;-0.5876722;-0.4094607;;
30.466;-0.5876722;-0.4094607;;
30.467;-0.5876722;-0.4094607;;
30.468;-0.5876722;-0.4094607;;
30.468;-0.5876722;-0.4094607;;
30.497;-0.5973943;-0.4304631;;
30.498;-0.597447;-0.4305769;;
30.501;-0.5974689;-0.4306241;;
30.502;-0.597472;-0.4306307;;
30.502;-0.5974723;-0.4306314;;
30.503;-0.5974766;-0.4306408;;
30.53;-0.6078126;-0.4516599;;
30.531;-0.6078927;-0.4518228;;
30.533;-0.6079054;-0.4518487;;
30.534;-0.6079063;-0.4518505;;
30.534;-0.6079066;-0.4518511;;
30.536;-0.6079071;-0.451852;;
30.565;-0.6122685;-0.4603607;;
30.566;-0.6145784;-0.4647832;;
30.568;-0.6149892;-0.4655699;;
30.57;-0.6150233;-0.4656351;;
30.571;-0.615029;-0.4656461;;
30.571;-0.6150319;-0.4656516;;
30.6;-0.6204778;-0.4758566;;
30.601;-0.6205145;-0.4759254;;
30.605;-0.6232094;-0.4808702;;
30.608;-0.6261641;-0.4861902;;
30.611;-0.6282919;-0.4900214;;
30.632;-0.6319373;-0.496454;;
30.633;-0.6319737;-0.4965181;;
30.636;-0.6319795;-0.4965283;;
30.636;-0.6319793;-0.4965279;;
30.638;-0.6319798;-0.4965288;;
30.64;-0.6319799;-0.4965291;;
30.6532546;;;-0.362683868842438;0.0315224268946666
30.392;-0.5773374;-0.3855906;;
30.4;-0.5783899;-0.3881132;;
30.427;-0.5798826;-0.3916417;;
30.43;-0.5799365;-0.3917691;;
30.433;-0.5823024;-0.3972672;;
30.434;-0.5827818;-0.3983814;;
30.435;-0.5827986;-0.3984205;;
30.436;-0.5829495;-0.3987711;;
30.463;-0.5876722;-0.4094607;;
30.464;-0.5876722;-0.4094607;;
30.465;-0.5876722;-0.4094607;;
30.466;-0.5876722;-0.4094607;;
30.467;-0.5876722;-0.4094607;;
30.468;-0.5876722;-0.4094607;;
30.468;-0.5876722;-0.4094607;;
30.497;-0.5973943;-0.4304631;;
30.498;-0.597447;-0.4305769;;
30.501;-0.5974689;-0.4306241;;
30.502;-0.597472;-0.4306307;;
30.502;-0.5974723;-0.4306314;;
30.503;-0.5974766;-0.4306408;;
30.53;-0.6078126;-0.4516599;;
30.531;-0.6078927;-0.4518228;;
30.533;-0.6079054;-0.4518487;;
30.534;-0.6079063;-0.4518505;;
30.534;-0.6079066;-0.4518511;;
30.536;-0.6079071;-0.451852;;
30.565;-0.6122685;-0.4603607;;
30.566;-0.6145784;-0.4647832;;
30.568;-0.6149892;-0.4655699;;
30.57;-0.6150233;-0.4656351;;
30.571;-0.615029;-0.4656461;;
30.571;-0.6150319;-0.4656516;;
30.6;-0.6204778;-0.4758566;;
30.601;-0.6205145;-0.4759254;;
30.605;-0.6232094;-0.4808702;;
30.608;-0.6261641;-0.4861902;;
30.611;-0.6282919;-0.4900214;;
30.632;-0.6319373;-0.496454;;
30.633;-0.6319737;-0.4965181;;
30.636;-0.6319795;-0.4965283;;
30.636;-0.6319793;-0.4965279;;
30.638;-0.6319798;-0.4965288;;
30.64;-0.6319799;-0.4965291;;
30.667;-0.6398971;-0.5101183;;
30.668;-0.6399482;-0.510206;;
30.671;-0.6405815;-0.5112709;;
30.68;-0.6410632;-0.5120807;;
30.681;-0.6420023;-0.5136392;;
30.685;-0.6457543;-0.5198655;;
30.6963694;;;-0.199768497696708;-0.00252865658052082
30.427;-0.5798826;-0.3916417;;
30.43;-0.5799365;-0.3917691;;
30.433;-0.5823024;-0.3972672;;
30.434;-0.5827818;-0.3983814;;
30.435;-0.5827986;-0.3984205;;
30.436;-0.5829495;-0.3987711;;
30.463;-0.5876722;-0.4094607;;
30.464;-0.5876722;-0.4094607;;
30.465;-0.5876722;-0.4094607;;
30.466;-0.5876722;-0.4094607;;
30.467;-0.5876722;-0.4094607;;
30.468;-0.5876722;-0.4094607;;
30.468;-0.5876722;-0.4094607;;
30.497;-0.5973943;-0.4304631;;
30.498;-0.597447;-0.4305769;;
30.501;-0.5974689;-0.4306241;;
30.502;-0.597472;-0.4306307;;
30.502;-0.5974723;-0.4306314;;
30.503;-0.5974766;-0.4306408;;
30.53;-0.6078126;-0.4516599;;
30.531;-0.6078927;-0.4518228;;
30.533;-0.6079054;-0.4518487;;
30.534;-0.6079063;-0.4518505;;
30.534;-0.6079066;-0.4518511;;
30.536;-0.6079071;-0.451852;;
30.565;-0.6122685;-0.4603607;;
30.566;-0.6145784;-0.4647832;;
30.568;-0.6149892;-0.4655699;;
30.57;-0.6150233;-0.4656351;;
30.571;-0.615029;-0.4656461;;
30.571;-0.6150319;-0.4656516;;
30.6;-0.6204778;-0.4758566;;
30.601;-0.6205145;-0.4759254;;
30.605;-0.6232094;-0.4808702;;
30.608;-0.6261641;-0.4861902;;
30.611;-0.6282919;-0.4900214;;
30.632;-0.6319373;-0.496454;;
30.633;-0.6319737;-0.4965181;;
30.636;-0.6319795;-0.4965283;;
30.636;-0.6319793;-0.4965279;;
30.638;-0.6319798;-0.4965288;;
30.64;-0.6319799;-0.4965291;;
30.667;-0.6398971;-0.5101183;;
30.668;-0.6399482;-0.510206;;
30.671;-0.6405815;-0.5112709;;
30.68;-0.6410632;-0.5120807;;
30.681;-0.6420023;-0.5136392;;
30.685;-0.6457543;-0.5198655;;
30.701;-0.6507864;-0.5280481;;
30.702;-0.6508646;-0.5281752;;
30.703;-0.6508646;-0.5281752;;
30.705;-0.6508646;-0.5281752;;
30.706;-0.6508646;-0.5281752;;
30.707;-0.6508646;-0.5281752;;
30.7299488;;;-0.184061223274838;-0.0359756141164055
30.463;-0.5876722;-0.4094607;;
30.464;-0.5876722;-0.4094607;;
30.465;-0.5876722;-0.4094607;;
30.466;-0.5876722;-0.4094607;;
30.467;-0.5876722;-0.4094607;;
30.468;-0.5876722;-0.4094607;;
30.468;-0.5876722;-0.4094607;;
30.497;-0.5973943;-0.4304631;;
30.498;-0.597447;-0.4305769;;
30.501;-0.5974689;-0.4306241;;
30.502;-0.597472;-0.4306307;;
30.502;-0.5974723;-0.4306314;;
30.503;-0.5974766;-0.4306408;;
30.53;-0.6078126;-0.4516599;;
30.531;-0.6078927;-0.4518228;;
30.533;-0.6079054;-0.4518487;;
30.534;-0.6079063;-0.4518505;;
30.534;-0.6079066;-0.4518511;;
30.536;-0.6079071;-0.451852;;
30.565;-0.6122685;-0.4603607;;
30.566;-0.6145784;-0.4647832;;
30.568;-0.6149892;-0.4655699;;
30.57;-0.6150233;-0.4656351;;
30.571;-0.615029;-0.4656461;;
30.571;-0.6150319;-0.4656516;;
30.6;-0.6204778;-0.4758566;;
30.601;-0.6205145;-0.4759254;;
30.605;-0.6232094;-0.4808702;;
30.608;-0.6261641;-0.4861902;;
30.611;-0.6282919;-0.4900214;;
30.632;-0.6319373;-0.496454;;
30.633;-0.6319737;-0.4965181;;
30.636;-0.6319795;-0.4965283;;
30.636;-0.6319793;-0.4965279;;
30.638;-0.6319798;-0.4965288;;
30.64;-0.6319799;-0.4965291;;
30.667;-0.6398971;-0.5101183;;
30.668;-0.6399482;-0.510206;;
30.671;-0.6405815;-0.5112709;;
30.68;-0.6410632;-0.5120807;;
30.681;-0.6420023;-0.5136392;;
30.685;-0.6457543;-0.5198655;;
30.701;-0.6507864;-0.5280481;;
30.702;-0.6508646;-0.5281752;;
30.703;-0.6508646;-0.5281752;;
30.705;-0.6508646;-0.5281752;;
30.706;-0.6508646;-0.5281752;;
30.707;-0.6508646;-0.5281752;;
30.735;-0.6589906;-0.5410148;;
30.738;-0.6591603;-0.5412828;;
30.74;-0.6591929;-0.5413345;;
30.741;-0.6592047;-0.5413531;;
30.742;-0.6592065;-0.541356;;
30.742;-0.6592071;-0.5413569;;
30.7630492;;;-0.246474045632175;-0.0649722538450717
30.497;-0.5973943;-0.4304631;;
30.498;-0.597447;-0.4305769;;
30.501;-0.5974689;-0.4306241;;
30.502;-0.597472;-0.4306307;;
30.502;-0.5974723;-0.4306314;;
30.503;-0.5974766;-0.4306408;;
30.53;-0.6078126;-0.4516599;;
30.531;-0.6078927;-0.4518228;;
30.533;-0.6079054;-0.4518487;;
30.534;-0.6079063;-0.4518505;;
30.534;-0.6079066;-0.4518511;;
30.536;-0.6079071;-0.451852;;
30.565;-0.6122685;-0.4603607;;
30.566;-0.6145784;-0.4647832;;
30.568;-0.6149892;-0.4655699;;
30.57;-0.6150233;-0.4656351;;
30.571;-0.615029;-0.4656461;;
30.571;-0.6150319;-0.4656516;;
30.6;-0.6204778;-0.4758566;;
30.601;-0.6205145;-0.4759254;;
30.605;-0.6232094;-0.4808702;;
30.608;-0.6261641;-0.4861902;;
30.611;-0.6282919;-0.4900214;;
30.632;-0.6319373;-0.496454;;
30.633;-0.6319737;-0.4965181;;
30.636;-0.6319795;-0.4965283;;
30.636;-0.6319793;-0.4965279;;
30.638;-0.6319798;-0.4965288;;
30.64;-0.6319799;-0.4965291;;
30.667;-0.6398971;-0.5101183;;
30.668;-0.6399482;-0.510206;;
30.671;-0.6405815;-0.5112709;;
30.68;-0.6410632;-0.5120807;;
30.681;-0.6420023;-0.5136392;;
30.685;-0.6457543;-0.5198655;;
30.701;-0.6507864;-0.5280481;;
30.702;-0.6508646;-0.5281752;;
30.703;-0.6508646;-0.5281752;;
30.705;-0.6508646;-0.5281752;;
30.706;-0.6508646;-0.5281752;;
30.707;-0.6508646;-0.5281752;;
30.735;-0.6589906;-0.5410148;;
30.738;-0.6591603;-0.5412828;;
30.74;-0.6591929;-0.5413345;;
30.741;-0.6592047;-0.5413531;;
30.742;-0.6592065;-0.541356;;
30.742;-0.6592071;-0.5413569;;
30.769;-0.6687862;-0.555953;;
30.77;-0.6687862;-0.555953;;
30.773;-0.6687862;-0.555953;;
30.774;-0.6687862;-0.555953;;
30.775;-0.6687862;-0.555953;;
30.775;-0.6687862;-0.555953;;
30.7966404;;;-0.175452405230424;-0.0873452105076771
30.53;-0.6078126;-0.4516599;;
30.531;-0.6078927;-0.4518228;;
30.533;-0.6079054;-0.4518487;;
30.534;-0.6079063;-0.4518505;;
30.534;-0.6079066;-0.4518511;;
30.536;-0.6079071;-0.451852;;
30.565;-0.6122685;-0.4603607;;
30.566;-0.6145784;-0.4647832;;
30.568;-0.6149892;-0.4655699;;
30.57;-0.6150233;-0.4656351;;
30.571;-0.615029;-0.4656461;;
30.571;-0.6150319;-0.4656516;;
30.6;-0.6204778;-0.4758566;;
30.601;-0.6205145;-0.4759254;;
30.605;-0.6232094;-0.4808702;;
30.608;-0.6261641;-0.4861902;;
30.611;-0.6282919;-0.4900214;;
30.632;-0.6319373;-0.496454;;
30.633;-0.6319737;-0.4965181;;
30.636;-0.6319795;-0.4965283;;
30.636;-0.6319793;-0.4965279;;
30.638;-0.6319798;-0.4965288;;
30.64;-0.6319799;-0.4965291;;
30.667;-0.6398971;-0.5101183;;
30.668;-0.6399482;-0.510206;;
30.671;-0.6405815;-0.5112709;;
30.68;-0.6410632;-0.5120807;;
30.681;-0.6420023;-0.5136392;;
30.685;-0.6457543;-0.5198655;;
30.701;-0.6507864;-0.5280481;;
30.702;-0.6508646;-0.5281752;;
30.703;-0.6508646;-0.5281752;;
30.705;-0.6508646;-0.5281752;;
30.706;-0.6508646;-0.5281752;;
30.707;-0.6508646;-0.5281752;;
30.735;-0.6589906;-0.5410148;;
30.738;-0.6591603;-0.5412828;;
30.74;-0.6591929;-0.5413345;;
30.741;-0.6592047;-0.5413531;;
30.742;-0.6592065;-0.541356;;
30.742;-0.6592071;-0.5413569;;
30.769;-0.6687862;-0.555953;;
30.77;-0.6687862;-0.555953;;
30.773;-0.6687862;-0.555953;;
30.774;-0.6687862;-0.555953;;
30.775;-0.6687862;-0.555953;;
30.775;-0.6687862;-0.555953;;
30.802;-0.6786185;-0.5703768;;
30.804;-0.6786728;-0.5704564;;
30.806;-0.6786962;-0.5704908;;
30.807;-0.6787013;-0.5704983;;
30.8302204;;;-0.126904803017734;-0.0997888570340658
30.565;-0.6122685;-0.4603607;;
30.566;-0.6145784;-0.4647832;;
30.568;-0.6149892;-0.4655699;;
30.57;-0.6150233;-0.4656351;;
30.571;-0.615029;-0.4656461;;
30.571;-0.6150319;-0.4656516;;
30.6;-0.6204778;-0.4758566;;
30.601;-0.6205145;-0.4759254;;
30.605;-0.6232094;-0.4808702;;
30.608;-0.6261641;-0.4861902;;
30.611;-0.6282919;-0.4900214;;
30.632;-0.6319373;-0.496454;;
30.633;-0.6319737;-0.4965181;;
30.636;-0.6319795;-0.4965283;;
30.636;-0.6319793;-0.4965279;;
30.638;-0.6319798;-0.4965288;;
30.64;-0.6319799;-0.4965291;;
30.667;-0.6398971;-0.5101183;;
30.668;-0.6399482;-0.510206;;
30.671;-0.6405815;-0.5112709;;
30.68;-0.6410632;-0.5120807;;
30.681;-0.6420023;-0.5136392;;
30.685;-0.6457543;-0.5198655;;
30.701;-0.6507864;-0.5280481;;
30.702;-0.6508646;-0.5281752;;
30.703;-0.6508646;-0.5281752;;
30.705;-0.6508646;-0.5281752;;
30.706;-0.6508646;-0.5281752;;
30.707;-0.6508646;-0.5281752;;
30.735;-0.6589906;-0.5410148;;
30.738;-0.6591603;-0.5412828;;
30.74;-0.6591929;-0.5413345;;
30.741;-0.6592047;-0.5413531;;
30.742;-0.6592065;-0.541356;;
30.742;-0.6592071;-0.5413569;;
30.769;-0.6687862;-0.555953;;
30.77;-0.6687862;-0.555953;;
30.773;-0.6687862;-0.555953;;
30.774;-0.6687862;-0.555953;;
30.775;-0.6687862;-0.555953;;
30.775;-0.6687862;-0.555953;;
30.802;-0.6786185;-0.5703768;;
30.804;-0.6786728;-0.5704564;;
30.806;-0.6786962;-0.5704908;;
30.807;-0.6787013;-0.5704983;;
30.836;-0.6894239;-0.5856283;;
30.838;-0.6895741;-0.5858402;;
30.841;-0.6896032;-0.5858813;;
30.843;-0.689607;-0.5858867;;
30.843;-0.6896077;-0.5858876;;
30.844;-0.6896077;-0.5858876;;
30.845;-0.6896077;-0.5858876;;
30.8638103;;;-0.0713640529975889;-0.109198093409679
30.6;-0.6204778;-0.4758566;;
30.601;-0.6205145;-0.4759254;;
30.605;-0.6232094;-0.4808702;;
30.608;-0.6261641;-0.4861902;;
30.611;-0.6282919;-0.4900214;;
30.632;-0.6319373;-0.496454;;
30.633;-0.6319737;-0.4965181;;
30.636;-0.6319795;-0.4965283;;
30.636;-0.6319793;-0.4965279;;
30.638;-0.6319798;-0.4965288;;
30.64;-0.6319799;-0.4965291;;
30.667;-0.6398971;-0.5101183;;
30.668;-0.6399482;-0.510206;;
30.671;-0.6405815;-0.5112709;;
30.68;-0.6410632;-0.5120807;;
30.681;-0.6420023;-0.5136392;;
30.685;-0.6457543;-0.5198655;;
30.701;-0.6507864;-0.5280481;;
30.702;-0.6508646;-0.5281752;;
30.703;-0.6508646;-0.5281752;;
30.705;-0.6508646;-0.5281752;;
30.706;-0.6508646;-0.5281752;;
30.707;-0.6508646;-0.5281752;;
30.735;-0.6589906;-0.5410148;;
30.738;-0.6591603;-0.5412828;;
30.74;-0.6591929;-0.5413345;;
30.741;-0.6592047;-0.5413531;;
30.742;-0.6592065;-0.541356;;
30.742;-0.6592071;-0.5413569;;
30.769;-0.6687862;-0.555953;;
30.77;-0.6687862;-0.555953;;
30.773;-0.6687862;-0.555953;;
30.774;-0.6687862;-0.555953;;
30.775;-0.6687862;-0.555953;;
30.775;-0.6687862;-0.555953;;
30.802;-0.6786185;-0.5703768;;
30.804;-0.6786728;-0.5704564;;
30.806;-0.6786962;-0.5704908;;
30.807;-0.6787013;-0.5704983;;
30.836;-0.6894239;-0.5856283;;
30.838;-0.6895741;-0.5858402;;
30.841;-0.6896032;-0.5858813;;
30.843;-0.689607;-0.5858867;;
30.843;-0.6896077;-0.5858876;;
30.844;-0.6896077;-0.5858876;;
30.845;-0.6896077;-0.5858876;;
30.87;-0.7000247;-0.6000304;;
30.871;-0.7001092;-0.6001452;;
30.873;-0.7001268;-0.600169;;
30.875;-0.7001282;-0.6001709;;
30.876;-0.7001285;-0.6001713;;
30.877;-0.7001289;-0.6001717;;
30.8973992;;;-0.0144251562191417;-0.117938007303456
30.632;-0.6319373;-0.496454;;
30.633;-0.6319737;-0.4965181;;
30.636;-0.6319795;-0.4965283;;
30.636;-0.6319793;-0.4965279;;
30.638;-0.6319798;-0.4965288;;
30.64;-0.6319799;-0.4965291;;
30.667;-0.6398971;-0.5101183;;
30.668;-0.6399482;-0.510206;;
30.671;-0.6405815;-0.5112709;;
30.68;-0.6410632;-0.5120807;;
30.681;-0.6420023;-0.5136392;;
30.685;-0.6457543;-0.5198655;;
30.701;-0.6507864;-0.5280481;;
30.702;-0.6508646;-0.5281752;;
30.703;-0.6508646;-0.5281752;;
30.705;-0.6508646;-0.5281752;;
30.706;-0.6508646;-0.5281752;;
30.707;-0.6508646;-0.5281752;;
30.735;-0.6589906;-0.5410148;;
30.738;-0.6591603;-0.5412828;;
30.74;-0.6591929;-0.5413345;;
30.741;-0.6592047;-0.5413531;;
30.742;-0.6592065;-0.541356;;
30.742;-0.6592071;-0.5413569;;
30.769;-0.6687862;-0.555953;;
30.77;-0.6687862;-0.555953;;
30.773;-0.6687862;-0.555953;;
30.774;-0.6687862;-0.555953;;
30.775;-0.6687862;-0.555953;;
30.775;-0.6687862;-0.555953;;
30.802;-0.6786185;-0.5703768;;
30.804;-0.6786728;-0.5704564;;
30.806;-0.6786962;-0.5704908;;
30.807;-0.6787013;-0.5704983;;
30.836;-0.6894239;-0.5856283;;
30.838;-0.6895741;-0.5858402;;
30.841;-0.6896032;-0.5858813;;
30.843;-0.689607;-0.5858867;;
30.843;-0.6896077;-0.5858876;;
30.844;-0.6896077;-0.5858876;;
30.845;-0.6896077;-0.5858876;;
30.87;-0.7000247;-0.6000304;;
30.871;-0.7001092;-0.6001452;;
30.873;-0.7001268;-0.600169;;
30.875;-0.7001282;-0.6001709;;
30.876;-0.7001285;-0.6001713;;
30.877;-0.7001289;-0.6001717;;
30.904;-0.7103214;-0.6135187;;
30.905;-0.7103989;-0.61362;;
30.908;-0.7104141;-0.61364;;
30.91;-0.7104149;-0.613641;;
30.91;-0.7104149;-0.6136411;;
30.912;-0.7104155;-0.6136418;;
30.9309975;;;0.0213450712385931;-0.130248187430289
30.667;-0.6398971;-0.5101183;;
30.668;-0.6399482;-0.510206;;
30.671;-0.6405815;-0.5112709;;
30.68;-0.6410632;-0.5120807;;
30.681;-0.6420023;-0.5136392;;
30.685;-0.6457543;-0.5198655;;
30.701;-0.6507864;-0.5280481;;
30.702;-0.6508646;-0.5281752;;
30.703;-0.6508646;-0.5281752;;
30.705;-0.6508646;-0.5281752;;
30.706;-0.6508646;-0.5281752;;
30.707;-0.6508646;-0.5281752;;
30.735;-0.6589906;-0.5410148;;
30.738;-0.6591603;-0.5412828;;
30.74;-0.6591929;-0.5413345;;
30.741;-0.6592047;-0.5413531;;
30.742;-0.6592065;-0.541356;;
30.742;-0.6592071;-0.5413569;;
30.769;-0.6687862;-0.555953;;
30.77;-0.6687862;-0.555953;;
30.773;-0.6687862;-0.555953;;
30.774;-0.6687862;-0.555953;;
30.775;-0.6687862;-0.555953;;
30.775;-0.6687862;-0.555953;;
30.802;-0.6786185;-0.5703768;;
30.804;-0.6786728;-0.5704564;;
30.806;-0.6786962;-0.5704908;;
30.807;-0.6787013;-0.5704983;;
30.836;-0.6894239;-0.5856283;;
30.838;-0.6895741;-0.5858402;;
30.841;-0.6896032;-0.5858813;;
30.843;-0.689607;-0.5858867;;
30.843;-0.6896077;-0.5858876;;
30.844;-0.6896077;-0.5858876;;
30.845;-0.6896077;-0.5858876;;
30.87;-0.7000247;-0.6000304;;
30.871;-0.7001092;-0.6001452;;
30.873;-0.7001268;-0.600169;;
30.875;-0.7001282;-0.6001709;;
30.876;-0.7001285;-0.6001713;;
30.877;-0.7001289;-0.6001717;;
30.904;-0.7103214;-0.6135187;;
30.905;-0.7103989;-0.61362;;
30.908;-0.7104141;-0.61364;;
30.91;-0.7104149;-0.613641;;
30.91;-0.7104149;-0.6136411;;
30.912;-0.7104155;-0.6136418;;
30.938;-0.7219287;-0.628176;;
30.939;-0.7219287;-0.628176;;
30.947;-0.7219287;-0.628176;;
30.948;-0.7219287;-0.628176;;
30.948;-0.7219287;-0.628176;;
30.949;-0.7219287;-0.628176;;
30.9645982;;;0.0394501622494404;-0.152041368285854
30.681;-0.6420023;-0.5136392;;
30.685;-0.6457543;-0.5198655;;
30.701;-0.6507864;-0.5280481;;
30.702;-0.6508646;-0.5281752;;
30.703;-0.6508646;-0.5281752;;
30.705;-0.6508646;-0.5281752;;
30.706;-0.6508646;-0.5281752;;
30.707;-0.6508646;-0.5281752;;
30.735;-0.6589906;-0.5410148;;
30.738;-0.6591603;-0.5412828;;
30.74;-0.6591929;-0.5413345;;
30.741;-0.6592047;-0.5413531;;
30.742;-0.6592065;-0.541356;;
30.742;-0.6592071;-0.5413569;;
30.769;-0.6687862;-0.555953;;
30.77;-0.6687862;-0.555953;;
30.773;-0.6687862;-0.555953;;
30.774;-0.6687862;-0.555953;;
30.775;-0.6687862;-0.555953;;
30.775;-0.6687862;-0.555953;;
30.802;-0.6786185;-0.5703768;;
30.804;-0.6786728;-0.5704564;;
30.806;-0.6786962;-0.5704908;;
30.807;-0.6787013;-0.5704983;;
30.836;-0.6894239;-0.5856283;;
30.838;-0.6895741;-0.5858402;;
30.841;-0.6896032;-0.5858813;;
30.843;-0.689607;-0.5858867;;
30.843;-0.6896077;-0.5858876;;
30.844;-0.6896077;-0.5858876;;
30.845;-0.6896077;-0.5858876;;
30.87;-0.7000247;-0.6000304;;
30.871;-0.7001092;-0.6001452;;
30.873;-0.7001268;-0.600169;;
30.875;-0.7001282;-0.6001709;;
30.876;-0.7001285;-0.6001713;;
30.877;-0.7001289;-0.6001717;;
30.904;-0.7103214;-0.6135187;;
30.905;-0.7103989;-0.61362;;
30.908;-0.7104141;-0.61364;;
30.91;-0.7104149;-0.613641;;
30.91;-0.7104149;-0.6136411;;
30.912;-0.7104155;-0.6136418;;
30.938;-0.7219287;-0.628176;;
30.939;-0.7219287;-0.628176;;
30.947;-0.7219287;-0.628176;;
30.948;-0.7219287;-0.628176;;
30.948;-0.7219287;-0.628176;;
30.949;-0.7219287;-0.628176;;
30.973;-0.7336767;-0.6424552;;
30.974;-0.7336767;-0.6424552;;
30.975;-0.7336767;-0.6424552;;
30.977;-0.7336767;-0.6424552;;
30.98;-0.7336767;-0.6424552;;
30.9900431;;;0.0248069766071021;-0.174397748589201
30.735;-0.6589906;-0.5410148;;
30.738;-0.6591603;-0.5412828;;
30.74;-0.6591929;-0.5413345;;
30.741;-0.6592047;-0.5413531;;
30.742;-0.6592065;-0.541356;;
30.742;-0.6592071;-0.5413569;;
30.769;-0.6687862;-0.555953;;
30.77;-0.6687862;-0.555953;;
30.773;-0.6687862;-0.555953;;
30.774;-0.6687862;-0.555953;;
30.775;-0.6687862;-0.555953;;
30.775;-0.6687862;-0.555953;;
30.802;-0.6786185;-0.5703768;;
30.804;-0.6786728;-0.5704564;;
30.806;-0.6786962;-0.5704908;;
30.807;-0.6787013;-0.5704983;;
30.836;-0.6894239;-0.5856283;;
30.838;-0.6895741;-0.5858402;;
30.841;-0.6896032;-0.5858813;;
30.843;-0.689607;-0.5858867;;
30.843;-0.6896077;-0.5858876;;
30.844;-0.6896077;-0.5858876;;
30.845;-0.6896077;-0.5858876;;
30.87;-0.7000247;-0.6000304;;
30.871;-0.7001092;-0.6001452;;
30.873;-0.7001268;-0.600169;;
30.875;-0.7001282;-0.6001709;;
30.876;-0.7001285;-0.6001713;;
30.877;-0.7001289;-0.6001717;;
30.904;-0.7103214;-0.6135187;;
30.905;-0.7103989;-0.61362;;
30.908;-0.7104141;-0.61364;;
30.91;-0.7104149;-0.613641;;
30.91;-0.7104149;-0.6136411;;
30.912;-0.7104155;-0.6136418;;
30.938;-0.7219287;-0.628176;;
30.939;-0.7219287;-0.628176;;
30.947;-0.7219287;-0.628176;;
30.948;-0.7219287;-0.628176;;
30.948;-0.7219287;-0.628176;;
30.949;-0.7219287;-0.628176;;
30.973;-0.7336767;-0.6424552;;
30.974;-0.7336767;-0.6424552;;
30.975;-0.7336767;-0.6424552;;
30.977;-0.7336767;-0.6424552;;
30.98;-0.7336767;-0.6424552;;
31.006;-0.7427889;-0.6531687;;
31.008;-0.7428652;-0.6532584;;
31.01;-0.7428746;-0.6532695;;
31.014;-0.7443278;-0.6549498;;
31.015;-0.7444009;-0.6550343;;
31.0346617;;;0.00172118779750008;-0.17722502821801
30.769;-0.6687862;-0.555953;;
30.77;-0.6687862;-0.555953;;
30.773;-0.6687862;-0.555953;;
30.774;-0.6687862;-0.555953;;
30.775;-0.6687862;-0.555953;;
30.775;-0.6687862;-0.555953;;
30.802;-0.6786185;-0.5703768;;
30.804;-0.6786728;-0.5704564;;
30.806;-0.6786962;-0.5704908;;
30.807;-0.6787013;-0.5704983;;
30.836;-0.6894239;-0.5856283;;
30.838;-0.6895741;-0.5858402;;
30.841;-0.6896032;-0.5858813;;
30.843;-0.689607;-0.5858867;;
30.843;-0.6896077;-0.5858876;;
30.844;-0.6896077;-0.5858876;;
30.845;-0.6896077;-0.5858876;;
30.87;-0.7000247;-0.6000304;;
30.871;-0.7001092;-0.6001452;;
30.873;-0.7001268;-0.600169;;
30.875;-0.7001282;-0.6001709;;
30.876;-0.7001285;-0.6001713;;
30.877;-0.7001289;-0.6001717;;
30.904;-0.7103214;-0.6135187;;
30.905;-0.7103989;-0.61362;;
30.908;-0.7104141;-0.61364;;
30.91;-0.7104149;-0.613641;;
30.91;-0.7104149;-0.6136411;;
30.912;-0.7104155;-0.6136418;;
30.938;-0.7219287;-0.628176;;
30.939;-0.7219287;-0.628176;;
30.947;-0.7219287;-0.628176;;
30.948;-0.7219287;-0.628176;;
30.948;-0.7219287;-0.628176;;
30.949;-0.7219287;-0.628176;;
30.973;-0.7336767;-0.6424552;;
30.974;-0.7336767;-0.6424552;;
30.975;-0.7336767;-0.6424552;;
30.977;-0.7336767;-0.6424552;;
30.98;-0.7336767;-0.6424552;;
31.006;-0.7427889;-0.6531687;;
31.008;-0.7428652;-0.6532584;;
31.01;-0.7428746;-0.6532695;;
31.014;-0.7443278;-0.6549498;;
31.015;-0.7444009;-0.6550343;;
31.04;-0.7521303;-0.6638446;;
31.042;-0.7521978;-0.6639215;;
31.043;-0.7522035;-0.663928;;
31.045;-0.7522058;-0.6639307;;
31.047;-0.7522065;-0.6639314;;
31.047;-0.7522066;-0.6639314;;
31.0572216;;;-0.00897806252277078;-0.179461701704663
30.836;-0.6894239;-0.5856283;;
30.838;-0.6895741;-0.5858402;;
30.841;-0.6896032;-0.5858813;;
30.843;-0.689607;-0.5858867;;
30.843;-0.6896077;-0.5858876;;
30.844;-0.6896077;-0.5858876;;
30.845;-0.6896077;-0.5858876;;
30.87;-0.7000247;-0.6000304;;
30.871;-0.7001092;-0.6001452;;
30.873;-0.7001268;-0.600169;;
30.875;-0.7001282;-0.6001709;;
30.876;-0.7001285;-0.6001713;;
30.877;-0.7001289;-0.6001717;;
30.904;-0.7103214;-0.6135187;;
30.905;-0.7103989;-0.61362;;
30.908;-0.7104141;-0.61364;;
30.91;-0.7104149;-0.613641;;
30.91;-0.7104149;-0.6136411;;
30.912;-0.7104155;-0.6136418;;
30.938;-0.7219287;-0.628176;;
30.939;-0.7219287;-0.628176;;
30.947;-0.7219287;-0.628176;;
30.948;-0.7219287;-0.628176;;
30.948;-0.7219287;-0.628176;;
30.949;-0.7219287;-0.628176;;
30.973;-0.7336767;-0.6424552;;
30.974;-0.7336767;-0.6424552;;
30.975;-0.7336767;-0.6424552;;
30.977;-0.7336767;-0.6424552;;
30.98;-0.7336767;-0.6424552;;
31.006;-0.7427889;-0.6531687;;
31.008;-0.7428652;-0.6532584;;
31.01;-0.7428746;-0.6532695;;
31.014;-0.7443278;-0.6549498;;
31.015;-0.7444009;-0.6550343;;
31.04;-0.7521303;-0.6638446;;
31.042;-0.7521978;-0.6639215;;
31.043;-0.7522035;-0.663928;;
31.045;-0.7522058;-0.6639307;;
31.047;-0.7522065;-0.6639314;;
31.047;-0.7522066;-0.6639314;;
31.074;-0.759884;-0.6724774;;
31.076;-0.7660906;-0.6792294;;
31.078;-0.7674611;-0.6807204;;
31.08;-0.7677631;-0.6810489;;
31.082;-0.7678175;-0.6811081;;
31.084;-0.767837;-0.6811293;;
31.085;-0.7678459;-0.6811389;;
31.086;-0.7678474;-0.6811405;;
31.11;-0.7786568;-0.6925758;;
31.1098621;;;-0.0336554548832811;-0.180757182995
30.836;-0.6894239;-0.5856283;;
30.838;-0.6895741;-0.5858402;;
30.841;-0.6896032;-0.5858813;;
30.843;-0.689607;-0.5858867;;
30.843;-0.6896077;-0.5858876;;
30.844;-0.6896077;-0.5858876;;
30.845;-0.6896077;-0.5858876;;
30.87;-0.7000247;-0.6000304;;
30.871;-0.7001092;-0.6001452;;
30.873;-0.7001268;-0.600169;;
30.875;-0.7001282;-0.6001709;;
30.876;-0.7001285;-0.6001713;;
30.877;-0.7001289;-0.6001717;;
30.904;-0.7103214;-0.6135187;;
30.905;-0.7103989;-0.61362;;
30.908;-0.7104141;-0.61364;;
30.91;-0.7104149;-0.613641;;
30.91;-0.7104149;-0.6136411;;
30.912;-0.7104155;-0.6136418;;
30.938;-0.7219287;-0.628176;;
30.939;-0.7219287;-0.628176;;
30.947;-0.7219287;-0.628176;;
30.948;-0.7219287;-0.628176;;
30.948;-0.7219287;-0.628176;;
30.949;-0.7219287;-0.628176;;
30.973;-0.7336767;-0.6424552;;
30.974;-0.7336767;-0.6424552;;
30.975;-0.7336767;-0.6424552;;
30.977;-0.7336767;-0.6424552;;
30.98;-0.7336767;-0.6424552;;
31.006;-0.7427889;-0.6531687;;
31.008;-0.7428652;-0.6532584;;
31.01;-0.7428746;-0.6532695;;
31.014;-0.7443278;-0.6549498;;
31.015;-0.7444009;-0.6550343;;
31.04;-0.7521303;-0.6638446;;
31.042;-0.7521978;-0.6639215;;
31.043;-0.7522035;-0.663928;;
31.045;-0.7522058;-0.6639307;;
31.047;-0.7522065;-0.6639314;;
31.047;-0.7522066;-0.6639314;;
31.074;-0.759884;-0.6724774;;
31.076;-0.7660906;-0.6792294;;
31.078;-0.7674611;-0.6807204;;
31.08;-0.7677631;-0.6810489;;
31.082;-0.7678175;-0.6811081;;
31.084;-0.767837;-0.6811293;;
31.085;-0.7678459;-0.6811389;;
31.086;-0.7678474;-0.6811405;;
31.11;-0.7786568;-0.6925758;;
31.111;-0.7816056;-0.6956302;;
31.112;-0.7822515;-0.6962993;;
31.112;-0.7823695;-0.6964214;;
31.114;-0.7819554;-0.6959925;;
31.115;-0.7824494;-0.6965042;;
31.1270532;;;-0.0359037076499317;-0.181397926566595
30.904;-0.7103214;-0.6135187;;
30.905;-0.7103989;-0.61362;;
30.908;-0.7104141;-0.61364;;
30.91;-0.7104149;-0.613641;;
30.91;-0.7104149;-0.6136411;;
30.912;-0.7104155;-0.6136418;;
30.938;-0.7219287;-0.628176;;
30.939;-0.7219287;-0.628176;;
30.947;-0.7219287;-0.628176;;
30.948;-0.7219287;-0.628176;;
30.948;-0.7219287;-0.628176;;
30.949;-0.7219287;-0.628176;;
30.973;-0.7336767;-0.6424552;;
30.974;-0.7336767;-0.6424552;;
30.975;-0.7336767;-0.6424552;;
30.977;-0.7336767;-0.6424552;;
30.98;-0.7336767;-0.6424552;;
31.006;-0.7427889;-0.6531687;;
31.008;-0.7428652;-0.6532584;;
31.01;-0.7428746;-0.6532695;;
31.014;-0.7443278;-0.6549498;;
31.015;-0.7444009;-0.6550343;;
31.04;-0.7521303;-0.6638446;;
31.042;-0.7521978;-0.6639215;;
31.043;-0.7522035;-0.663928;;
31.045;-0.7522058;-0.6639307;;
31.047;-0.7522065;-0.6639314;;
31.047;-0.7522066;-0.6639314;;
31.074;-0.759884;-0.6724774;;
31.076;-0.7660906;-0.6792294;;
31.078;-0.7674611;-0.6807204;;
31.08;-0.7677631;-0.6810489;;
31.082;-0.7678175;-0.6811081;;
31.084;-0.767837;-0.6811293;;
31.085;-0.7678459;-0.6811389;;
31.086;-0.7678474;-0.6811405;;
31.11;-0.7786568;-0.6925758;;
31.111;-0.7816056;-0.6956302;;
31.112;-0.7822515;-0.6962993;;
31.112;-0.7823695;-0.6964214;;
31.114;-0.7819554;-0.6959925;;
31.115;-0.7824494;-0.6965042;;
31.143;-0.7869565;-0.7011195;;
31.145;-0.7869925;-0.7011564;;
31.146;-0.7924217;-0.7066272;;
31.147;-0.7932681;-0.7074801;;
31.149;-0.7934057;-0.7076187;;
31.177;-0.8033503;-0.717409;;
31.177;-0.8034651;-0.717522;;
31.179;-0.8035243;-0.7175803;;
31.1801985;;;-0.0114338611724237;-0.180660777681772
30.904;-0.7103214;-0.6135187;;
30.905;-0.7103989;-0.61362;;
30.908;-0.7104141;-0.61364;;
30.91;-0.7104149;-0.613641;;
30.91;-0.7104149;-0.6136411;;
30.912;-0.7104155;-0.6136418;;
30.938;-0.7219287;-0.628176;;
30.939;-0.7219287;-0.628176;;
30.947;-0.7219287;-0.628176;;
30.948;-0.7219287;-0.628176;;
30.948;-0.7219287;-0.628176;;
30.949;-0.7219287;-0.628176;;
30.973;-0.7336767;-0.6424552;;
30.974;-0.7336767;-0.6424552;;
30.975;-0.7336767;-0.6424552;;
30.977;-0.7336767;-0.6424552;;
30.98;-0.7336767;-0.6424552;;
31.006;-0.7427889;-0.6531687;;
31.008;-0.7428652;-0.6532584;;
31.01;-0.7428746;-0.6532695;;
31.014;-0.7443278;-0.6549498;;
31.015;-0.7444009;-0.6550343;;
31.04;-0.7521303;-0.6638446;;
31.042;-0.7521978;-0.6639215;;
31.043;-0.7522035;-0.663928;;
31.045;-0.7522058;-0.6639307;;
31.047;-0.7522065;-0.6639314;;
31.047;-0.7522066;-0.6639314;;
31.074;-0.759884;-0.6724774;;
31.076;-0.7660906;-0.6792294;;
31.078;-0.7674611;-0.6807204;;
31.08;-0.7677631;-0.6810489;;
31.082;-0.7678175;-0.6811081;;
31.084;-0.767837;-0.6811293;;
31.085;-0.7678459;-0.6811389;;
31.086;-0.7678474;-0.6811405;;
31.11;-0.7786568;-0.6925758;;
31.111;-0.7816056;-0.6956302;;
31.112;-0.7822515;-0.6962993;;
31.112;-0.7823695;-0.6964214;;
31.114;-0.7819554;-0.6959925;;
31.115;-0.7824494;-0.6965042;;
31.143;-0.7869565;-0.7011195;;
31.145;-0.7869925;-0.7011564;;
31.146;-0.7924217;-0.7066272;;
31.147;-0.7932681;-0.7074801;;
31.149;-0.7934057;-0.7076187;;
31.177;-0.8033503;-0.717409;;
31.177;-0.8034651;-0.717522;;
31.179;-0.8035243;-0.7175803;;
31.2024942;;;-0.0114338611724237;-0.178832541372041
30.949;-0.7219287;-0.628176;;
30.973;-0.7336767;-0.6424552;;
30.974;-0.7336767;-0.6424552;;
30.975;-0.7336767;-0.6424552;;
30.977;-0.7336767;-0.6424552;;
30.98;-0.7336767;-0.6424552;;
31.006;-0.7427889;-0.6531687;;
31.008;-0.7428652;-0.6532584;;
31.01;-0.7428746;-0.6532695;;
31.014;-0.7443278;-0.6549498;;
31.015;-0.7444009;-0.6550343;;
31.04;-0.7521303;-0.6638446;;
31.042;-0.7521978;-0.6639215;;
31.043;-0.7522035;-0.663928;;
31.045;-0.7522058;-0.6639307;;
31.047;-0.7522065;-0.6639314;;
31.047;-0.7522066;-0.6639314;;
31.074;-0.759884;-0.6724774;;
31.076;-0.7660906;-0.6792294;;
31.078;-0.7674611;-0.6807204;;
31.08;-0.7677631;-0.6810489;;
31.082;-0.7678175;-0.6811081;;
31.084;-0.767837;-0.6811293;;
31.085;-0.7678459;-0.6811389;;
31.086;-0.7678474;-0.6811405;;
31.11;-0.7786568;-0.6925758;;
31.111;-0.7816056;-0.6956302;;
31.112;-0.7822515;-0.6962993;;
31.112;-0.7823695;-0.6964214;;
31.114;-0.7819554;-0.6959925;;
31.115;-0.7824494;-0.6965042;;
31.143;-0.7869565;-0.7011195;;
31.145;-0.7869925;-0.7011564;;
31.146;-0.7924217;-0.7066272;;
31.147;-0.7932681;-0.7074801;;
31.149;-0.7934057;-0.7076187;;
31.177;-0.8033503;-0.717409;;
31.177;-0.8034651;-0.717522;;
31.179;-0.8035243;-0.7175803;;
31.181;-0.8073122;-0.7212356;;
31.183;-0.8076997;-0.7216095;;
31.214;-0.8123374;-0.7260201;;
31.215;-0.8124529;-0.7261307;;
31.219;-0.8131732;-0.7268206;;
31.219;-0.8131989;-0.7268451;;
31.22;-0.8132156;-0.7268611;;
31.245;-0.8216661;-0.7347528;;
31.246;-0.8217381;-0.7348201;;
31.247;-0.8297628;-0.7421324;;
31.248;-0.831003;-0.7432625;;
31.2659741;;;-0.0340148251917085;-0.176831915729845
31.006;-0.7427889;-0.6531687;;
31.008;-0.7428652;-0.6532584;;
31.01;-0.7428746;-0.6532695;;
31.014;-0.7443278;-0.6549498;;
31.015;-0.7444009;-0.6550343;;
31.04;-0.7521303;-0.6638446;;
31.042;-0.7521978;-0.6639215;;
31.043;-0.7522035;-0.663928;;
31.045;-0.7522058;-0.6639307;;
31.047;-0.7522065;-0.6639314;;
31.047;-0.7522066;-0.6639314;;
31.074;-0.759884;-0.6724774;;
31.076;-0.7660906;-0.6792294;;
31.078;-0.7674611;-0.6807204;;
31.08;-0.7677631;-0.6810489;;
31.082;-0.7678175;-0.6811081;;
31.084;-0.767837;-0.6811293;;
31.085;-0.7678459;-0.6811389;;
31.086;-0.7678474;-0.6811405;;
31.11;-0.7786568;-0.6925758;;
31.111;-0.7816056;-0.6956302;;
31.112;-0.7822515;-0.6962993;;
31.112;-0.7823695;-0.6964214;;
31.114;-0.7819554;-0.6959925;;
31.115;-0.7824494;-0.6965042;;
31.143;-0.7869565;-0.7011195;;
31.145;-0.7869925;-0.7011564;;
31.146;-0.7924217;-0.7066272;;
31.147;-0.7932681;-0.7074801;;
31.149;-0.7934057;-0.7076187;;
31.177;-0.8033503;-0.717409;;
31.177;-0.8034651;-0.717522;;
31.179;-0.8035243;-0.7175803;;
31.181;-0.8073122;-0.7212356;;
31.183;-0.8076997;-0.7216095;;
31.214;-0.8123374;-0.7260201;;
31.215;-0.8124529;-0.7261307;;
31.219;-0.8131732;-0.7268206;;
31.219;-0.8131989;-0.7268451;;
31.22;-0.8132156;-0.7268611;;
31.245;-0.8216661;-0.7347528;;
31.246;-0.8217381;-0.7348201;;
31.247;-0.8297628;-0.7421324;;
31.248;-0.831003;-0.7432625;;
31.281;-0.8391403;-0.7505088;;
31.2810173;;;-0.0785805213078559;-0.179166140504025
31.074;-0.759884;-0.6724774;;
31.076;-0.7660906;-0.6792294;;
31.078;-0.7674611;-0.6807204;;
31.08;-0.7677631;-0.6810489;;
31.082;-0.7678175;-0.6811081;;
31.084;-0.767837;-0.6811293;;
31.085;-0.7678459;-0.6811389;;
31.086;-0.7678474;-0.6811405;;
31.11;-0.7786568;-0.6925758;;
31.111;-0.7816056;-0.6956302;;
31.112;-0.7822515;-0.6962993;;
31.112;-0.7823695;-0.6964214;;
31.114;-0.7819554;-0.6959925;;
31.115;-0.7824494;-0.6965042;;
31.143;-0.7869565;-0.7011195;;
31.145;-0.7869925;-0.7011564;;
31.146;-0.7924217;-0.7066272;;
31.147;-0.7932681;-0.7074801;;
31.149;-0.7934057;-0.7076187;;
31.177;-0.8033503;-0.717409;;
31.177;-0.8034651;-0.717522;;
31.179;-0.8035243;-0.7175803;;
31.181;-0.8073122;-0.7212356;;
31.183;-0.8076997;-0.7216095;;
31.214;-0.8123374;-0.7260201;;
31.215;-0.8124529;-0.7261307;;
31.219;-0.8131732;-0.7268206;;
31.219;-0.8131989;-0.7268451;;
31.22;-0.8132156;-0.7268611;;
31.245;-0.8216661;-0.7347528;;
31.246;-0.8217381;-0.7348201;;
31.247;-0.8297628;-0.7421324;;
31.248;-0.831003;-0.7432625;;
31.281;-0.8391403;-0.7505088;;
31.281;-0.8391725;-0.7505375;;
31.284;-0.8391981;-0.7505602;;
31.315;-0.8617831;-0.7698566;;
31.316;-0.8617831;-0.7698566;;
31.317;-0.8617831;-0.7698566;;
31.319;-0.8617831;-0.7698566;;
31.321;-0.8617831;-0.7698566;;
31.321;-0.8617831;-0.7698566;;
31.346;-0.86436;-0.7719857;;
31.347;-0.8643816;-0.7720034;;
31.347598;;;-0.777326237427272;-0.207979539443977
31.074;-0.759884;-0.6724774;;
31.076;-0.7660906;-0.6792294;;
31.078;-0.7674611;-0.6807204;;
31.08;-0.7677631;-0.6810489;;
31.082;-0.7678175;-0.6811081;;
31.084;-0.767837;-0.6811293;;
31.085;-0.7678459;-0.6811389;;
31.086;-0.7678474;-0.6811405;;
31.11;-0.7786568;-0.6925758;;
31.111;-0.7816056;-0.6956302;;
31.112;-0.7822515;-0.6962993;;
31.112;-0.7823695;-0.6964214;;
31.114;-0.7819554;-0.6959925;;
31.115;-0.7824494;-0.6965042;;
31.143;-0.7869565;-0.7011195;;
31.145;-0.7869925;-0.7011564;;
31.146;-0.7924217;-0.7066272;;
31.147;-0.7932681;-0.7074801;;
31.149;-0.7934057;-0.7076187;;
31.177;-0.8033503;-0.717409;;
31.177;-0.8034651;-0.717522;;
31.179;-0.8035243;-0.7175803;;
31.181;-0.8073122;-0.7212356;;
31.183;-0.8076997;-0.7216095;;
31.214;-0.8123374;-0.7260201;;
31.215;-0.8124529;-0.7261307;;
31.219;-0.8131732;-0.7268206;;
31.219;-0.8131989;-0.7268451;;
31.22;-0.8132156;-0.7268611;;
31.245;-0.8216661;-0.7347528;;
31.246;-0.8217381;-0.7348201;;
31.247;-0.8297628;-0.7421324;;
31.248;-0.831003;-0.7432625;;
31.281;-0.8391403;-0.7505088;;
31.281;-0.8391725;-0.7505375;;
31.284;-0.8391981;-0.7505602;;
31.315;-0.8617831;-0.7698566;;
31.316;-0.8617831;-0.7698566;;
31.317;-0.8617831;-0.7698566;;
31.319;-0.8617831;-0.7698566;;
31.321;-0.8617831;-0.7698566;;
31.321;-0.8617831;-0.7698566;;
31.346;-0.86436;-0.7719857;;
31.347;-0.8643816;-0.7720034;;
31.348;-0.869469;-0.7761589;;
31.35;-0.8699948;-0.7765884;;
31.352;-0.8702793;-0.7768208;;
31.353;-0.8703504;-0.7768788;;
31.3591277;;;-0.819925168275053;-0.231377438357555
31.143;-0.7869565;-0.7011195;;
31.145;-0.7869925;-0.7011564;;
31.146;-0.7924217;-0.7066272;;
31.147;-0.7932681;-0.7074801;;
31.149;-0.7934057;-0.7076187;;
31.177;-0.8033503;-0.717409;;
31.177;-0.8034651;-0.717522;;
31.179;-0.8035243;-0.7175803;;
31.181;-0.8073122;-0.7212356;;
31.183;-0.8076997;-0.7216095;;
31.214;-0.8123374;-0.7260201;;
31.215;-0.8124529;-0.7261307;;
31.219;-0.8131732;-0.7268206;;
31.219;-0.8131989;-0.7268451;;
31.22;-0.8132156;-0.7268611;;
31.245;-0.8216661;-0.7347528;;
31.246;-0.8217381;-0.7348201;;
31.247;-0.8297628;-0.7421324;;
31.248;-0.831003;-0.7432625;;
31.281;-0.8391403;-0.7505088;;
31.281;-0.8391725;-0.7505375;;
31.284;-0.8391981;-0.7505602;;
31.315;-0.8617831;-0.7698566;;
31.316;-0.8617831;-0.7698566;;
31.317;-0.8617831;-0.7698566;;
31.319;-0.8617831;-0.7698566;;
31.321;-0.8617831;-0.7698566;;
31.321;-0.8617831;-0.7698566;;
31.346;-0.86436;-0.7719857;;
31.347;-0.8643816;-0.7720034;;
31.348;-0.869469;-0.7761589;;
31.35;-0.8699948;-0.7765884;;
31.352;-0.8702793;-0.7768208;;
31.353;-0.8703504;-0.7768788;;
31.38;-0.8795152;-0.7842177;;
31.381;-0.8795865;-0.7842748;;
31.383;-0.8795955;-0.784282;;
31.384;-0.8795974;-0.7842835;;
31.386;-0.879599;-0.7842848;;
31.386;-0.879599;-0.7842848;;
31.415;-0.8979697;-0.7984732;;
31.417;-0.8979697;-0.7984732;;
31.418;-0.8979697;-0.7984732;;
31.419;-0.8979697;-0.7984732;;
31.425305;;;-0.916000813999996;-0.241698866203703
31.143;-0.7869565;-0.7011195;;
31.145;-0.7869925;-0.7011564;;
31.146;-0.7924217;-0.7066272;;
31.147;-0.7932681;-0.7074801;;
31.149;-0.7934057;-0.7076187;;
31.177;-0.8033503;-0.717409;;
31.177;-0.8034651;-0.717522;;
31.179;-0.8035243;-0.7175803;;
31.181;-0.8073122;-0.7212356;;
31.183;-0.8076997;-0.7216095;;
31.214;-0.8123374;-0.7260201;;
31.215;-0.8124529;-0.7261307;;
31.219;-0.8131732;-0.7268206;;
31.219;-0.8131989;-0.7268451;;
31.22;-0.8132156;-0.7268611;;
31.245;-0.8216661;-0.7347528;;
31.246;-0.8217381;-0.7348201;;
31.247;-0.8297628;-0.7421324;;
31.248;-0.831003;-0.7432625;;
31.281;-0.8391403;-0.7505088;;
31.281;-0.8391725;-0.7505375;;
31.284;-0.8391981;-0.7505602;;
31.315;-0.8617831;-0.7698566;;
31.316;-0.8617831;-0.7698566;;
31.317;-0.8617831;-0.7698566;;
31.319;-0.8617831;-0.7698566;;
31.321;-0.8617831;-0.7698566;;
31.321;-0.8617831;-0.7698566;;
31.346;-0.86436;-0.7719857;;
31.347;-0.8643816;-0.7720034;;
31.348;-0.869469;-0.7761589;;
31.35;-0.8699948;-0.7765884;;
31.352;-0.8702793;-0.7768208;;
31.353;-0.8703504;-0.7768788;;
31.38;-0.8795152;-0.7842177;;
31.381;-0.8795865;-0.7842748;;
31.383;-0.8795955;-0.784282;;
31.384;-0.8795974;-0.7842835;;
31.386;-0.879599;-0.7842848;;
31.386;-0.879599;-0.7842848;;
31.415;-0.8979697;-0.7984732;;
31.417;-0.8979697;-0.7984732;;
31.418;-0.8979697;-0.7984732;;
31.419;-0.8979697;-0.7984732;;
31.4388398;;;-0.916000813999996;-0.253941356573817
31.214;-0.8123374;-0.7260201;;
31.215;-0.8124529;-0.7261307;;
31.219;-0.8131732;-0.7268206;;
31.219;-0.8131989;-0.7268451;;
31.22;-0.8132156;-0.7268611;;
31.245;-0.8216661;-0.7347528;;
31.246;-0.8217381;-0.7348201;;
31.247;-0.8297628;-0.7421324;;
31.248;-0.831003;-0.7432625;;
31.281;-0.8391403;-0.7505088;;
31.281;-0.8391725;-0.7505375;;
31.284;-0.8391981;-0.7505602;;
31.315;-0.8617831;-0.7698566;;
31.316;-0.8617831;-0.7698566;;
31.317;-0.8617831;-0.7698566;;
31.319;-0.8617831;-0.7698566;;
31.321;-0.8617831;-0.7698566;;
31.321;-0.8617831;-0.7698566;;
31.346;-0.86436;-0.7719857;;
31.347;-0.8643816;-0.7720034;;
31.348;-0.869469;-0.7761589;;
31.35;-0.8699948;-0.7765884;;
31.352;-0.8702793;-0.7768208;;
31.353;-0.8703504;-0.7768788;;
31.38;-0.8795152;-0.7842177;;
31.381;-0.8795865;-0.7842748;;
31.383;-0.8795955;-0.784282;;
31.384;-0.8795974;-0.7842835;;
31.386;-0.879599;-0.7842848;;
31.386;-0.879599;-0.7842848;;
31.415;-0.8979697;-0.7984732;;
31.417;-0.8979697;-0.7984732;;
31.418;-0.8979697;-0.7984732;;
31.419;-0.8979697;-0.7984732;;
31.448;-0.9057778;-0.8042993;;
31.45;-0.9059178;-0.8044038;;
31.451;-0.9059568;-0.8044329;;
31.454;-0.9059745;-0.8044461;;
31.455;-0.9111051;-0.8082041;;
31.456;-0.9119183;-0.8087997;;
31.457;-0.9121814;-0.8089924;;
31.458;-0.912223;-0.8090228;;
31.483;-0.9245678;-0.817848;;
31.484;-0.9246325;-0.8178943;;
31.486;-0.9246749;-0.8179246;;
31.487;-0.9246925;-0.8179372;;
31.488;-0.9246925;-0.8179372;;
31.488;-0.9246925;-0.8179372;;
31.4930893;;;-0.847634555625619;-0.267254990662017
31.214;-0.8123374;-0.7260201;;
31.215;-0.8124529;-0.7261307;;
31.219;-0.8131732;-0.7268206;;
31.219;-0.8131989;-0.7268451;;
31.22;-0.8132156;-0.7268611;;
31.245;-0.8216661;-0.7347528;;
31.246;-0.8217381;-0.7348201;;
31.247;-0.8297628;-0.7421324;;
31.248;-0.831003;-0.7432625;;
31.281;-0.8391403;-0.7505088;;
31.281;-0.8391725;-0.7505375;;
31.284;-0.8391981;-0.7505602;;
31.315;-0.8617831;-0.7698566;;
31.316;-0.8617831;-0.7698566;;
31.317;-0.8617831;-0.7698566;;
31.319;-0.8617831;-0.7698566;;
31.321;-0.8617831;-0.7698566;;
31.321;-0.8617831;-0.7698566;;
31.346;-0.86436;-0.7719857;;
31.347;-0.8643816;-0.7720034;;
31.348;-0.869469;-0.7761589;;
31.35;-0.8699948;-0.7765884;;
31.352;-0.8702793;-0.7768208;;
31.353;-0.8703504;-0.7768788;;
31.38;-0.8795152;-0.7842177;;
31.381;-0.8795865;-0.7842748;;
31.383;-0.8795955;-0.784282;;
31.384;-0.8795974;-0.7842835;;
31.386;-0.879599;-0.7842848;;
31.386;-0.879599;-0.7842848;;
31.415;-0.8979697;-0.7984732;;
31.417;-0.8979697;-0.7984732;;
31.418;-0.8979697;-0.7984732;;
31.419;-0.8979697;-0.7984732;;
31.448;-0.9057778;-0.8042993;;
31.45;-0.9059178;-0.8044038;;
31.451;-0.9059568;-0.8044329;;
31.454;-0.9059745;-0.8044461;;
31.455;-0.9111051;-0.8082041;;
31.456;-0.9119183;-0.8087997;;
31.457;-0.9121814;-0.8089924;;
31.458;-0.912223;-0.8090228;;
31.483;-0.9245678;-0.817848;;
31.484;-0.9246325;-0.8178943;;
31.486;-0.9246749;-0.8179246;;
31.487;-0.9246925;-0.8179372;;
31.488;-0.9246925;-0.8179372;;
31.488;-0.9246925;-0.8179372;;
31.5146459;;;-0.847634555625619;-0.278715053894896
31.281;-0.8391403;-0.7505088;;
31.281;-0.8391725;-0.7505375;;
31.284;-0.8391981;-0.7505602;;
31.315;-0.8617831;-0.7698566;;
31.316;-0.8617831;-0.7698566;;
31.317;-0.8617831;-0.7698566;;
31.319;-0.8617831;-0.7698566;;
31.321;-0.8617831;-0.7698566;;
31.321;-0.8617831;-0.7698566;;
31.346;-0.86436;-0.7719857;;
31.347;-0.8643816;-0.7720034;;
31.348;-0.869469;-0.7761589;;
31.35;-0.8699948;-0.7765884;;
31.352;-0.8702793;-0.7768208;;
31.353;-0.8703504;-0.7768788;;
31.38;-0.8795152;-0.7842177;;
31.381;-0.8795865;-0.7842748;;
31.383;-0.8795955;-0.784282;;
31.384;-0.8795974;-0.7842835;;
31.386;-0.879599;-0.7842848;;
31.386;-0.879599;-0.7842848;;
31.415;-0.8979697;-0.7984732;;
31.417;-0.8979697;-0.7984732;;
31.418;-0.8979697;-0.7984732;;
31.419;-0.8979697;-0.7984732;;
31.448;-0.9057778;-0.8042993;;
31.45;-0.9059178;-0.8044038;;
31.451;-0.9059568;-0.8044329;;
31.454;-0.9059745;-0.8044461;;
31.455;-0.9111051;-0.8082041;;
31.456;-0.9119183;-0.8087997;;
31.457;-0.9121814;-0.8089924;;
31.458;-0.912223;-0.8090228;;
31.483;-0.9245678;-0.817848;;
31.484;-0.9246325;-0.8178943;;
31.486;-0.9246749;-0.8179246;;
31.487;-0.9246925;-0.8179372;;
31.488;-0.9246925;-0.8179372;;
31.488;-0.9246925;-0.8179372;;
31.517;-0.9407792;-0.8290168;;
31.519;-0.9407882;-0.829023;;
31.521;-0.9409036;-0.8291025;;
31.528;-0.9409182;-0.8291125;;
31.55;-0.9504246;-0.8354433;;
31.551;-0.950514;-0.8355028;;
31.553;-0.9505297;-0.8355132;;
31.555;-0.9505308;-0.835514;;
31.556;-0.9505311;-0.8355142;;
31.558;-0.9505314;-0.8355144;;
31.558;-0.9505315;-0.8355144;;
31.559;-0.9505315;-0.8355144;;
31.5820403;;;-0.559138019964967;-0.276595042839897
31.315;-0.8617831;-0.7698566;;
31.316;-0.8617831;-0.7698566;;
31.317;-0.8617831;-0.7698566;;
31.319;-0.8617831;-0.7698566;;
31.321;-0.8617831;-0.7698566;;
31.321;-0.8617831;-0.7698566;;
31.346;-0.86436;-0.7719857;;
31.347;-0.8643816;-0.7720034;;
31.348;-0.869469;-0.7761589;;
31.35;-0.8699948;-0.7765884;;
31.352;-0.8702793;-0.7768208;;
31.353;-0.8703504;-0.7768788;;
31.38;-0.8795152;-0.7842177;;
31.381;-0.8795865;-0.7842748;;
31.383;-0.8795955;-0.784282;;
31.384;-0.8795974;-0.7842835;;
31.386;-0.879599;-0.7842848;;
31.386;-0.879599;-0.7842848;;
31.415;-0.8979697;-0.7984732;;
31.417;-0.8979697;-0.7984732;;
31.418;-0.8979697;-0.7984732;;
31.419;-0.8979697;-0.7984732;;
31.448;-0.9057778;-0.8042993;;
31.45;-0.9059178;-0.8044038;;
31.451;-0.9059568;-0.8044329;;
31.454;-0.9059745;-0.8044461;;
31.455;-0.9111051;-0.8082041;;
31.456;-0.9119183;-0.8087997;;
31.457;-0.9121814;-0.8089924;;
31.458;-0.912223;-0.8090228;;
31.483;-0.9245678;-0.817848;;
31.484;-0.9246325;-0.8178943;;
31.486;-0.9246749;-0.8179246;;
31.487;-0.9246925;-0.8179372;;
31.488;-0.9246925;-0.8179372;;
31.488;-0.9246925;-0.8179372;;
31.517;-0.9407792;-0.8290168;;
31.519;-0.9407882;-0.829023;;
31.521;-0.9409036;-0.8291025;;
31.528;-0.9409182;-0.8291125;;
31.55;-0.9504246;-0.8354433;;
31.551;-0.950514;-0.8355028;;
31.553;-0.9505297;-0.8355132;;
31.555;-0.9505308;-0.835514;;
31.556;-0.9505311;-0.8355142;;
31.558;-0.9505314;-0.8355144;;
31.558;-0.9505315;-0.8355144;;
31.559;-0.9505315;-0.8355144;;
31.585;-0.9703093;-0.8481908;;
31.586;-0.9697695;-0.8478449;;
31.588;-0.9701509;-0.8480894;;
31.589;-0.9703093;-0.8481908;;
31.59;-0.9703093;-0.8481908;;
31.59;-0.9703093;-0.8481908;;
31.5955828;;;-0.344576111990049;-0.275898590653267
31.346;-0.86436;-0.7719857;;
31.347;-0.8643816;-0.7720034;;
31.348;-0.869469;-0.7761589;;
31.35;-0.8699948;-0.7765884;;
31.352;-0.8702793;-0.7768208;;
31.353;-0.8703504;-0.7768788;;
31.38;-0.8795152;-0.7842177;;
31.381;-0.8795865;-0.7842748;;
31.383;-0.8795955;-0.784282;;
31.384;-0.8795974;-0.7842835;;
31.386;-0.879599;-0.7842848;;
31.386;-0.879599;-0.7842848;;
31.415;-0.8979697;-0.7984732;;
31.417;-0.8979697;-0.7984732;;
31.418;-0.8979697;-0.7984732;;
31.419;-0.8979697;-0.7984732;;
31.448;-0.9057778;-0.8042993;;
31.45;-0.9059178;-0.8044038;;
31.451;-0.9059568;-0.8044329;;
31.454;-0.9059745;-0.8044461;;
31.455;-0.9111051;-0.8082041;;
31.456;-0.9119183;-0.8087997;;
31.457;-0.9121814;-0.8089924;;
31.458;-0.912223;-0.8090228;;
31.483;-0.9245678;-0.817848;;
31.484;-0.9246325;-0.8178943;;
31.486;-0.9246749;-0.8179246;;
31.487;-0.9246925;-0.8179372;;
31.488;-0.9246925;-0.8179372;;
31.488;-0.9246925;-0.8179372;;
31.517;-0.9407792;-0.8290168;;
31.519;-0.9407882;-0.829023;;
31.521;-0.9409036;-0.8291025;;
31.528;-0.9409182;-0.8291125;;
31.55;-0.9504246;-0.8354433;;
31.551;-0.950514;-0.8355028;;
31.553;-0.9505297;-0.8355132;;
31.555;-0.9505308;-0.835514;;
31.556;-0.9505311;-0.8355142;;
31.558;-0.9505314;-0.8355144;;
31.558;-0.9505315;-0.8355144;;
31.559;-0.9505315;-0.8355144;;
31.585;-0.9703093;-0.8481908;;
31.586;-0.9697695;-0.8478449;;
31.588;-0.9701509;-0.8480894;;
31.589;-0.9703093;-0.8481908;;
31.59;-0.9703093;-0.8481908;;
31.59;-0.9703093;-0.8481908;;
31.618;-0.9802319;-0.8543067;;
31.619;-0.9802876;-0.854341;;
31.621;-0.9803147;-0.8543577;;
31.623;-0.9803201;-0.8543611;;
31.623;-0.9874406;-0.858611;;
31.625;-0.9937819;-0.8623958;;
31.6489805;;;-0.0554208384222923;-0.270346757604251
31.38;-0.8795152;-0.7842177;;
31.381;-0.8795865;-0.7842748;;
31.383;-0.8795955;-0.784282;;
31.384;-0.8795974;-0.7842835;;
31.386;-0.879599;-0.7842848;;
31.386;-0.879599;-0.7842848;;
31.415;-0.8979697;-0.7984732;;
31.417;-0.8979697;-0.7984732;;
31.418;-0.8979697;-0.7984732;;
31.419;-0.8979697;-0.7984732;;
31.448;-0.9057778;-0.8042993;;
31.45;-0.9059178;-0.8044038;;
31.451;-0.9059568;-0.8044329;;
31.454;-0.9059745;-0.8044461;;
31.455;-0.9111051;-0.8082041;;
31.456;-0.9119183;-0.8087997;;
31.457;-0.9121814;-0.8089924;;
31.458;-0.912223;-0.8090228;;
31.483;-0.9245678;-0.817848;;
31.484;-0.9246325;-0.8178943;;
31.486;-0.9246749;-0.8179246;;
31.487;-0.9246925;-0.8179372;;
31.488;-0.9246925;-0.8179372;;
31.488;-0.9246925;-0.8179372;;
31.517;-0.9407792;-0.8290168;;
31.519;-0.9407882;-0.829023;;
31.521;-0.9409036;-0.8291025;;
31.528;-0.9409182;-0.8291125;;
31.55;-0.9504246;-0.8354433;;
31.551;-0.950514;-0.8355028;;
31.553;-0.9505297;-0.8355132;;
31.555;-0.9505308;-0.835514;;
31.556;-0.9505311;-0.8355142;;
31.558;-0.9505314;-0.8355144;;
31.558;-0.9505315;-0.8355144;;
31.559;-0.9505315;-0.8355144;;
31.585;-0.9703093;-0.8481908;;
31.586;-0.9697695;-0.8478449;;
31.588;-0.9701509;-0.8480894;;
31.589;-0.9703093;-0.8481908;;
31.59;-0.9703093;-0.8481908;;
31.59;-0.9703093;-0.8481908;;
31.618;-0.9802319;-0.8543067;;
31.619;-0.9802876;-0.854341;;
31.621;-0.9803147;-0.8543577;;
31.623;-0.9803201;-0.8543611;;
31.623;-0.9874406;-0.858611;;
31.625;-0.9937819;-0.8623958;;
31.652;-1.003813;-0.868215;;
31.653;-1.003891;-0.8682603;;
31.656;-1.003906;-0.8682687;;
31.657;-1.003907;-0.8682695;;
31.657;-1.003907;-0.8682695;;
31.658;-1.003907;-0.8682695;;
31.6615176;;;-0.0346649759918705;-0.264600748093368
31.415;-0.8979697;-0.7984732;;
31.417;-0.8979697;-0.7984732;;
31.418;-0.8979697;-0.7984732;;
31.419;-0.8979697;-0.7984732;;
31.448;-0.9057778;-0.8042993;;
31.45;-0.9059178;-0.8044038;;
31.451;-0.9059568;-0.8044329;;
31.454;-0.9059745;-0.8044461;;
31.455;-0.9111051;-0.8082041;;
31.456;-0.9119183;-0.8087997;;
31.457;-0.9121814;-0.8089924;;
31.458;-0.912223;-0.8090228;;
31.483;-0.9245678;-0.817848;;
31.484;-0.9246325;-0.8178943;;
31.486;-0.9246749;-0.8179246;;
31.487;-0.9246925;-0.8179372;;
31.488;-0.9246925;-0.8179372;;
31.488;-0.9246925;-0.8179372;;
31.517;-0.9407792;-0.8290168;;
31.519;-0.9407882;-0.829023;;
31.521;-0.9409036;-0.8291025;;
31.528;-0.9409182;-0.8291125;;
31.55;-0.9504246;-0.8354433;;
31.551;-0.950514;-0.8355028;;
31.553;-0.9505297;-0.8355132;;
31.555;-0.9505308;-0.835514;;
31.556;-0.9505311;-0.8355142;;
31.558;-0.9505314;-0.8355144;;
31.558;-0.9505315;-0.8355144;;
31.559;-0.9505315;-0.8355144;;
31.585;-0.9703093;-0.8481908;;
31.586;-0.9697695;-0.8478449;;
31.588;-0.9701509;-0.8480894;;
31.589;-0.9703093;-0.8481908;;
31.59;-0.9703093;-0.8481908;;
31.59;-0.9703093;-0.8481908;;
31.618;-0.9802319;-0.8543067;;
31.619;-0.9802876;-0.854341;;
31.621;-0.9803147;-0.8543577;;
31.623;-0.9803201;-0.8543611;;
31.623;-0.9874406;-0.858611;;
31.625;-0.9937819;-0.8623958;;
31.652;-1.003813;-0.868215;;
31.653;-1.003891;-0.8682603;;
31.656;-1.003906;-0.8682687;;
31.657;-1.003907;-0.8682695;;
31.657;-1.003907;-0.8682695;;
31.658;-1.003907;-0.8682695;;
31.687;-1.010455;-0.8719783;;
31.688;-1.010455;-0.8719783;;
31.689;-1.010455;-0.8719783;;
31.69;-1.010455;-0.8719783;;
31.691;-1.010455;-0.8719783;;
31.691;-1.010455;-0.8719783;;
31.7161736;;;-0.0525910453755233;-0.257143709621958
31.448;-0.9057778;-0.8042993;;
31.45;-0.9059178;-0.8044038;;
31.451;-0.9059568;-0.8044329;;
31.454;-0.9059745;-0.8044461;;
31.455;-0.9111051;-0.8082041;;
31.456;-0.9119183;-0.8087997;;
31.457;-0.9121814;-0.8089924;;
31.458;-0.912223;-0.8090228;;
31.483;-0.9245678;-0.817848;;
31.484;-0.9246325;-0.8178943;;
31.486;-0.9246749;-0.8179246;;
31.487;-0.9246925;-0.8179372;;
31.488;-0.9246925;-0.8179372;;
31.488;-0.9246925;-0.8179372;;
31.517;-0.9407792;-0.8290168;;
31.519;-0.9407882;-0.829023;;
31.521;-0.9409036;-0.8291025;;
31.528;-0.9409182;-0.8291125;;
31.55;-0.9504246;-0.8354433;;
31.551;-0.950514;-0.8355028;;
31.553;-0.9505297;-0.8355132;;
31.555;-0.9505308;-0.835514;;
31.556;-0.9505311;-0.8355142;;
31.558;-0.9505314;-0.8355144;;
31.558;-0.9505315;-0.8355144;;
31.559;-0.9505315;-0.8355144;;
31.585;-0.9703093;-0.8481908;;
31.586;-0.9697695;-0.8478449;;
31.588;-0.9701509;-0.8480894;;
31.589;-0.9703093;-0.8481908;;
31.59;-0.9703093;-0.8481908;;
31.59;-0.9703093;-0.8481908;;
31.618;-0.9802319;-0.8543067;;
31.619;-0.9802876;-0.854341;;
31.621;-0.9803147;-0.8543577;;
31.623;-0.9803201;-0.8543611;;
31.623;-0.9874406;-0.858611;;
31.625;-0.9937819;-0.8623958;;
31.652;-1.003813;-0.868215;;
31.653;-1.003891;-0.8682603;;
31.656;-1.003906;-0.8682687;;
31.657;-1.003907;-0.8682695;;
31.657;-1.003907;-0.8682695;;
31.658;-1.003907;-0.8682695;;
31.687;-1.010455;-0.8719783;;
31.688;-1.010455;-0.8719783;;
31.689;-1.010455;-0.8719783;;
31.69;-1.010455;-0.8719783;;
31.691;-1.010455;-0.8719783;;
31.691;-1.010455;-0.8719783;;
31.719;-1.030984;-0.8831868;;
31.72;-1.031138;-0.8832709;;
31.723;-1.031163;-0.8832844;;
31.724;-1.031164;-0.8832852;;
31.7382343;;;-0.0874705783828718;-0.253759793204744
31.483;-0.9245678;-0.817848;;
31.484;-0.9246325;-0.8178943;;
31.486;-0.9246749;-0.8179246;;
31.487;-0.9246925;-0.8179372;;
31.488;-0.9246925;-0.8179372;;
31.488;-0.9246925;-0.8179372;;
31.517;-0.9407792;-0.8290168;;
31.519;-0.9407882;-0.829023;;
31.521;-0.9409036;-0.8291025;;
31.528;-0.9409182;-0.8291125;;
31.55;-0.9504246;-0.8354433;;
31.551;-0.950514;-0.8355028;;
31.553;-0.9505297;-0.8355132;;
31.555;-0.9505308;-0.835514;;
31.556;-0.9505311;-0.8355142;;
31.558;-0.9505314;-0.8355144;;
31.558;-0.9505315;-0.8355144;;
31.559;-0.9505315;-0.8355144;;
31.585;-0.9703093;-0.8481908;;
31.586;-0.9697695;-0.8478449;;
31.588;-0.9701509;-0.8480894;;
31.589;-0.9703093;-0.8481908;;
31.59;-0.9703093;-0.8481908;;
31.59;-0.9703093;-0.8481908;;
31.618;-0.9802319;-0.8543067;;
31.619;-0.9802876;-0.854341;;
31.621;-0.9803147;-0.8543577;;
31.623;-0.9803201;-0.8543611;;
31.623;-0.9874406;-0.858611;;
31.625;-0.9937819;-0.8623958;;
31.652;-1.003813;-0.868215;;
31.653;-1.003891;-0.8682603;;
31.656;-1.003906;-0.8682687;;
31.657;-1.003907;-0.8682695;;
31.657;-1.003907;-0.8682695;;
31.658;-1.003907;-0.8682695;;
31.687;-1.010455;-0.8719783;;
31.688;-1.010455;-0.8719783;;
31.689;-1.010455;-0.8719783;;
31.69;-1.010455;-0.8719783;;
31.691;-1.010455;-0.8719783;;
31.691;-1.010455;-0.8719783;;
31.719;-1.030984;-0.8831868;;
31.72;-1.031138;-0.8832709;;
31.723;-1.031163;-0.8832844;;
31.724;-1.031164;-0.8832852;;
31.753;-1.041363;-0.8886231;;
31.754;-1.041429;-0.8886574;;
31.756;-1.041448;-0.8886675;;
31.757;-1.04145;-0.8886685;;
31.758;-1.04145;-0.8886688;;
31.759;-1.041451;-0.888669;;
31.76;-1.041451;-0.888669;;
31.7830824;;;-0.0202724067934457;-0.249658547196118
31.528;-0.9409182;-0.8291125;;
31.55;-0.9504246;-0.8354433;;
31.551;-0.950514;-0.8355028;;
31.553;-0.9505297;-0.8355132;;
31.555;-0.9505308;-0.835514;;
31.556;-0.9505311;-0.8355142;;
31.558;-0.9505314;-0.8355144;;
31.558;-0.9505315;-0.8355144;;
31.559;-0.9505315;-0.8355144;;
31.585;-0.9703093;-0.8481908;;
31.586;-0.9697695;-0.8478449;;
31.588;-0.9701509;-0.8480894;;
31.589;-0.9703093;-0.8481908;;
31.59;-0.9703093;-0.8481908;;
31.59;-0.9703093;-0.8481908;;
31.618;-0.9802319;-0.8543067;;
31.619;-0.9802876;-0.854341;;
31.621;-0.9803147;-0.8543577;;
31.623;-0.9803201;-0.8543611;;
31.623;-0.9874406;-0.858611;;
31.625;-0.9937819;-0.8623958;;
31.652;-1.003813;-0.868215;;
31.653;-1.003891;-0.8682603;;
31.656;-1.003906;-0.8682687;;
31.657;-1.003907;-0.8682695;;
31.657;-1.003907;-0.8682695;;
31.658;-1.003907;-0.8682695;;
31.687;-1.010455;-0.8719783;;
31.688;-1.010455;-0.8719783;;
31.689;-1.010455;-0.8719783;;
31.69;-1.010455;-0.8719783;;
31.691;-1.010455;-0.8719783;;
31.691;-1.010455;-0.8719783;;
31.719;-1.030984;-0.8831868;;
31.72;-1.031138;-0.8832709;;
31.723;-1.031163;-0.8832844;;
31.724;-1.031164;-0.8832852;;
31.753;-1.041363;-0.8886231;;
31.754;-1.041429;-0.8886574;;
31.756;-1.041448;-0.8886675;;
31.757;-1.04145;-0.8886685;;
31.758;-1.04145;-0.8886688;;
31.759;-1.041451;-0.888669;;
31.76;-1.041451;-0.888669;;
31.789;-1.062404;-0.8991718;;
31.789;-1.062404;-0.8991718;;
31.791;-1.062404;-0.8991718;;
31.792;-1.062404;-0.8991718;;
31.794;-1.062404;-0.8991718;;
31.823;-1.072683;-0.9041011;;
31.8244754;;;0.0022238293890085;-0.246828244027403
31.55;-0.9504246;-0.8354433;;
31.551;-0.950514;-0.8355028;;
31.553;-0.9505297;-0.8355132;;
31.555;-0.9505308;-0.835514;;
31.556;-0.9505311;-0.8355142;;
31.558;-0.9505314;-0.8355144;;
31.558;-0.9505315;-0.8355144;;
31.559;-0.9505315;-0.8355144;;
31.585;-0.9703093;-0.8481908;;
31.586;-0.9697695;-0.8478449;;
31.588;-0.9701509;-0.8480894;;
31.589;-0.9703093;-0.8481908;;
31.59;-0.9703093;-0.8481908;;
31.59;-0.9703093;-0.8481908;;
31.618;-0.9802319;-0.8543067;;
31.619;-0.9802876;-0.854341;;
31.621;-0.9803147;-0.8543577;;
31.623;-0.9803201;-0.8543611;;
31.623;-0.9874406;-0.858611;;
31.625;-0.9937819;-0.8623958;;
31.652;-1.003813;-0.868215;;
31.653;-1.003891;-0.8682603;;
31.656;-1.003906;-0.8682687;;
31.657;-1.003907;-0.8682695;;
31.657;-1.003907;-0.8682695;;
31.658;-1.003907;-0.8682695;;
31.687;-1.010455;-0.8719783;;
31.688;-1.010455;-0.8719783;;
31.689;-1.010455;-0.8719783;;
31.69;-1.010455;-0.8719783;;
31.691;-1.010455;-0.8719783;;
31.691;-1.010455;-0.8719783;;
31.719;-1.030984;-0.8831868;;
31.72;-1.031138;-0.8832709;;
31.723;-1.031163;-0.8832844;;
31.724;-1.031164;-0.8832852;;
31.753;-1.041363;-0.8886231;;
31.754;-1.041429;-0.8886574;;
31.756;-1.041448;-0.8886675;;
31.757;-1.04145;-0.8886685;;
31.758;-1.04145;-0.8886688;;
31.759;-1.041451;-0.888669;;
31.76;-1.041451;-0.888669;;
31.789;-1.062404;-0.8991718;;
31.789;-1.062404;-0.8991718;;
31.791;-1.062404;-0.8991718;;
31.792;-1.062404;-0.8991718;;
31.794;-1.062404;-0.8991718;;
31.823;-1.072683;-0.9041011;;
31.824;-1.077996;-0.9065741;;
31.831;-1.082272;-0.9085646;;
31.832;-1.082934;-0.9088727;;
31.833;-1.08296;-0.9088848;;
31.835;-1.083477;-0.9091251;;
31.8515534;;;0.00718860917216829;-0.245996945358506
31.618;-0.9802319;-0.8543067;;
31.619;-0.9802876;-0.854341;;
31.621;-0.9803147;-0.8543577;;
31.623;-0.9803201;-0.8543611;;
31.623;-0.9874406;-0.858611;;
31.625;-0.9937819;-0.8623958;;
31.652;-1.003813;-0.868215;;
31.653;-1.003891;-0.8682603;;
31.656;-1.003906;-0.8682687;;
31.657;-1.003907;-0.8682695;;
31.657;-1.003907;-0.8682695;;
31.658;-1.003907;-0.8682695;;
31.687;-1.010455;-0.8719783;;
31.688;-1.010455;-0.8719783;;
31.689;-1.010455;-0.8719783;;
31.69;-1.010455;-0.8719783;;
31.691;-1.010455;-0.8719783;;
31.691;-1.010455;-0.8719783;;
31.719;-1.030984;-0.8831868;;
31.72;-1.031138;-0.8832709;;
31.723;-1.031163;-0.8832844;;
31.724;-1.031164;-0.8832852;;
31.753;-1.041363;-0.8886231;;
31.754;-1.041429;-0.8886574;;
31.756;-1.041448;-0.8886675;;
31.757;-1.04145;-0.8886685;;
31.758;-1.04145;-0.8886688;;
31.759;-1.041451;-0.888669;;
31.76;-1.041451;-0.888669;;
31.789;-1.062404;-0.8991718;;
31.789;-1.062404;-0.8991718;;
31.791;-1.062404;-0.8991718;;
31.792;-1.062404;-0.8991718;;
31.794;-1.062404;-0.8991718;;
31.823;-1.072683;-0.9041011;;
31.824;-1.077996;-0.9065741;;
31.831;-1.082272;-0.9085646;;
31.832;-1.082934;-0.9088727;;
31.833;-1.08296;-0.9088848;;
31.835;-1.083477;-0.9091251;;
31.856;-1.103145;-0.9178752;;
31.858;-1.103536;-0.9180492;;
31.861;-1.103603;-0.9180793;;
31.862;-1.103612;-0.9180831;;
31.862;-1.103613;-0.9180837;;
31.863;-1.103615;-0.9180842;;
31.889;-1.113817;-0.9224218;;
31.89;-1.113899;-0.9224564;;
31.892;-1.113913;-0.9224623;;
31.894;-1.113914;-0.9224628;;
31.896;-1.113914;-0.922463;;
31.896;-1.113914;-0.922463;;
31.906119;;;-0.0042176655682572;-0.246980127543385
31.652;-1.003813;-0.868215;;
31.653;-1.003891;-0.8682603;;
31.656;-1.003906;-0.8682687;;
31.657;-1.003907;-0.8682695;;
31.657;-1.003907;-0.8682695;;
31.658;-1.003907;-0.8682695;;
31.687;-1.010455;-0.8719783;;
31.688;-1.010455;-0.8719783;;
31.689;-1.010455;-0.8719783;;
31.69;-1.010455;-0.8719783;;
31.691;-1.010455;-0.8719783;;
31.691;-1.010455;-0.8719783;;
31.719;-1.030984;-0.8831868;;
31.72;-1.031138;-0.8832709;;
31.723;-1.031163;-0.8832844;;
31.724;-1.031164;-0.8832852;;
31.753;-1.041363;-0.8886231;;
31.754;-1.041429;-0.8886574;;
31.756;-1.041448;-0.8886675;;
31.757;-1.04145;-0.8886685;;
31.758;-1.04145;-0.8886688;;
31.759;-1.041451;-0.888669;;
31.76;-1.041451;-0.888669;;
31.789;-1.062404;-0.8991718;;
31.789;-1.062404;-0.8991718;;
31.791;-1.062404;-0.8991718;;
31.792;-1.062404;-0.8991718;;
31.794;-1.062404;-0.8991718;;
31.823;-1.072683;-0.9041011;;
31.824;-1.077996;-0.9065741;;
31.831;-1.082272;-0.9085646;;
31.832;-1.082934;-0.9088727;;
31.833;-1.08296;-0.9088848;;
31.835;-1.083477;-0.9091251;;
31.856;-1.103145;-0.9178752;;
31.858;-1.103536;-0.9180492;;
31.861;-1.103603;-0.9180793;;
31.862;-1.103612;-0.9180831;;
31.862;-1.103613;-0.9180837;;
31.863;-1.103615;-0.9180842;;
31.889;-1.113817;-0.9224218;;
31.89;-1.113899;-0.9224564;;
31.892;-1.113913;-0.9224623;;
31.894;-1.113914;-0.9224628;;
31.896;-1.113914;-0.922463;;
31.896;-1.113914;-0.922463;;
31.924;-1.12104;-0.9254131;;
31.926;-1.12104;-0.9254131;;
31.9286869;;;-0.0101938463753089;-0.248889512490491
31.687;-1.010455;-0.8719783;;
31.688;-1.010455;-0.8719783;;
31.689;-1.010455;-0.8719783;;
31.69;-1.010455;-0.8719783;;
31.691;-1.010455;-0.8719783;;
31.691;-1.010455;-0.8719783;;
31.719;-1.030984;-0.8831868;;
31.72;-1.031138;-0.8832709;;
31.723;-1.031163;-0.8832844;;
31.724;-1.031164;-0.8832852;;
31.753;-1.041363;-0.8886231;;
31.754;-1.041429;-0.8886574;;
31.756;-1.041448;-0.8886675;;
31.757;-1.04145;-0.8886685;;
31.758;-1.04145;-0.8886688;;
31.759;-1.041451;-0.888669;;
31.76;-1.041451;-0.888669;;
31.789;-1.062404;-0.8991718;;
31.789;-1.062404;-0.8991718;;
31.791;-1.062404;-0.8991718;;
31.792;-1.062404;-0.8991718;;
31.794;-1.062404;-0.8991718;;
31.823;-1.072683;-0.9041011;;
31.824;-1.077996;-0.9065741;;
31.831;-1.082272;-0.9085646;;
31.832;-1.082934;-0.9088727;;
31.833;-1.08296;-0.9088848;;
31.835;-1.083477;-0.9091251;;
31.856;-1.103145;-0.9178752;;
31.858;-1.103536;-0.9180492;;
31.861;-1.103603;-0.9180793;;
31.862;-1.103612;-0.9180831;;
31.862;-1.103613;-0.9180837;;
31.863;-1.103615;-0.9180842;;
31.889;-1.113817;-0.9224218;;
31.89;-1.113899;-0.9224564;;
31.892;-1.113913;-0.9224623;;
31.894;-1.113914;-0.9224628;;
31.896;-1.113914;-0.922463;;
31.896;-1.113914;-0.922463;;
31.924;-1.12104;-0.9254131;;
31.926;-1.12104;-0.9254131;;
31.929;-1.129358;-0.9287624;;
31.931;-1.131446;-0.9296031;;
31.932;-1.131532;-0.9296374;;
31.932;-1.131564;-0.9296506;;
31.957;-1.142792;-0.9340239;;
31.959;-1.142864;-0.9340519;;
31.961;-1.142891;-0.9340625;;
31.962;-1.142896;-0.9340647;;
31.962;-1.142897;-0.9340648;;
31.964;-1.142903;-0.9340674;;
31.9808258;;;-0.0147578301744612;-0.250411235828243
31.687;-1.010455;-0.8719783;;
31.688;-1.010455;-0.8719783;;
31.689;-1.010455;-0.8719783;;
31.69;-1.010455;-0.8719783;;
31.691;-1.010455;-0.8719783;;
31.691;-1.010455;-0.8719783;;
31.719;-1.030984;-0.8831868;;
31.72;-1.031138;-0.8832709;;
31.723;-1.031163;-0.8832844;;
31.724;-1.031164;-0.8832852;;
31.753;-1.041363;-0.8886231;;
31.754;-1.041429;-0.8886574;;
31.756;-1.041448;-0.8886675;;
31.757;-1.04145;-0.8886685;;
31.758;-1.04145;-0.8886688;;
31.759;-1.041451;-0.888669;;
31.76;-1.041451;-0.888669;;
31.789;-1.062404;-0.8991718;;
31.789;-1.062404;-0.8991718;;
31.791;-1.062404;-0.8991718;;
31.792;-1.062404;-0.8991718;;
31.794;-1.062404;-0.8991718;;
31.823;-1.072683;-0.9041011;;
31.824;-1.077996;-0.9065741;;
31.831;-1.082272;-0.9085646;;
31.832;-1.082934;-0.9088727;;
31.833;-1.08296;-0.9088848;;
31.835;-1.083477;-0.9091251;;
31.856;-1.103145;-0.9178752;;
31.858;-1.103536;-0.9180492;;
31.861;-1.103603;-0.9180793;;
31.862;-1.103612;-0.9180831;;
31.862;-1.103613;-0.9180837;;
31.863;-1.103615;-0.9180842;;
31.889;-1.113817;-0.9224218;;
31.89;-1.113899;-0.9224564;;
31.892;-1.113913;-0.9224623;;
31.894;-1.113914;-0.9224628;;
31.896;-1.113914;-0.922463;;
31.896;-1.113914;-0.922463;;
31.924;-1.12104;-0.9254131;;
31.926;-1.12104;-0.9254131;;
31.929;-1.129358;-0.9287624;;
31.931;-1.131446;-0.9296031;;
31.932;-1.131532;-0.9296374;;
31.932;-1.131564;-0.9296506;;
31.957;-1.142792;-0.9340239;;
31.959;-1.142864;-0.9340519;;
31.961;-1.142891;-0.9340625;;
31.962;-1.142896;-0.9340647;;
31.962;-1.142897;-0.9340648;;
31.964;-1.142903;-0.9340674;;
31.9985212;;;-0.0147578301744612;-0.25104504421178
31.687;-1.010455;-0.8719783;;
31.688;-1.010455;-0.8719783;;
31.689;-1.010455;-0.8719783;;
31.69;-1.010455;-0.8719783;;
31.691;-1.010455;-0.8719783;;
31.691;-1.010455;-0.8719783;;
31.719;-1.030984;-0.8831868;;
31.72;-1.031138;-0.8832709;;
31.723;-1.031163;-0.8832844;;
31.724;-1.031164;-0.8832852;;
31.753;-1.041363;-0.8886231;;
31.754;-1.041429;-0.8886574;;
31.756;-1.041448;-0.8886675;;
31.757;-1.04145;-0.8886685;;
31.758;-1.04145;-0.8886688;;
31.759;-1.041451;-0.888669;;
31.76;-1.041451;-0.888669;;
31.789;-1.062404;-0.8991718;;
31.789;-1.062404;-0.8991718;;
31.791;-1.062404;-0.8991718;;
31.792;-1.062404;-0.8991718;;
31.794;-1.062404;-0.8991718;;
31.823;-1.072683;-0.9041011;;
31.824;-1.077996;-0.9065741;;
31.831;-1.082272;-0.9085646;;
31.832;-1.082934;-0.9088727;;
31.833;-1.08296;-0.9088848;;
31.835;-1.083477;-0.9091251;;
31.856;-1.103145;-0.9178752;;
31.858;-1.103536;-0.9180492;;
31.861;-1.103603;-0.9180793;;
31.862;-1.103612;-0.9180831;;
31.862;-1.103613;-0.9180837;;
31.863;-1.103615;-0.9180842;;
31.889;-1.113817;-0.9224218;;
31.89;-1.113899;-0.9224564;;
31.892;-1.113913;-0.9224623;;
31.894;-1.113914;-0.9224628;;
31.896;-1.113914;-0.922463;;
31.896;-1.113914;-0.922463;;
31.924;-1.12104;-0.9254131;;
31.926;-1.12104;-0.9254131;;
31.929;-1.129358;-0.9287624;;
31.931;-1.131446;-0.9296031;;
31.932;-1.131532;-0.9296374;;
31.932;-1.131564;-0.9296506;;
31.957;-1.142792;-0.9340239;;
31.959;-1.142864;-0.9340519;;
31.961;-1.142891;-0.9340625;;
31.962;-1.142896;-0.9340647;;
31.962;-1.142897;-0.9340648;;
31.964;-1.142903;-0.9340674;;
32.0510235;;;-0.0147578301744612;-0.251267342967614
31.789;-1.062404;-0.8991718;;
31.789;-1.062404;-0.8991718;;
31.791;-1.062404;-0.8991718;;
31.792;-1.062404;-0.8991718;;
31.794;-1.062404;-0.8991718;;
31.823;-1.072683;-0.9041011;;
31.824;-1.077996;-0.9065741;;
31.831;-1.082272;-0.9085646;;
31.832;-1.082934;-0.9088727;;
31.833;-1.08296;-0.9088848;;
31.835;-1.083477;-0.9091251;;
31.856;-1.103145;-0.9178752;;
31.858;-1.103536;-0.9180492;;
31.861;-1.103603;-0.9180793;;
31.862;-1.103612;-0.9180831;;
31.862;-1.103613;-0.9180837;;
31.863;-1.103615;-0.9180842;;
31.889;-1.113817;-0.9224218;;
31.89;-1.113899;-0.9224564;;
31.892;-1.113913;-0.9224623;;
31.894;-1.113914;-0.9224628;;
31.896;-1.113914;-0.922463;;
31.896;-1.113914;-0.922463;;
31.924;-1.12104;-0.9254131;;
31.926;-1.12104;-0.9254131;;
31.929;-1.129358;-0.9287624;;
31.931;-1.131446;-0.9296031;;
31.932;-1.131532;-0.9296374;;
31.932;-1.131564;-0.9296506;;
31.957;-1.142792;-0.9340239;;
31.959;-1.142864;-0.9340519;;
31.961;-1.142891;-0.9340625;;
31.962;-1.142896;-0.9340647;;
31.962;-1.142897;-0.9340648;;
31.964;-1.142903;-0.9340674;;
32.058;-1.196073;-0.9526908;;
32.059;-1.196168;-0.9527243;;
32.061;-1.196205;-0.9527372;;
32.063;-1.196211;-0.9527393;;
32.065;-1.196214;-0.9527403;;
32.066;-1.196214;-0.9527403;;
32.0735964;;;0.00301919791061944;-0.249856779398618
31.835;-1.083477;-0.9091251;;
31.856;-1.103145;-0.9178752;;
31.858;-1.103536;-0.9180492;;
31.861;-1.103603;-0.9180793;;
31.862;-1.103612;-0.9180831;;
31.862;-1.103613;-0.9180837;;
31.863;-1.103615;-0.9180842;;
31.889;-1.113817;-0.9224218;;
31.89;-1.113899;-0.9224564;;
31.892;-1.113913;-0.9224623;;
31.894;-1.113914;-0.9224628;;
31.896;-1.113914;-0.922463;;
31.896;-1.113914;-0.922463;;
31.924;-1.12104;-0.9254131;;
31.926;-1.12104;-0.9254131;;
31.929;-1.129358;-0.9287624;;
31.931;-1.131446;-0.9296031;;
31.932;-1.131532;-0.9296374;;
31.932;-1.131564;-0.9296506;;
31.957;-1.142792;-0.9340239;;
31.959;-1.142864;-0.9340519;;
31.961;-1.142891;-0.9340625;;
31.962;-1.142896;-0.9340647;;
31.962;-1.142897;-0.9340648;;
31.964;-1.142903;-0.9340674;;
32.058;-1.196073;-0.9526908;;
32.059;-1.196168;-0.9527243;;
32.061;-1.196205;-0.9527372;;
32.063;-1.196211;-0.9527393;;
32.065;-1.196214;-0.9527403;;
32.066;-1.196214;-0.9527403;;
32.092;-1.203583;-0.9550587;;
32.094;-1.203583;-0.9550587;;
32.097;-1.214704;-0.9584394;;
32.126;-1.226093;-0.9617563;;
32.134;-1.226093;-0.9617563;;
32.135;-1.226093;-0.9617563;;
32.1375433;;;0.648515696066427;-0.223532956178758
31.835;-1.083477;-0.9091251;;
31.856;-1.103145;-0.9178752;;
31.858;-1.103536;-0.9180492;;
31.861;-1.103603;-0.9180793;;
31.862;-1.103612;-0.9180831;;
31.862;-1.103613;-0.9180837;;
31.863;-1.103615;-0.9180842;;
31.889;-1.113817;-0.9224218;;
31.89;-1.113899;-0.9224564;;
31.892;-1.113913;-0.9224623;;
31.894;-1.113914;-0.9224628;;
31.896;-1.113914;-0.922463;;
31.896;-1.113914;-0.922463;;
31.924;-1.12104;-0.9254131;;
31.926;-1.12104;-0.9254131;;
31.929;-1.129358;-0.9287624;;
31.931;-1.131446;-0.9296031;;
31.932;-1.131532;-0.9296374;;
31.932;-1.131564;-0.9296506;;
31.957;-1.142792;-0.9340239;;
31.959;-1.142864;-0.9340519;;
31.961;-1.142891;-0.9340625;;
31.962;-1.142896;-0.9340647;;
31.962;-1.142897;-0.9340648;;
31.964;-1.142903;-0.9340674;;
32.058;-1.196073;-0.9526908;;
32.059;-1.196168;-0.9527243;;
32.061;-1.196205;-0.9527372;;
32.063;-1.196211;-0.9527393;;
32.065;-1.196214;-0.9527403;;
32.066;-1.196214;-0.9527403;;
32.092;-1.203583;-0.9550587;;
32.094;-1.203583;-0.9550587;;
32.097;-1.214704;-0.9584394;;
32.126;-1.226093;-0.9617563;;
32.134;-1.226093;-0.9617563;;
32.135;-1.226093;-0.9617563;;
32.1485748;;;0.648515696066427;-0.198150280900341
31.924;-1.12104;-0.9254131;;
31.926;-1.12104;-0.9254131;;
31.929;-1.129358;-0.9287624;;
31.931;-1.131446;-0.9296031;;
31.932;-1.131532;-0.9296374;;
31.932;-1.131564;-0.9296506;;
31.957;-1.142792;-0.9340239;;
31.959;-1.142864;-0.9340519;;
31.961;-1.142891;-0.9340625;;
31.962;-1.142896;-0.9340647;;
31.962;-1.142897;-0.9340648;;
31.964;-1.142903;-0.9340674;;
32.058;-1.196073;-0.9526908;;
32.059;-1.196168;-0.9527243;;
32.061;-1.196205;-0.9527372;;
32.063;-1.196211;-0.9527393;;
32.065;-1.196214;-0.9527403;;
32.066;-1.196214;-0.9527403;;
32.092;-1.203583;-0.9550587;;
32.094;-1.203583;-0.9550587;;
32.097;-1.214704;-0.9584394;;
32.126;-1.226093;-0.9617563;;
32.134;-1.226093;-0.9617563;;
32.135;-1.226093;-0.9617563;;
32.16;-1.246968;-0.9674579;;
32.16;-1.246968;-0.9674579;;
32.161;-1.251785;-0.9687026;;
32.164;-1.252609;-0.9689156;;
32.193;-1.269489;-0.9730684;;
32.194;-1.269611;-0.9730985;;
32.197;-1.269627;-0.9731023;;
32.198;-1.26963;-0.973103;;
32.215261;;;0.862012906076579;-0.164556174467687
31.924;-1.12104;-0.9254131;;
31.926;-1.12104;-0.9254131;;
31.929;-1.129358;-0.9287624;;
31.931;-1.131446;-0.9296031;;
31.932;-1.131532;-0.9296374;;
31.932;-1.131564;-0.9296506;;
31.957;-1.142792;-0.9340239;;
31.959;-1.142864;-0.9340519;;
31.961;-1.142891;-0.9340625;;
31.962;-1.142896;-0.9340647;;
31.962;-1.142897;-0.9340648;;
31.964;-1.142903;-0.9340674;;
32.058;-1.196073;-0.9526908;;
32.059;-1.196168;-0.9527243;;
32.061;-1.196205;-0.9527372;;
32.063;-1.196211;-0.9527393;;
32.065;-1.196214;-0.9527403;;
32.066;-1.196214;-0.9527403;;
32.092;-1.203583;-0.9550587;;
32.094;-1.203583;-0.9550587;;
32.097;-1.214704;-0.9584394;;
32.126;-1.226093;-0.9617563;;
32.134;-1.226093;-0.9617563;;
32.135;-1.226093;-0.9617563;;
32.16;-1.246968;-0.9674579;;
32.16;-1.246968;-0.9674579;;
32.161;-1.251785;-0.9687026;;
32.164;-1.252609;-0.9689156;;
32.193;-1.269489;-0.9730684;;
32.194;-1.269611;-0.9730985;;
32.197;-1.269627;-0.9731023;;
32.198;-1.26963;-0.973103;;
32.2265917;;;0.862012906076579;-0.130093569418907
32.058;-1.196073;-0.9526908;;
32.059;-1.196168;-0.9527243;;
32.061;-1.196205;-0.9527372;;
32.063;-1.196211;-0.9527393;;
32.065;-1.196214;-0.9527403;;
32.066;-1.196214;-0.9527403;;
32.092;-1.203583;-0.9550587;;
32.094;-1.203583;-0.9550587;;
32.097;-1.214704;-0.9584394;;
32.126;-1.226093;-0.9617563;;
32.134;-1.226093;-0.9617563;;
32.135;-1.226093;-0.9617563;;
32.16;-1.246968;-0.9674579;;
32.16;-1.246968;-0.9674579;;
32.161;-1.251785;-0.9687026;;
32.164;-1.252609;-0.9689156;;
32.193;-1.269489;-0.9730684;;
32.194;-1.269611;-0.9730985;;
32.197;-1.269627;-0.9731023;;
32.198;-1.26963;-0.973103;;
32.227;-1.286091;-0.9768485;;
32.228;-1.286389;-0.9769163;;
32.23;-1.286402;-0.9769193;;
32.231;-1.286574;-0.9769582;;
32.232;-1.286635;-0.9769722;;
32.261;-1.303462;-0.9804923;;
32.262;-1.303705;-0.9805431;;
32.264;-1.303845;-0.9805725;;
32.266;-1.303884;-0.9805806;;
32.267;-1.303896;-0.9805831;;
32.2935045;;;0.448838023508312;-0.109808240772131
32.058;-1.196073;-0.9526908;;
32.059;-1.196168;-0.9527243;;
32.061;-1.196205;-0.9527372;;
32.063;-1.196211;-0.9527393;;
32.065;-1.196214;-0.9527403;;
32.066;-1.196214;-0.9527403;;
32.092;-1.203583;-0.9550587;;
32.094;-1.203583;-0.9550587;;
32.097;-1.214704;-0.9584394;;
32.126;-1.226093;-0.9617563;;
32.134;-1.226093;-0.9617563;;
32.135;-1.226093;-0.9617563;;
32.16;-1.246968;-0.9674579;;
32.16;-1.246968;-0.9674579;;
32.161;-1.251785;-0.9687026;;
32.164;-1.252609;-0.9689156;;
32.193;-1.269489;-0.9730684;;
32.194;-1.269611;-0.9730985;;
32.197;-1.269627;-0.9731023;;
32.198;-1.26963;-0.973103;;
32.227;-1.286091;-0.9768485;;
32.228;-1.286389;-0.9769163;;
32.23;-1.286402;-0.9769193;;
32.231;-1.286574;-0.9769582;;
32.232;-1.286635;-0.9769722;;
32.261;-1.303462;-0.9804923;;
32.262;-1.303705;-0.9805431;;
32.264;-1.303845;-0.9805725;;
32.266;-1.303884;-0.9805806;;
32.267;-1.303896;-0.9805831;;
32.295;-1.320908;-0.9838309;;
32.296;-1.321059;-0.9838597;;
32.297;-1.321059;-0.9838597;;
32.298;-1.321059;-0.9838597;;
32.3;-1.321059;-0.9838597;;
32.301;-1.321059;-0.9838597;;
32.304534;;;0.244313608923177;-0.0705144005278829
32.092;-1.203583;-0.9550587;;
32.094;-1.203583;-0.9550587;;
32.097;-1.214704;-0.9584394;;
32.126;-1.226093;-0.9617563;;
32.134;-1.226093;-0.9617563;;
32.135;-1.226093;-0.9617563;;
32.16;-1.246968;-0.9674579;;
32.16;-1.246968;-0.9674579;;
32.161;-1.251785;-0.9687026;;
32.164;-1.252609;-0.9689156;;
32.193;-1.269489;-0.9730684;;
32.194;-1.269611;-0.9730985;;
32.197;-1.269627;-0.9731023;;
32.198;-1.26963;-0.973103;;
32.227;-1.286091;-0.9768485;;
32.228;-1.286389;-0.9769163;;
32.23;-1.286402;-0.9769193;;
32.231;-1.286574;-0.9769582;;
32.232;-1.286635;-0.9769722;;
32.261;-1.303462;-0.9804923;;
32.262;-1.303705;-0.9805431;;
32.264;-1.303845;-0.9805725;;
32.266;-1.303884;-0.9805806;;
32.267;-1.303896;-0.9805831;;
32.295;-1.320908;-0.9838309;;
32.296;-1.321059;-0.9838597;;
32.297;-1.321059;-0.9838597;;
32.298;-1.321059;-0.9838597;;
32.3;-1.321059;-0.9838597;;
32.301;-1.321059;-0.9838597;;
32.329;-1.338283;-0.9868371;;
32.33;-1.338283;-0.9868371;;
32.331;-1.338283;-0.9868371;;
32.334;-1.338283;-0.9868371;;
32.334;-1.338283;-0.9868371;;
32.336;-1.338283;-0.9868371;;
32.362;-1.355411;-0.9894904;;
32.363;-1.355551;-0.989512;;
32.365;-1.355575;-0.9895157;;
32.366;-1.355577;-0.989516;;
32.367;-1.355578;-0.9895161;;
32.368;-1.355578;-0.9895162;;
32.3715651;;;-0.624338580669192;-0.062991839466119
32.092;-1.203583;-0.9550587;;
32.094;-1.203583;-0.9550587;;
32.097;-1.214704;-0.9584394;;
32.126;-1.226093;-0.9617563;;
32.134;-1.226093;-0.9617563;;
32.135;-1.226093;-0.9617563;;
32.16;-1.246968;-0.9674579;;
32.16;-1.246968;-0.9674579;;
32.161;-1.251785;-0.9687026;;
32.164;-1.252609;-0.9689156;;
32.193;-1.269489;-0.9730684;;
32.194;-1.269611;-0.9730985;;
32.197;-1.269627;-0.9731023;;
32.198;-1.26963;-0.973103;;
32.227;-1.286091;-0.9768485;;
32.228;-1.286389;-0.9769163;;
32.23;-1.286402;-0.9769193;;
32.231;-1.286574;-0.9769582;;
32.232;-1.286635;-0.9769722;;
32.261;-1.303462;-0.9804923;;
32.262;-1.303705;-0.9805431;;
32.264;-1.303845;-0.9805725;;
32.266;-1.303884;-0.9805806;;
32.267;-1.303896;-0.9805831;;
32.295;-1.320908;-0.9838309;;
32.296;-1.321059;-0.9838597;;
32.297;-1.321059;-0.9838597;;
32.298;-1.321059;-0.9838597;;
32.3;-1.321059;-0.9838597;;
32.301;-1.321059;-0.9838597;;
32.329;-1.338283;-0.9868371;;
32.33;-1.338283;-0.9868371;;
32.331;-1.338283;-0.9868371;;
32.334;-1.338283;-0.9868371;;
32.334;-1.338283;-0.9868371;;
32.336;-1.338283;-0.9868371;;
32.362;-1.355411;-0.9894904;;
32.363;-1.355551;-0.989512;;
32.365;-1.355575;-0.9895157;;
32.366;-1.355577;-0.989516;;
32.367;-1.355578;-0.9895161;;
32.368;-1.355578;-0.9895162;;
32.3871134;;;-0.624338580669192;-0.0517740612610881
32.16;-1.246968;-0.9674579;;
32.16;-1.246968;-0.9674579;;
32.161;-1.251785;-0.9687026;;
32.164;-1.252609;-0.9689156;;
32.193;-1.269489;-0.9730684;;
32.194;-1.269611;-0.9730985;;
32.197;-1.269627;-0.9731023;;
32.198;-1.26963;-0.973103;;
32.227;-1.286091;-0.9768485;;
32.228;-1.286389;-0.9769163;;
32.23;-1.286402;-0.9769193;;
32.231;-1.286574;-0.9769582;;
32.232;-1.286635;-0.9769722;;
32.261;-1.303462;-0.9804923;;
32.262;-1.303705;-0.9805431;;
32.264;-1.303845;-0.9805725;;
32.266;-1.303884;-0.9805806;;
32.267;-1.303896;-0.9805831;;
32.295;-1.320908;-0.9838309;;
32.296;-1.321059;-0.9838597;;
32.297;-1.321059;-0.9838597;;
32.298;-1.321059;-0.9838597;;
32.3;-1.321059;-0.9838597;;
32.301;-1.321059;-0.9838597;;
32.329;-1.338283;-0.9868371;;
32.33;-1.338283;-0.9868371;;
32.331;-1.338283;-0.9868371;;
32.334;-1.338283;-0.9868371;;
32.334;-1.338283;-0.9868371;;
32.336;-1.338283;-0.9868371;;
32.362;-1.355411;-0.9894904;;
32.363;-1.355551;-0.989512;;
32.365;-1.355575;-0.9895157;;
32.366;-1.355577;-0.989516;;
32.367;-1.355578;-0.9895161;;
32.368;-1.355578;-0.9895162;;
32.397;-1.367111;-0.9911303;;
32.398;-1.367176;-0.9911394;;
32.4;-1.373287;-0.9919333;;
32.401;-1.374911;-0.9921443;;
32.402;-1.375201;-0.9921821;;
32.403;-1.375201;-0.9921821;;
32.43;-1.390455;-0.9939818;;
32.431;-1.390455;-0.9939818;;
32.434;-1.390455;-0.9939818;;
32.435;-1.390455;-0.9939818;;
32.436;-1.390455;-0.9939818;;
32.437;-1.390455;-0.9939818;;
32.4497803;;;-0.890566769757016;-0.0507958287902042
32.193;-1.269489;-0.9730684;;
32.194;-1.269611;-0.9730985;;
32.197;-1.269627;-0.9731023;;
32.198;-1.26963;-0.973103;;
32.227;-1.286091;-0.9768485;;
32.228;-1.286389;-0.9769163;;
32.23;-1.286402;-0.9769193;;
32.231;-1.286574;-0.9769582;;
32.232;-1.286635;-0.9769722;;
32.261;-1.303462;-0.9804923;;
32.262;-1.303705;-0.9805431;;
32.264;-1.303845;-0.9805725;;
32.266;-1.303884;-0.9805806;;
32.267;-1.303896;-0.9805831;;
32.295;-1.320908;-0.9838309;;
32.296;-1.321059;-0.9838597;;
32.297;-1.321059;-0.9838597;;
32.298;-1.321059;-0.9838597;;
32.3;-1.321059;-0.9838597;;
32.301;-1.321059;-0.9838597;;
32.329;-1.338283;-0.9868371;;
32.33;-1.338283;-0.9868371;;
32.331;-1.338283;-0.9868371;;
32.334;-1.338283;-0.9868371;;
32.334;-1.338283;-0.9868371;;
32.336;-1.338283;-0.9868371;;
32.362;-1.355411;-0.9894904;;
32.363;-1.355551;-0.989512;;
32.365;-1.355575;-0.9895157;;
32.366;-1.355577;-0.989516;;
32.367;-1.355578;-0.9895161;;
32.368;-1.355578;-0.9895162;;
32.397;-1.367111;-0.9911303;;
32.398;-1.367176;-0.9911394;;
32.4;-1.373287;-0.9919333;;
32.401;-1.374911;-0.9921443;;
32.402;-1.375201;-0.9921821;;
32.403;-1.375201;-0.9921821;;
32.43;-1.390455;-0.9939818;;
32.431;-1.390455;-0.9939818;;
32.434;-1.390455;-0.9939818;;
32.435;-1.390455;-0.9939818;;
32.436;-1.390455;-0.9939818;;
32.437;-1.390455;-0.9939818;;
32.472;-1.402257;-0.9952112;;
32.4723408;;;-0.915054808807321;-0.053388915451039
32.198;-1.26963;-0.973103;;
32.227;-1.286091;-0.9768485;;
32.228;-1.286389;-0.9769163;;
32.23;-1.286402;-0.9769193;;
32.231;-1.286574;-0.9769582;;
32.232;-1.286635;-0.9769722;;
32.261;-1.303462;-0.9804923;;
32.262;-1.303705;-0.9805431;;
32.264;-1.303845;-0.9805725;;
32.266;-1.303884;-0.9805806;;
32.267;-1.303896;-0.9805831;;
32.295;-1.320908;-0.9838309;;
32.296;-1.321059;-0.9838597;;
32.297;-1.321059;-0.9838597;;
32.298;-1.321059;-0.9838597;;
32.3;-1.321059;-0.9838597;;
32.301;-1.321059;-0.9838597;;
32.329;-1.338283;-0.9868371;;
32.33;-1.338283;-0.9868371;;
32.331;-1.338283;-0.9868371;;
32.334;-1.338283;-0.9868371;;
32.334;-1.338283;-0.9868371;;
32.336;-1.338283;-0.9868371;;
32.362;-1.355411;-0.9894904;;
32.363;-1.355551;-0.989512;;
32.365;-1.355575;-0.9895157;;
32.366;-1.355577;-0.989516;;
32.367;-1.355578;-0.9895161;;
32.368;-1.355578;-0.9895162;;
32.397;-1.367111;-0.9911303;;
32.398;-1.367176;-0.9911394;;
32.4;-1.373287;-0.9919333;;
32.401;-1.374911;-0.9921443;;
32.402;-1.375201;-0.9921821;;
32.403;-1.375201;-0.9921821;;
32.43;-1.390455;-0.9939818;;
32.431;-1.390455;-0.9939818;;
32.434;-1.390455;-0.9939818;;
32.435;-1.390455;-0.9939818;;
32.436;-1.390455;-0.9939818;;
32.437;-1.390455;-0.9939818;;
32.472;-1.402257;-0.9952112;;
32.498;-1.42756;-0.9973696;;
32.5315026;;;-0.863409327261052;-0.0539956374370171
32.198;-1.26963;-0.973103;;
32.227;-1.286091;-0.9768485;;
32.228;-1.286389;-0.9769163;;
32.23;-1.286402;-0.9769193;;
32.231;-1.286574;-0.9769582;;
32.232;-1.286635;-0.9769722;;
32.261;-1.303462;-0.9804923;;
32.262;-1.303705;-0.9805431;;
32.264;-1.303845;-0.9805725;;
32.266;-1.303884;-0.9805806;;
32.267;-1.303896;-0.9805831;;
32.295;-1.320908;-0.9838309;;
32.296;-1.321059;-0.9838597;;
32.297;-1.321059;-0.9838597;;
32.298;-1.321059;-0.9838597;;
32.3;-1.321059;-0.9838597;;
32.301;-1.321059;-0.9838597;;
32.329;-1.338283;-0.9868371;;
32.33;-1.338283;-0.9868371;;
32.331;-1.338283;-0.9868371;;
32.334;-1.338283;-0.9868371;;
32.334;-1.338283;-0.9868371;;
32.336;-1.338283;-0.9868371;;
32.362;-1.355411;-0.9894904;;
32.363;-1.355551;-0.989512;;
32.365;-1.355575;-0.9895157;;
32.366;-1.355577;-0.989516;;
32.367;-1.355578;-0.9895161;;
32.368;-1.355578;-0.9895162;;
32.397;-1.367111;-0.9911303;;
32.398;-1.367176;-0.9911394;;
32.4;-1.373287;-0.9919333;;
32.401;-1.374911;-0.9921443;;
32.402;-1.375201;-0.9921821;;
32.403;-1.375201;-0.9921821;;
32.43;-1.390455;-0.9939818;;
32.431;-1.390455;-0.9939818;;
32.434;-1.390455;-0.9939818;;
32.435;-1.390455;-0.9939818;;
32.436;-1.390455;-0.9939818;;
32.437;-1.390455;-0.9939818;;
32.472;-1.402257;-0.9952112;;
32.498;-1.42756;-0.9973696;;
32.5540099;;;-0.863409327261052;-0.0656983800253281
32.329;-1.338283;-0.9868371;;
32.33;-1.338283;-0.9868371;;
32.331;-1.338283;-0.9868371;;
32.334;-1.338283;-0.9868371;;
32.334;-1.338283;-0.9868371;;
32.336;-1.338283;-0.9868371;;
32.362;-1.355411;-0.9894904;;
32.363;-1.355551;-0.989512;;
32.365;-1.355575;-0.9895157;;
32.366;-1.355577;-0.989516;;
32.367;-1.355578;-0.9895161;;
32.368;-1.355578;-0.9895162;;
32.397;-1.367111;-0.9911303;;
32.398;-1.367176;-0.9911394;;
32.4;-1.373287;-0.9919333;;
32.401;-1.374911;-0.9921443;;
32.402;-1.375201;-0.9921821;;
32.403;-1.375201;-0.9921821;;
32.43;-1.390455;-0.9939818;;
32.431;-1.390455;-0.9939818;;
32.434;-1.390455;-0.9939818;;
32.435;-1.390455;-0.9939818;;
32.436;-1.390455;-0.9939818;;
32.437;-1.390455;-0.9939818;;
32.472;-1.402257;-0.9952112;;
32.498;-1.42756;-0.9973696;;
32.565;-1.450584;-0.9987773;;
32.567;-1.450648;-0.9987812;;
32.569;-1.450663;-0.9987822;;
32.57;-1.450668;-0.9987825;;
32.571;-1.450669;-0.9987825;;
32.6;-1.474044;-0.9996631;;
32.601;-1.474044;-0.9996631;;
32.603;-1.474044;-0.9996631;;
32.604;-1.474044;-0.9996631;;
32.606;-1.474044;-0.9996631;;
32.607;-1.474044;-0.9996631;;
32.608;-1.474044;-0.9996631;;
32.608;-1.474044;-0.9996631;;
32.609;-1.474044;-0.9996631;;
32.6171913;;;-0.091084106909726;-0.0559486875222388
32.329;-1.338283;-0.9868371;;
32.33;-1.338283;-0.9868371;;
32.331;-1.338283;-0.9868371;;
32.334;-1.338283;-0.9868371;;
32.334;-1.338283;-0.9868371;;
32.336;-1.338283;-0.9868371;;
32.362;-1.355411;-0.9894904;;
32.363;-1.355551;-0.989512;;
32.365;-1.355575;-0.9895157;;
32.366;-1.355577;-0.989516;;
32.367;-1.355578;-0.9895161;;
32.368;-1.355578;-0.9895162;;
32.397;-1.367111;-0.9911303;;
32.398;-1.367176;-0.9911394;;
32.4;-1.373287;-0.9919333;;
32.401;-1.374911;-0.9921443;;
32.402;-1.375201;-0.9921821;;
32.403;-1.375201;-0.9921821;;
32.43;-1.390455;-0.9939818;;
32.431;-1.390455;-0.9939818;;
32.434;-1.390455;-0.9939818;;
32.435;-1.390455;-0.9939818;;
32.436;-1.390455;-0.9939818;;
32.437;-1.390455;-0.9939818;;
32.472;-1.402257;-0.9952112;;
32.498;-1.42756;-0.9973696;;
32.565;-1.450584;-0.9987773;;
32.567;-1.450648;-0.9987812;;
32.569;-1.450663;-0.9987822;;
32.57;-1.450668;-0.9987825;;
32.571;-1.450669;-0.9987825;;
32.6;-1.474044;-0.9996631;;
32.601;-1.474044;-0.9996631;;
32.603;-1.474044;-0.9996631;;
32.604;-1.474044;-0.9996631;;
32.606;-1.474044;-0.9996631;;
32.607;-1.474044;-0.9996631;;
32.608;-1.474044;-0.9996631;;
32.608;-1.474044;-0.9996631;;
32.609;-1.474044;-0.9996631;;
32.6312312;;;-0.091084106909726;-0.0573203516948324
32.397;-1.367111;-0.9911303;;
32.398;-1.367176;-0.9911394;;
32.4;-1.373287;-0.9919333;;
32.401;-1.374911;-0.9921443;;
32.402;-1.375201;-0.9921821;;
32.403;-1.375201;-0.9921821;;
32.43;-1.390455;-0.9939818;;
32.431;-1.390455;-0.9939818;;
32.434;-1.390455;-0.9939818;;
32.435;-1.390455;-0.9939818;;
32.436;-1.390455;-0.9939818;;
32.437;-1.390455;-0.9939818;;
32.472;-1.402257;-0.9952112;;
32.498;-1.42756;-0.9973696;;
32.565;-1.450584;-0.9987773;;
32.567;-1.450648;-0.9987812;;
32.569;-1.450663;-0.9987822;;
32.57;-1.450668;-0.9987825;;
32.571;-1.450669;-0.9987825;;
32.6;-1.474044;-0.9996631;;
32.601;-1.474044;-0.9996631;;
32.603;-1.474044;-0.9996631;;
32.604;-1.474044;-0.9996631;;
32.606;-1.474044;-0.9996631;;
32.607;-1.474044;-0.9996631;;
32.608;-1.474044;-0.9996631;;
32.608;-1.474044;-0.9996631;;
32.609;-1.474044;-0.9996631;;
32.633;-1.49536;-0.9999869;;
32.635;-1.495373;-0.9999871;;
32.637;-1.495504;-0.9999891;;
32.638;-1.495536;-0.9999896;;
32.666;-1.512478;-0.999917;;
32.668;-1.512847;-0.9999154;;
32.669;-1.512969;-0.9999149;;
32.6956489;;;-0.0463038580302136;-0.0577680010039994
32.43;-1.390455;-0.9939818;;
32.431;-1.390455;-0.9939818;;
32.434;-1.390455;-0.9939818;;
32.435;-1.390455;-0.9939818;;
32.436;-1.390455;-0.9939818;;
32.437;-1.390455;-0.9939818;;
32.472;-1.402257;-0.9952112;;
32.498;-1.42756;-0.9973696;;
32.565;-1.450584;-0.9987773;;
32.567;-1.450648;-0.9987812;;
32.569;-1.450663;-0.9987822;;
32.57;-1.450668;-0.9987825;;
32.571;-1.450669;-0.9987825;;
32.6;-1.474044;-0.9996631;;
32.601;-1.474044;-0.9996631;;
32.603;-1.474044;-0.9996631;;
32.604;-1.474044;-0.9996631;;
32.606;-1.474044;-0.9996631;;
32.607;-1.474044;-0.9996631;;
32.608;-1.474044;-0.9996631;;
32.608;-1.474044;-0.9996631;;
32.609;-1.474044;-0.9996631;;
32.633;-1.49536;-0.9999869;;
32.635;-1.495373;-0.9999871;;
32.637;-1.495504;-0.9999891;;
32.638;-1.495536;-0.9999896;;
32.666;-1.512478;-0.999917;;
32.668;-1.512847;-0.9999154;;
32.669;-1.512969;-0.9999149;;
32.701;-1.530221;-0.9995386;;
32.703;-1.530557;-0.9995313;;
32.706;-1.530704;-0.9995281;;
32.708;-1.530742;-0.9995272;;
32.7091847;;;0.168243191773988;-0.049274376498249
32.498;-1.42756;-0.9973696;;
32.565;-1.450584;-0.9987773;;
32.567;-1.450648;-0.9987812;;
32.569;-1.450663;-0.9987822;;
32.57;-1.450668;-0.9987825;;
32.571;-1.450669;-0.9987825;;
32.6;-1.474044;-0.9996631;;
32.601;-1.474044;-0.9996631;;
32.603;-1.474044;-0.9996631;;
32.604;-1.474044;-0.9996631;;
32.606;-1.474044;-0.9996631;;
32.607;-1.474044;-0.9996631;;
32.608;-1.474044;-0.9996631;;
32.608;-1.474044;-0.9996631;;
32.609;-1.474044;-0.9996631;;
32.633;-1.49536;-0.9999869;;
32.635;-1.495373;-0.9999871;;
32.637;-1.495504;-0.9999891;;
32.638;-1.495536;-0.9999896;;
32.666;-1.512478;-0.999917;;
32.668;-1.512847;-0.9999154;;
32.669;-1.512969;-0.9999149;;
32.701;-1.530221;-0.9995386;;
32.703;-1.530557;-0.9995313;;
32.706;-1.530704;-0.9995281;;
32.708;-1.530742;-0.9995272;;
32.735;-1.549605;-0.9987673;;
32.736;-1.549724;-0.9987624;;
32.737;-1.549764;-0.9987608;;
32.739;-1.549781;-0.9987601;;
32.771;-1.565544;-0.9978487;;
32.772;-1.565632;-0.9978436;;
32.774;-1.565664;-0.9978418;;
32.774314;;;0.538508895034928;-0.0251982429052567
32.498;-1.42756;-0.9973696;;
32.565;-1.450584;-0.9987773;;
32.567;-1.450648;-0.9987812;;
32.569;-1.450663;-0.9987822;;
32.57;-1.450668;-0.9987825;;
32.571;-1.450669;-0.9987825;;
32.6;-1.474044;-0.9996631;;
32.601;-1.474044;-0.9996631;;
32.603;-1.474044;-0.9996631;;
32.604;-1.474044;-0.9996631;;
32.606;-1.474044;-0.9996631;;
32.607;-1.474044;-0.9996631;;
32.608;-1.474044;-0.9996631;;
32.608;-1.474044;-0.9996631;;
32.609;-1.474044;-0.9996631;;
32.633;-1.49536;-0.9999869;;
32.635;-1.495373;-0.9999871;;
32.637;-1.495504;-0.9999891;;
32.638;-1.495536;-0.9999896;;
32.666;-1.512478;-0.999917;;
32.668;-1.512847;-0.9999154;;
32.669;-1.512969;-0.9999149;;
32.701;-1.530221;-0.9995386;;
32.703;-1.530557;-0.9995313;;
32.706;-1.530704;-0.9995281;;
32.708;-1.530742;-0.9995272;;
32.735;-1.549605;-0.9987673;;
32.736;-1.549724;-0.9987624;;
32.737;-1.549764;-0.9987608;;
32.739;-1.549781;-0.9987601;;
32.771;-1.565544;-0.9978487;;
32.772;-1.565632;-0.9978436;;
32.774;-1.565664;-0.9978418;;
32.7858445;;;0.538508895034928;-0.00370665437339612
32.565;-1.450584;-0.9987773;;
32.567;-1.450648;-0.9987812;;
32.569;-1.450663;-0.9987822;;
32.57;-1.450668;-0.9987825;;
32.571;-1.450669;-0.9987825;;
32.6;-1.474044;-0.9996631;;
32.601;-1.474044;-0.9996631;;
32.603;-1.474044;-0.9996631;;
32.604;-1.474044;-0.9996631;;
32.606;-1.474044;-0.9996631;;
32.607;-1.474044;-0.9996631;;
32.608;-1.474044;-0.9996631;;
32.608;-1.474044;-0.9996631;;
32.609;-1.474044;-0.9996631;;
32.633;-1.49536;-0.9999869;;
32.635;-1.495373;-0.9999871;;
32.637;-1.495504;-0.9999891;;
32.638;-1.495536;-0.9999896;;
32.666;-1.512478;-0.999917;;
32.668;-1.512847;-0.9999154;;
32.669;-1.512969;-0.9999149;;
32.701;-1.530221;-0.9995386;;
32.703;-1.530557;-0.9995313;;
32.706;-1.530704;-0.9995281;;
32.708;-1.530742;-0.9995272;;
32.735;-1.549605;-0.9987673;;
32.736;-1.549724;-0.9987624;;
32.737;-1.549764;-0.9987608;;
32.739;-1.549781;-0.9987601;;
32.771;-1.565544;-0.9978487;;
32.772;-1.565632;-0.9978436;;
32.774;-1.565664;-0.9978418;;
32.81;-1.583462;-0.9965099;;
32.811;-1.588041;-0.9961125;;
32.811;-1.588724;-0.9960532;;
32.812;-1.589592;-0.9959779;;
32.813;-1.589728;-0.9959661;;
32.813;-1.589749;-0.9959643;;
32.814;-1.589779;-0.9959617;;
32.815;-1.589779;-0.9959617;;
32.836;-1.600488;-0.9949377;;
32.837;-1.600593;-0.9949276;;
32.839;-1.600612;-0.9949257;;
32.841;-1.604727;-0.9944973;;
32.8520207;;;0.909328150790883;0.0311819733728298
32.565;-1.450584;-0.9987773;;
32.567;-1.450648;-0.9987812;;
32.569;-1.450663;-0.9987822;;
32.57;-1.450668;-0.9987825;;
32.571;-1.450669;-0.9987825;;
32.6;-1.474044;-0.9996631;;
32.601;-1.474044;-0.9996631;;
32.603;-1.474044;-0.9996631;;
32.604;-1.474044;-0.9996631;;
32.606;-1.474044;-0.9996631;;
32.607;-1.474044;-0.9996631;;
32.608;-1.474044;-0.9996631;;
32.608;-1.474044;-0.9996631;;
32.609;-1.474044;-0.9996631;;
32.633;-1.49536;-0.9999869;;
32.635;-1.495373;-0.9999871;;
32.637;-1.495504;-0.9999891;;
32.638;-1.495536;-0.9999896;;
32.666;-1.512478;-0.999917;;
32.668;-1.512847;-0.9999154;;
32.669;-1.512969;-0.9999149;;
32.701;-1.530221;-0.9995386;;
32.703;-1.530557;-0.9995313;;
32.706;-1.530704;-0.9995281;;
32.708;-1.530742;-0.9995272;;
32.735;-1.549605;-0.9987673;;
32.736;-1.549724;-0.9987624;;
32.737;-1.549764;-0.9987608;;
32.739;-1.549781;-0.9987601;;
32.771;-1.565544;-0.9978487;;
32.772;-1.565632;-0.9978436;;
32.774;-1.565664;-0.9978418;;
32.81;-1.583462;-0.9965099;;
32.811;-1.588041;-0.9961125;;
32.811;-1.588724;-0.9960532;;
32.812;-1.589592;-0.9959779;;
32.813;-1.589728;-0.9959661;;
32.813;-1.589749;-0.9959643;;
32.814;-1.589779;-0.9959617;;
32.815;-1.589779;-0.9959617;;
32.836;-1.600488;-0.9949377;;
32.837;-1.600593;-0.9949276;;
32.839;-1.600612;-0.9949257;;
32.841;-1.604727;-0.9944973;;
32.8660655;;;0.909328150790883;0.0658796480504727
32.633;-1.49536;-0.9999869;;
32.635;-1.495373;-0.9999871;;
32.637;-1.495504;-0.9999891;;
32.638;-1.495536;-0.9999896;;
32.666;-1.512478;-0.999917;;
32.668;-1.512847;-0.9999154;;
32.669;-1.512969;-0.9999149;;
32.701;-1.530221;-0.9995386;;
32.703;-1.530557;-0.9995313;;
32.706;-1.530704;-0.9995281;;
32.708;-1.530742;-0.9995272;;
32.735;-1.549605;-0.9987673;;
32.736;-1.549724;-0.9987624;;
32.737;-1.549764;-0.9987608;;
32.739;-1.549781;-0.9987601;;
32.771;-1.565544;-0.9978487;;
32.772;-1.565632;-0.9978436;;
32.774;-1.565664;-0.9978418;;
32.81;-1.583462;-0.9965099;;
32.811;-1.588041;-0.9961125;;
32.811;-1.588724;-0.9960532;;
32.812;-1.589592;-0.9959779;;
32.813;-1.589728;-0.9959661;;
32.813;-1.589749;-0.9959643;;
32.814;-1.589779;-0.9959617;;
32.815;-1.589779;-0.9959617;;
32.836;-1.600488;-0.9949377;;
32.837;-1.600593;-0.9949276;;
32.839;-1.600612;-0.9949257;;
32.841;-1.604727;-0.9944973;;
32.87;-1.617709;-0.9930458;;
32.871;-1.617994;-0.9930139;;
32.872;-1.618035;-0.9930093;;
32.874;-1.618044;-0.9930083;;
32.875;-1.618047;-0.9930081;;
32.877;-1.618048;-0.9930079;;
32.878;-1.618048;-0.9930079;;
32.905;-1.637576;-0.9904876;;
32.907;-1.637874;-0.9904491;;
32.909;-1.640371;-0.9900976;;
32.91;-1.640909;-0.9900218;;
32.91;-1.641068;-0.9899994;;
32.912;-1.641341;-0.989961;;
32.9300231;;;0.949405722820369;0.102557470680804
32.666;-1.512478;-0.999917;;
32.668;-1.512847;-0.9999154;;
32.669;-1.512969;-0.9999149;;
32.701;-1.530221;-0.9995386;;
32.703;-1.530557;-0.9995313;;
32.706;-1.530704;-0.9995281;;
32.708;-1.530742;-0.9995272;;
32.735;-1.549605;-0.9987673;;
32.736;-1.549724;-0.9987624;;
32.737;-1.549764;-0.9987608;;
32.739;-1.549781;-0.9987601;;
32.771;-1.565544;-0.9978487;;
32.772;-1.565632;-0.9978436;;
32.774;-1.565664;-0.9978418;;
32.81;-1.583462;-0.9965099;;
32.811;-1.588041;-0.9961125;;
32.811;-1.588724;-0.9960532;;
32.812;-1.589592;-0.9959779;;
32.813;-1.589728;-0.9959661;;
32.813;-1.589749;-0.9959643;;
32.814;-1.589779;-0.9959617;;
32.815;-1.589779;-0.9959617;;
32.836;-1.600488;-0.9949377;;
32.837;-1.600593;-0.9949276;;
32.839;-1.600612;-0.9949257;;
32.841;-1.604727;-0.9944973;;
32.87;-1.617709;-0.9930458;;
32.871;-1.617994;-0.9930139;;
32.872;-1.618035;-0.9930093;;
32.874;-1.618044;-0.9930083;;
32.875;-1.618047;-0.9930081;;
32.877;-1.618048;-0.9930079;;
32.878;-1.618048;-0.9930079;;
32.905;-1.637576;-0.9904876;;
32.907;-1.637874;-0.9904491;;
32.909;-1.640371;-0.9900976;;
32.91;-1.640909;-0.9900218;;
32.91;-1.641068;-0.9899994;;
32.912;-1.641341;-0.989961;;
32.939;-1.653095;-0.9882115;;
32.94;-1.653095;-0.9882115;;
32.941;-1.653095;-0.9882115;;
32.942;-1.653095;-0.9882115;;
32.945;-1.653095;-0.9882115;;
32.946;-1.653095;-0.9882115;;
32.9475486;;;0.899024557723633;0.137527409299995
32.701;-1.530221;-0.9995386;;
32.703;-1.530557;-0.9995313;;
32.706;-1.530704;-0.9995281;;
32.708;-1.530742;-0.9995272;;
32.735;-1.549605;-0.9987673;;
32.736;-1.549724;-0.9987624;;
32.737;-1.549764;-0.9987608;;
32.739;-1.549781;-0.9987601;;
32.771;-1.565544;-0.9978487;;
32.772;-1.565632;-0.9978436;;
32.774;-1.565664;-0.9978418;;
32.81;-1.583462;-0.9965099;;
32.811;-1.588041;-0.9961125;;
32.811;-1.588724;-0.9960532;;
32.812;-1.589592;-0.9959779;;
32.813;-1.589728;-0.9959661;;
32.813;-1.589749;-0.9959643;;
32.814;-1.589779;-0.9959617;;
32.815;-1.589779;-0.9959617;;
32.836;-1.600488;-0.9949377;;
32.837;-1.600593;-0.9949276;;
32.839;-1.600612;-0.9949257;;
32.841;-1.604727;-0.9944973;;
32.87;-1.617709;-0.9930458;;
32.871;-1.617994;-0.9930139;;
32.872;-1.618035;-0.9930093;;
32.874;-1.618044;-0.9930083;;
32.875;-1.618047;-0.9930081;;
32.877;-1.618048;-0.9930079;;
32.878;-1.618048;-0.9930079;;
32.905;-1.637576;-0.9904876;;
32.907;-1.637874;-0.9904491;;
32.909;-1.640371;-0.9900976;;
32.91;-1.640909;-0.9900218;;
32.91;-1.641068;-0.9899994;;
32.912;-1.641341;-0.989961;;
32.939;-1.653095;-0.9882115;;
32.94;-1.653095;-0.9882115;;
32.941;-1.653095;-0.9882115;;
32.942;-1.653095;-0.9882115;;
32.945;-1.653095;-0.9882115;;
32.946;-1.653095;-0.9882115;;
32.973;-1.675924;-0.9843986;;
32.974;-1.676216;-0.9843499;;
32.976;-1.676322;-0.9843321;;
32.977;-1.676357;-0.9843264;;
32.977;-1.676357;-0.9843264;;
32.977;-1.676357;-0.9843264;;
33.0006193;;;0.79593235932232;0.168707801203717
32.735;-1.549605;-0.9987673;;
32.736;-1.549724;-0.9987624;;
32.737;-1.549764;-0.9987608;;
32.739;-1.549781;-0.9987601;;
32.771;-1.565544;-0.9978487;;
32.772;-1.565632;-0.9978436;;
32.774;-1.565664;-0.9978418;;
32.81;-1.583462;-0.9965099;;
32.811;-1.588041;-0.9961125;;
32.811;-1.588724;-0.9960532;;
32.812;-1.589592;-0.9959779;;
32.813;-1.589728;-0.9959661;;
32.813;-1.589749;-0.9959643;;
32.814;-1.589779;-0.9959617;;
32.815;-1.589779;-0.9959617;;
32.836;-1.600488;-0.9949377;;
32.837;-1.600593;-0.9949276;;
32.839;-1.600612;-0.9949257;;
32.841;-1.604727;-0.9944973;;
32.87;-1.617709;-0.9930458;;
32.871;-1.617994;-0.9930139;;
32.872;-1.618035;-0.9930093;;
32.874;-1.618044;-0.9930083;;
32.875;-1.618047;-0.9930081;;
32.877;-1.618048;-0.9930079;;
32.878;-1.618048;-0.9930079;;
32.905;-1.637576;-0.9904876;;
32.907;-1.637874;-0.9904491;;
32.909;-1.640371;-0.9900976;;
32.91;-1.640909;-0.9900218;;
32.91;-1.641068;-0.9899994;;
32.912;-1.641341;-0.989961;;
32.939;-1.653095;-0.9882115;;
32.94;-1.653095;-0.9882115;;
32.941;-1.653095;-0.9882115;;
32.942;-1.653095;-0.9882115;;
32.945;-1.653095;-0.9882115;;
32.946;-1.653095;-0.9882115;;
32.973;-1.675924;-0.9843986;;
32.974;-1.676216;-0.9843499;;
32.976;-1.676322;-0.9843321;;
32.977;-1.676357;-0.9843264;;
32.977;-1.676357;-0.9843264;;
32.977;-1.676357;-0.9843264;;
33.006;-1.687384;-0.9822862;;
33.007;-1.687464;-0.9822714;;
33.01;-1.687477;-0.982269;;
33.012;-1.687478;-0.9822689;;
33.013;-1.687478;-0.9822688;;
33.014;-1.687478;-0.9822688;;
33.0226777;;;0.648421769351064;0.194214708877776
32.771;-1.565544;-0.9978487;;
32.772;-1.565632;-0.9978436;;
32.774;-1.565664;-0.9978418;;
32.81;-1.583462;-0.9965099;;
32.811;-1.588041;-0.9961125;;
32.811;-1.588724;-0.9960532;;
32.812;-1.589592;-0.9959779;;
32.813;-1.589728;-0.9959661;;
32.813;-1.589749;-0.9959643;;
32.814;-1.589779;-0.9959617;;
32.815;-1.589779;-0.9959617;;
32.836;-1.600488;-0.9949377;;
32.837;-1.600593;-0.9949276;;
32.839;-1.600612;-0.9949257;;
32.841;-1.604727;-0.9944973;;
32.87;-1.617709;-0.9930458;;
32.871;-1.617994;-0.9930139;;
32.872;-1.618035;-0.9930093;;
32.874;-1.618044;-0.9930083;;
32.875;-1.618047;-0.9930081;;
32.877;-1.618048;-0.9930079;;
32.878;-1.618048;-0.9930079;;
32.905;-1.637576;-0.9904876;;
32.907;-1.637874;-0.9904491;;
32.909;-1.640371;-0.9900976;;
32.91;-1.640909;-0.9900218;;
32.91;-1.641068;-0.9899994;;
32.912;-1.641341;-0.989961;;
32.939;-1.653095;-0.9882115;;
32.94;-1.653095;-0.9882115;;
32.941;-1.653095;-0.9882115;;
32.942;-1.653095;-0.9882115;;
32.945;-1.653095;-0.9882115;;
32.946;-1.653095;-0.9882115;;
32.973;-1.675924;-0.9843986;;
32.974;-1.676216;-0.9843499;;
32.976;-1.676322;-0.9843321;;
32.977;-1.676357;-0.9843264;;
32.977;-1.676357;-0.9843264;;
32.977;-1.676357;-0.9843264;;
33.006;-1.687384;-0.9822862;;
33.007;-1.687464;-0.9822714;;
33.01;-1.687477;-0.982269;;
33.012;-1.687478;-0.9822689;;
33.013;-1.687478;-0.9822688;;
33.014;-1.687478;-0.9822688;;
33.041;-1.694908;-0.9808213;;
33.042;-1.694963;-0.9808105;;
33.044;-1.694972;-0.9808088;;
33.044;-1.694973;-0.9808086;;
33.045;-1.701262;-0.9795205;;
33.047;-1.706358;-0.9784766;;
33.0677976;;;0.423528171354012;0.211071862782717
32.81;-1.583462;-0.9965099;;
32.811;-1.588041;-0.9961125;;
32.811;-1.588724;-0.9960532;;
32.812;-1.589592;-0.9959779;;
32.813;-1.589728;-0.9959661;;
32.813;-1.589749;-0.9959643;;
32.814;-1.589779;-0.9959617;;
32.815;-1.589779;-0.9959617;;
32.836;-1.600488;-0.9949377;;
32.837;-1.600593;-0.9949276;;
32.839;-1.600612;-0.9949257;;
32.841;-1.604727;-0.9944973;;
32.87;-1.617709;-0.9930458;;
32.871;-1.617994;-0.9930139;;
32.872;-1.618035;-0.9930093;;
32.874;-1.618044;-0.9930083;;
32.875;-1.618047;-0.9930081;;
32.877;-1.618048;-0.9930079;;
32.878;-1.618048;-0.9930079;;
32.905;-1.637576;-0.9904876;;
32.907;-1.637874;-0.9904491;;
32.909;-1.640371;-0.9900976;;
32.91;-1.640909;-0.9900218;;
32.91;-1.641068;-0.9899994;;
32.912;-1.641341;-0.989961;;
32.939;-1.653095;-0.9882115;;
32.94;-1.653095;-0.9882115;;
32.941;-1.653095;-0.9882115;;
32.942;-1.653095;-0.9882115;;
32.945;-1.653095;-0.9882115;;
32.946;-1.653095;-0.9882115;;
32.973;-1.675924;-0.9843986;;
32.974;-1.676216;-0.9843499;;
32.976;-1.676322;-0.9843321;;
32.977;-1.676357;-0.9843264;;
32.977;-1.676357;-0.9843264;;
32.977;-1.676357;-0.9843264;;
33.006;-1.687384;-0.9822862;;
33.007;-1.687464;-0.9822714;;
33.01;-1.687477;-0.982269;;
33.012;-1.687478;-0.9822689;;
33.013;-1.687478;-0.9822688;;
33.014;-1.687478;-0.9822688;;
33.041;-1.694908;-0.9808213;;
33.042;-1.694963;-0.9808105;;
33.044;-1.694972;-0.9808088;;
33.044;-1.694973;-0.9808086;;
33.045;-1.701262;-0.9795205;;
33.047;-1.706358;-0.9784766;;
33.075;-1.717794;-0.9759941;;
33.076;-1.717878;-0.9759758;;
33.078;-1.717891;-0.9759731;;
33.078;-1.717893;-0.9759727;;
33.079;-1.717896;-0.9759721;;
33.081;-1.717898;-0.9759716;;
33.0978735;;;0.124908360987191;0.215759907516431
32.87;-1.617709;-0.9930458;;
32.871;-1.617994;-0.9930139;;
32.872;-1.618035;-0.9930093;;
32.874;-1.618044;-0.9930083;;
32.875;-1.618047;-0.9930081;;
32.877;-1.618048;-0.9930079;;
32.878;-1.618048;-0.9930079;;
32.905;-1.637576;-0.9904876;;
32.907;-1.637874;-0.9904491;;
32.909;-1.640371;-0.9900976;;
32.91;-1.640909;-0.9900218;;
32.91;-1.641068;-0.9899994;;
32.912;-1.641341;-0.989961;;
32.939;-1.653095;-0.9882115;;
32.94;-1.653095;-0.9882115;;
32.941;-1.653095;-0.9882115;;
32.942;-1.653095;-0.9882115;;
32.945;-1.653095;-0.9882115;;
32.946;-1.653095;-0.9882115;;
32.973;-1.675924;-0.9843986;;
32.974;-1.676216;-0.9843499;;
32.976;-1.676322;-0.9843321;;
32.977;-1.676357;-0.9843264;;
32.977;-1.676357;-0.9843264;;
32.977;-1.676357;-0.9843264;;
33.006;-1.687384;-0.9822862;;
33.007;-1.687464;-0.9822714;;
33.01;-1.687477;-0.982269;;
33.012;-1.687478;-0.9822689;;
33.013;-1.687478;-0.9822688;;
33.014;-1.687478;-0.9822688;;
33.041;-1.694908;-0.9808213;;
33.042;-1.694963;-0.9808105;;
33.044;-1.694972;-0.9808088;;
33.044;-1.694973;-0.9808086;;
33.045;-1.701262;-0.9795205;;
33.047;-1.706358;-0.9784766;;
33.075;-1.717794;-0.9759941;;
33.076;-1.717878;-0.9759758;;
33.078;-1.717891;-0.9759731;;
33.078;-1.717893;-0.9759727;;
33.079;-1.717896;-0.9759721;;
33.081;-1.717898;-0.9759716;;
33.11;-1.739007;-0.9710158;;
33.111;-1.739141;-0.9709843;;
33.112;-1.739172;-0.9709771;;
33.113;-1.739188;-0.9709731;;
33.114;-1.739188;-0.9709731;;
33.114;-1.739188;-0.9709731;;
33.142;-1.75695;-0.9664248;;
33.1420864;;;0.0123972314876381;0.191293812724939
32.87;-1.617709;-0.9930458;;
32.871;-1.617994;-0.9930139;;
32.872;-1.618035;-0.9930093;;
32.874;-1.618044;-0.9930083;;
32.875;-1.618047;-0.9930081;;
32.877;-1.618048;-0.9930079;;
32.878;-1.618048;-0.9930079;;
32.905;-1.637576;-0.9904876;;
32.907;-1.637874;-0.9904491;;
32.909;-1.640371;-0.9900976;;
32.91;-1.640909;-0.9900218;;
32.91;-1.641068;-0.9899994;;
32.912;-1.641341;-0.989961;;
32.939;-1.653095;-0.9882115;;
32.94;-1.653095;-0.9882115;;
32.941;-1.653095;-0.9882115;;
32.942;-1.653095;-0.9882115;;
32.945;-1.653095;-0.9882115;;
32.946;-1.653095;-0.9882115;;
32.973;-1.675924;-0.9843986;;
32.974;-1.676216;-0.9843499;;
32.976;-1.676322;-0.9843321;;
32.977;-1.676357;-0.9843264;;
32.977;-1.676357;-0.9843264;;
32.977;-1.676357;-0.9843264;;
33.006;-1.687384;-0.9822862;;
33.007;-1.687464;-0.9822714;;
33.01;-1.687477;-0.982269;;
33.012;-1.687478;-0.9822689;;
33.013;-1.687478;-0.9822688;;
33.014;-1.687478;-0.9822688;;
33.041;-1.694908;-0.9808213;;
33.042;-1.694963;-0.9808105;;
33.044;-1.694972;-0.9808088;;
33.044;-1.694973;-0.9808086;;
33.045;-1.701262;-0.9795205;;
33.047;-1.706358;-0.9784766;;
33.075;-1.717794;-0.9759941;;
33.076;-1.717878;-0.9759758;;
33.078;-1.717891;-0.9759731;;
33.078;-1.717893;-0.9759727;;
33.079;-1.717896;-0.9759721;;
33.081;-1.717898;-0.9759716;;
33.11;-1.739007;-0.9710158;;
33.111;-1.739141;-0.9709843;;
33.112;-1.739172;-0.9709771;;
33.113;-1.739188;-0.9709731;;
33.114;-1.739188;-0.9709731;;
33.114;-1.739188;-0.9709731;;
33.142;-1.75695;-0.9664248;;
33.144;-1.761527;-0.9651962;;
33.145;-1.761527;-0.9651962;;
33.146;-1.760628;-0.9654375;;
33.147;-1.761099;-0.965311;;
33.148;-1.76146;-0.9652141;;
33.1581362;;;0.00899847752737681;0.166696996627283
32.939;-1.653095;-0.9882115;;
32.94;-1.653095;-0.9882115;;
32.941;-1.653095;-0.9882115;;
32.942;-1.653095;-0.9882115;;
32.945;-1.653095;-0.9882115;;
32.946;-1.653095;-0.9882115;;
32.973;-1.675924;-0.9843986;;
32.974;-1.676216;-0.9843499;;
32.976;-1.676322;-0.9843321;;
32.977;-1.676357;-0.9843264;;
32.977;-1.676357;-0.9843264;;
32.977;-1.676357;-0.9843264;;
33.006;-1.687384;-0.9822862;;
33.007;-1.687464;-0.9822714;;
33.01;-1.687477;-0.982269;;
33.012;-1.687478;-0.9822689;;
33.013;-1.687478;-0.9822688;;
33.014;-1.687478;-0.9822688;;
33.041;-1.694908;-0.9808213;;
33.042;-1.694963;-0.9808105;;
33.044;-1.694972;-0.9808088;;
33.044;-1.694973;-0.9808086;;
33.045;-1.701262;-0.9795205;;
33.047;-1.706358;-0.9784766;;
33.075;-1.717794;-0.9759941;;
33.076;-1.717878;-0.9759758;;
33.078;-1.717891;-0.9759731;;
33.078;-1.717893;-0.9759727;;
33.079;-1.717896;-0.9759721;;
33.081;-1.717898;-0.9759716;;
33.11;-1.739007;-0.9710158;;
33.111;-1.739141;-0.9709843;;
33.112;-1.739172;-0.9709771;;
33.113;-1.739188;-0.9709731;;
33.114;-1.739188;-0.9709731;;
33.114;-1.739188;-0.9709731;;
33.142;-1.75695;-0.9664248;;
33.144;-1.761527;-0.9651962;;
33.145;-1.761527;-0.9651962;;
33.146;-1.760628;-0.9654375;;
33.147;-1.761099;-0.965311;;
33.148;-1.76146;-0.9652141;;
33.176;-1.767202;-0.9636404;;
33.177;-1.767241;-0.9636298;;
33.181;-1.77453;-0.9615765;;
33.182;-1.774782;-0.9615057;;
33.183;-1.775013;-0.9614406;;
33.184;-1.775013;-0.9614406;;
33.21;-1.785822;-0.9582828;;
33.211;-1.785822;-0.9582828;;
33.211;-1.785822;-0.9582828;;
33.213;-1.785822;-0.9582828;;
33.214;-1.785822;-0.9582828;;
33.214;-1.785822;-0.9582828;;
33.2240092;;;-0.0176782570451969;0.1328627211226
32.939;-1.653095;-0.9882115;;
32.94;-1.653095;-0.9882115;;
32.941;-1.653095;-0.9882115;;
32.942;-1.653095;-0.9882115;;
32.945;-1.653095;-0.9882115;;
32.946;-1.653095;-0.9882115;;
32.973;-1.675924;-0.9843986;;
32.974;-1.676216;-0.9843499;;
32.976;-1.676322;-0.9843321;;
32.977;-1.676357;-0.9843264;;
32.977;-1.676357;-0.9843264;;
32.977;-1.676357;-0.9843264;;
33.006;-1.687384;-0.9822862;;
33.007;-1.687464;-0.9822714;;
33.01;-1.687477;-0.982269;;
33.012;-1.687478;-0.9822689;;
33.013;-1.687478;-0.9822688;;
33.014;-1.687478;-0.9822688;;
33.041;-1.694908;-0.9808213;;
33.042;-1.694963;-0.9808105;;
33.044;-1.694972;-0.9808088;;
33.044;-1.694973;-0.9808086;;
33.045;-1.701262;-0.9795205;;
33.047;-1.706358;-0.9784766;;
33.075;-1.717794;-0.9759941;;
33.076;-1.717878;-0.9759758;;
33.078;-1.717891;-0.9759731;;
33.078;-1.717893;-0.9759727;;
33.079;-1.717896;-0.9759721;;
33.081;-1.717898;-0.9759716;;
33.11;-1.739007;-0.9710158;;
33.111;-1.739141;-0.9709843;;
33.112;-1.739172;-0.9709771;;
33.113;-1.739188;-0.9709731;;
33.114;-1.739188;-0.9709731;;
33.114;-1.739188;-0.9709731;;
33.142;-1.75695;-0.9664248;;
33.144;-1.761527;-0.9651962;;
33.145;-1.761527;-0.9651962;;
33.146;-1.760628;-0.9654375;;
33.147;-1.761099;-0.965311;;
33.148;-1.76146;-0.9652141;;
33.176;-1.767202;-0.9636404;;
33.177;-1.767241;-0.9636298;;
33.181;-1.77453;-0.9615765;;
33.182;-1.774782;-0.9615057;;
33.183;-1.775013;-0.9614406;;
33.184;-1.775013;-0.9614406;;
33.21;-1.785822;-0.9582828;;
33.211;-1.785822;-0.9582828;;
33.211;-1.785822;-0.9582828;;
33.213;-1.785822;-0.9582828;;
33.214;-1.785822;-0.9582828;;
33.214;-1.785822;-0.9582828;;
33.2360435;;;-0.0176782570451969;0.099028445617916
33.006;-1.687384;-0.9822862;;
33.007;-1.687464;-0.9822714;;
33.01;-1.687477;-0.982269;;
33.012;-1.687478;-0.9822689;;
33.013;-1.687478;-0.9822688;;
33.014;-1.687478;-0.9822688;;
33.041;-1.694908;-0.9808213;;
33.042;-1.694963;-0.9808105;;
33.044;-1.694972;-0.9808088;;
33.044;-1.694973;-0.9808086;;
33.045;-1.701262;-0.9795205;;
33.047;-1.706358;-0.9784766;;
33.075;-1.717794;-0.9759941;;
33.076;-1.717878;-0.9759758;;
33.078;-1.717891;-0.9759731;;
33.078;-1.717893;-0.9759727;;
33.079;-1.717896;-0.9759721;;
33.081;-1.717898;-0.9759716;;
33.11;-1.739007;-0.9710158;;
33.111;-1.739141;-0.9709843;;
33.112;-1.739172;-0.9709771;;
33.113;-1.739188;-0.9709731;;
33.114;-1.739188;-0.9709731;;
33.114;-1.739188;-0.9709731;;
33.142;-1.75695;-0.9664248;;
33.144;-1.761527;-0.9651962;;
33.145;-1.761527;-0.9651962;;
33.146;-1.760628;-0.9654375;;
33.147;-1.761099;-0.965311;;
33.148;-1.76146;-0.9652141;;
33.176;-1.767202;-0.9636404;;
33.177;-1.767241;-0.9636298;;
33.181;-1.77453;-0.9615765;;
33.182;-1.774782;-0.9615057;;
33.183;-1.775013;-0.9614406;;
33.184;-1.775013;-0.9614406;;
33.21;-1.785822;-0.9582828;;
33.211;-1.785822;-0.9582828;;
33.211;-1.785822;-0.9582828;;
33.213;-1.785822;-0.9582828;;
33.214;-1.785822;-0.9582828;;
33.214;-1.785822;-0.9582828;;
33.244;-1.796725;-0.9549626;;
33.244;-1.796776;-0.9549469;;
33.246;-1.796804;-0.9549382;;
33.248;-1.796813;-0.9549356;;
33.249;-1.796815;-0.954935;;
33.251;-1.796816;-0.9549347;;
33.278;-1.828547;-0.9444876;;
33.279;-1.828547;-0.9444876;;
33.282;-1.828547;-0.9444876;;
33.283;-1.828547;-0.9444876;;
33.284;-1.828547;-0.9444876;;
33.286;-1.828547;-0.9444876;;
33.2991585;;;-0.359114735158872;0.067953339515332
33.012;-1.687478;-0.9822689;;
33.013;-1.687478;-0.9822688;;
33.014;-1.687478;-0.9822688;;
33.041;-1.694908;-0.9808213;;
33.042;-1.694963;-0.9808105;;
33.044;-1.694972;-0.9808088;;
33.044;-1.694973;-0.9808086;;
33.045;-1.701262;-0.9795205;;
33.047;-1.706358;-0.9784766;;
33.075;-1.717794;-0.9759941;;
33.076;-1.717878;-0.9759758;;
33.078;-1.717891;-0.9759731;;
33.078;-1.717893;-0.9759727;;
33.079;-1.717896;-0.9759721;;
33.081;-1.717898;-0.9759716;;
33.11;-1.739007;-0.9710158;;
33.111;-1.739141;-0.9709843;;
33.112;-1.739172;-0.9709771;;
33.113;-1.739188;-0.9709731;;
33.114;-1.739188;-0.9709731;;
33.114;-1.739188;-0.9709731;;
33.142;-1.75695;-0.9664248;;
33.144;-1.761527;-0.9651962;;
33.145;-1.761527;-0.9651962;;
33.146;-1.760628;-0.9654375;;
33.147;-1.761099;-0.965311;;
33.148;-1.76146;-0.9652141;;
33.176;-1.767202;-0.9636404;;
33.177;-1.767241;-0.9636298;;
33.181;-1.77453;-0.9615765;;
33.182;-1.774782;-0.9615057;;
33.183;-1.775013;-0.9614406;;
33.184;-1.775013;-0.9614406;;
33.21;-1.785822;-0.9582828;;
33.211;-1.785822;-0.9582828;;
33.211;-1.785822;-0.9582828;;
33.213;-1.785822;-0.9582828;;
33.214;-1.785822;-0.9582828;;
33.214;-1.785822;-0.9582828;;
33.244;-1.796725;-0.9549626;;
33.244;-1.796776;-0.9549469;;
33.246;-1.796804;-0.9549382;;
33.248;-1.796813;-0.9549356;;
33.249;-1.796815;-0.954935;;
33.251;-1.796816;-0.9549347;;
33.278;-1.828547;-0.9444876;;
33.279;-1.828547;-0.9444876;;
33.282;-1.828547;-0.9444876;;
33.283;-1.828547;-0.9444876;;
33.284;-1.828547;-0.9444876;;
33.286;-1.828547;-0.9444876;;
33.311;-1.839476;-0.9406141;;
33.3136225;;;-0.436686076211898;0.0417610439332138
33.081;-1.717898;-0.9759716;;
33.11;-1.739007;-0.9710158;;
33.111;-1.739141;-0.9709843;;
33.112;-1.739172;-0.9709771;;
33.113;-1.739188;-0.9709731;;
33.114;-1.739188;-0.9709731;;
33.114;-1.739188;-0.9709731;;
33.142;-1.75695;-0.9664248;;
33.144;-1.761527;-0.9651962;;
33.145;-1.761527;-0.9651962;;
33.146;-1.760628;-0.9654375;;
33.147;-1.761099;-0.965311;;
33.148;-1.76146;-0.9652141;;
33.176;-1.767202;-0.9636404;;
33.177;-1.767241;-0.9636298;;
33.181;-1.77453;-0.9615765;;
33.182;-1.774782;-0.9615057;;
33.183;-1.775013;-0.9614406;;
33.184;-1.775013;-0.9614406;;
33.21;-1.785822;-0.9582828;;
33.211;-1.785822;-0.9582828;;
33.211;-1.785822;-0.9582828;;
33.213;-1.785822;-0.9582828;;
33.214;-1.785822;-0.9582828;;
33.214;-1.785822;-0.9582828;;
33.244;-1.796725;-0.9549626;;
33.244;-1.796776;-0.9549469;;
33.246;-1.796804;-0.9549382;;
33.248;-1.796813;-0.9549356;;
33.249;-1.796815;-0.954935;;
33.251;-1.796816;-0.9549347;;
33.278;-1.828547;-0.9444876;;
33.279;-1.828547;-0.9444876;;
33.282;-1.828547;-0.9444876;;
33.283;-1.828547;-0.9444876;;
33.284;-1.828547;-0.9444876;;
33.286;-1.828547;-0.9444876;;
33.311;-1.839476;-0.9406141;;
33.314;-1.839575;-0.9405789;;
33.316;-1.839579;-0.9405776;;
33.317;-1.839579;-0.9405774;;
33.317;-1.839582;-0.9405765;;
33.346;-1.861315;-0.9324363;;
33.348;-1.861736;-0.9322789;;
33.35;-1.861839;-0.9322401;;
33.351;-1.861861;-0.932232;;
33.352;-1.861873;-0.9322274;;
33.353;-1.861873;-0.9322274;;
33.354;-1.861873;-0.9322274;;
33.38;-1.866856;-0.9302779;;
33.3806447;;;-0.88187653757204;0.0318557378984889
33.11;-1.739007;-0.9710158;;
33.111;-1.739141;-0.9709843;;
33.112;-1.739172;-0.9709771;;
33.113;-1.739188;-0.9709731;;
33.114;-1.739188;-0.9709731;;
33.114;-1.739188;-0.9709731;;
33.142;-1.75695;-0.9664248;;
33.144;-1.761527;-0.9651962;;
33.145;-1.761527;-0.9651962;;
33.146;-1.760628;-0.9654375;;
33.147;-1.761099;-0.965311;;
33.148;-1.76146;-0.9652141;;
33.176;-1.767202;-0.9636404;;
33.177;-1.767241;-0.9636298;;
33.181;-1.77453;-0.9615765;;
33.182;-1.774782;-0.9615057;;
33.183;-1.775013;-0.9614406;;
33.184;-1.775013;-0.9614406;;
33.21;-1.785822;-0.9582828;;
33.211;-1.785822;-0.9582828;;
33.211;-1.785822;-0.9582828;;
33.213;-1.785822;-0.9582828;;
33.214;-1.785822;-0.9582828;;
33.214;-1.785822;-0.9582828;;
33.244;-1.796725;-0.9549626;;
33.244;-1.796776;-0.9549469;;
33.246;-1.796804;-0.9549382;;
33.248;-1.796813;-0.9549356;;
33.249;-1.796815;-0.954935;;
33.251;-1.796816;-0.9549347;;
33.278;-1.828547;-0.9444876;;
33.279;-1.828547;-0.9444876;;
33.282;-1.828547;-0.9444876;;
33.283;-1.828547;-0.9444876;;
33.284;-1.828547;-0.9444876;;
33.286;-1.828547;-0.9444876;;
33.311;-1.839476;-0.9406141;;
33.314;-1.839575;-0.9405789;;
33.316;-1.839579;-0.9405776;;
33.317;-1.839579;-0.9405774;;
33.317;-1.839582;-0.9405765;;
33.346;-1.861315;-0.9324363;;
33.348;-1.861736;-0.9322789;;
33.35;-1.861839;-0.9322401;;
33.351;-1.861861;-0.932232;;
33.352;-1.861873;-0.9322274;;
33.353;-1.861873;-0.9322274;;
33.354;-1.861873;-0.9322274;;
33.38;-1.866856;-0.9302779;;
33.381;-1.871524;-0.9284159;;
33.384;-1.872878;-0.9278761;;
33.385;-1.873862;-0.9274836;;
33.386;-1.873999;-0.9274288;;
33.387;-1.874038;-0.9274136;;
33.399193;;;-0.916107879685453;0.0206338417824789
33.142;-1.75695;-0.9664248;;
33.144;-1.761527;-0.9651962;;
33.145;-1.761527;-0.9651962;;
33.146;-1.760628;-0.9654375;;
33.147;-1.761099;-0.965311;;
33.148;-1.76146;-0.9652141;;
33.176;-1.767202;-0.9636404;;
33.177;-1.767241;-0.9636298;;
33.181;-1.77453;-0.9615765;;
33.182;-1.774782;-0.9615057;;
33.183;-1.775013;-0.9614406;;
33.184;-1.775013;-0.9614406;;
33.21;-1.785822;-0.9582828;;
33.211;-1.785822;-0.9582828;;
33.211;-1.785822;-0.9582828;;
33.213;-1.785822;-0.9582828;;
33.214;-1.785822;-0.9582828;;
33.214;-1.785822;-0.9582828;;
33.244;-1.796725;-0.9549626;;
33.244;-1.796776;-0.9549469;;
33.246;-1.796804;-0.9549382;;
33.248;-1.796813;-0.9549356;;
33.249;-1.796815;-0.954935;;
33.251;-1.796816;-0.9549347;;
33.278;-1.828547;-0.9444876;;
33.279;-1.828547;-0.9444876;;
33.282;-1.828547;-0.9444876;;
33.283;-1.828547;-0.9444876;;
33.284;-1.828547;-0.9444876;;
33.286;-1.828547;-0.9444876;;
33.311;-1.839476;-0.9406141;;
33.314;-1.839575;-0.9405789;;
33.316;-1.839579;-0.9405776;;
33.317;-1.839579;-0.9405774;;
33.317;-1.839582;-0.9405765;;
33.346;-1.861315;-0.9324363;;
33.348;-1.861736;-0.9322789;;
33.35;-1.861839;-0.9322401;;
33.351;-1.861861;-0.932232;;
33.352;-1.861873;-0.9322274;;
33.353;-1.861873;-0.9322274;;
33.354;-1.861873;-0.9322274;;
33.38;-1.866856;-0.9302779;;
33.381;-1.871524;-0.9284159;;
33.384;-1.872878;-0.9278761;;
33.385;-1.873862;-0.9274836;;
33.386;-1.873999;-0.9274288;;
33.387;-1.874038;-0.9274136;;
33.414;-1.874038;-0.9274136;;
33.416;-1.880702;-0.9246802;;
33.418;-1.883929;-0.9233567;;
33.419;-1.884483;-0.9231293;;
33.42;-1.884722;-0.9230314;;
33.421;-1.884865;-0.9229724;;
33.444042;;;-0.924359438987443;0.0193341237351547
33.176;-1.767202;-0.9636404;;
33.177;-1.767241;-0.9636298;;
33.181;-1.77453;-0.9615765;;
33.182;-1.774782;-0.9615057;;
33.183;-1.775013;-0.9614406;;
33.184;-1.775013;-0.9614406;;
33.21;-1.785822;-0.9582828;;
33.211;-1.785822;-0.9582828;;
33.211;-1.785822;-0.9582828;;
33.213;-1.785822;-0.9582828;;
33.214;-1.785822;-0.9582828;;
33.214;-1.785822;-0.9582828;;
33.244;-1.796725;-0.9549626;;
33.244;-1.796776;-0.9549469;;
33.246;-1.796804;-0.9549382;;
33.248;-1.796813;-0.9549356;;
33.249;-1.796815;-0.954935;;
33.251;-1.796816;-0.9549347;;
33.278;-1.828547;-0.9444876;;
33.279;-1.828547;-0.9444876;;
33.282;-1.828547;-0.9444876;;
33.283;-1.828547;-0.9444876;;
33.284;-1.828547;-0.9444876;;
33.286;-1.828547;-0.9444876;;
33.311;-1.839476;-0.9406141;;
33.314;-1.839575;-0.9405789;;
33.316;-1.839579;-0.9405776;;
33.317;-1.839579;-0.9405774;;
33.317;-1.839582;-0.9405765;;
33.346;-1.861315;-0.9324363;;
33.348;-1.861736;-0.9322789;;
33.35;-1.861839;-0.9322401;;
33.351;-1.861861;-0.932232;;
33.352;-1.861873;-0.9322274;;
33.353;-1.861873;-0.9322274;;
33.354;-1.861873;-0.9322274;;
33.38;-1.866856;-0.9302779;;
33.381;-1.871524;-0.9284159;;
33.384;-1.872878;-0.9278761;;
33.385;-1.873862;-0.9274836;;
33.386;-1.873999;-0.9274288;;
33.387;-1.874038;-0.9274136;;
33.414;-1.874038;-0.9274136;;
33.416;-1.880702;-0.9246802;;
33.418;-1.883929;-0.9233567;;
33.419;-1.884483;-0.9231293;;
33.42;-1.884722;-0.9230314;;
33.421;-1.884865;-0.9229724;;
33.448;-1.905998;-0.9138713;;
33.449;-1.90546;-0.9141032;;
33.451;-1.905955;-0.9138899;;
33.452;-1.906196;-0.9137862;;
33.454;-1.906196;-0.9137862;;
33.454;-1.906196;-0.9137862;;
33.464603;;;-0.908659329186198;0.0195801037205826
33.244;-1.796725;-0.9549626;;
33.244;-1.796776;-0.9549469;;
33.246;-1.796804;-0.9549382;;
33.248;-1.796813;-0.9549356;;
33.249;-1.796815;-0.954935;;
33.251;-1.796816;-0.9549347;;
33.278;-1.828547;-0.9444876;;
33.279;-1.828547;-0.9444876;;
33.282;-1.828547;-0.9444876;;
33.283;-1.828547;-0.9444876;;
33.284;-1.828547;-0.9444876;;
33.286;-1.828547;-0.9444876;;
33.311;-1.839476;-0.9406141;;
33.314;-1.839575;-0.9405789;;
33.316;-1.839579;-0.9405776;;
33.317;-1.839579;-0.9405774;;
33.317;-1.839582;-0.9405765;;
33.346;-1.861315;-0.9324363;;
33.348;-1.861736;-0.9322789;;
33.35;-1.861839;-0.9322401;;
33.351;-1.861861;-0.932232;;
33.352;-1.861873;-0.9322274;;
33.353;-1.861873;-0.9322274;;
33.354;-1.861873;-0.9322274;;
33.38;-1.866856;-0.9302779;;
33.381;-1.871524;-0.9284159;;
33.384;-1.872878;-0.9278761;;
33.385;-1.873862;-0.9274836;;
33.386;-1.873999;-0.9274288;;
33.387;-1.874038;-0.9274136;;
33.414;-1.874038;-0.9274136;;
33.416;-1.880702;-0.9246802;;
33.418;-1.883929;-0.9233567;;
33.419;-1.884483;-0.9231293;;
33.42;-1.884722;-0.9230314;;
33.421;-1.884865;-0.9229724;;
33.448;-1.905998;-0.9138713;;
33.449;-1.90546;-0.9141032;;
33.451;-1.905955;-0.9138899;;
33.452;-1.906196;-0.9137862;;
33.454;-1.906196;-0.9137862;;
33.454;-1.906196;-0.9137862;;
33.482;-1.925116;-0.9051389;;
33.483;-1.925116;-0.9051389;;
33.486;-1.925116;-0.9051389;;
33.487;-1.925116;-0.9051389;;
33.488;-1.925116;-0.9051389;;
33.489;-1.925116;-0.9051389;;
33.517;-1.932733;-0.901522;;
33.518;-1.932733;-0.901522;;
33.521;-1.932733;-0.901522;;
33.522;-1.932733;-0.901522;;
33.522;-1.932733;-0.901522;;
33.523;-1.932733;-0.901522;;
33.523;-1.932733;-0.901522;;
33.5255211;;;-0.782897434886445;0.0226767149657597
33.244;-1.796725;-0.9549626;;
33.244;-1.796776;-0.9549469;;
33.246;-1.796804;-0.9549382;;
33.248;-1.796813;-0.9549356;;
33.249;-1.796815;-0.954935;;
33.251;-1.796816;-0.9549347;;
33.278;-1.828547;-0.9444876;;
33.279;-1.828547;-0.9444876;;
33.282;-1.828547;-0.9444876;;
33.283;-1.828547;-0.9444876;;
33.284;-1.828547;-0.9444876;;
33.286;-1.828547;-0.9444876;;
33.311;-1.839476;-0.9406141;;
33.314;-1.839575;-0.9405789;;
33.316;-1.839579;-0.9405776;;
33.317;-1.839579;-0.9405774;;
33.317;-1.839582;-0.9405765;;
33.346;-1.861315;-0.9324363;;
33.348;-1.861736;-0.9322789;;
33.35;-1.861839;-0.9322401;;
33.351;-1.861861;-0.932232;;
33.352;-1.861873;-0.9322274;;
33.353;-1.861873;-0.9322274;;
33.354;-1.861873;-0.9322274;;
33.38;-1.866856;-0.9302779;;
33.381;-1.871524;-0.9284159;;
33.384;-1.872878;-0.9278761;;
33.385;-1.873862;-0.9274836;;
33.386;-1.873999;-0.9274288;;
33.387;-1.874038;-0.9274136;;
33.414;-1.874038;-0.9274136;;
33.416;-1.880702;-0.9246802;;
33.418;-1.883929;-0.9233567;;
33.419;-1.884483;-0.9231293;;
33.42;-1.884722;-0.9230314;;
33.421;-1.884865;-0.9229724;;
33.448;-1.905998;-0.9138713;;
33.449;-1.90546;-0.9141032;;
33.451;-1.905955;-0.9138899;;
33.452;-1.906196;-0.9137862;;
33.454;-1.906196;-0.9137862;;
33.454;-1.906196;-0.9137862;;
33.482;-1.925116;-0.9051389;;
33.483;-1.925116;-0.9051389;;
33.486;-1.925116;-0.9051389;;
33.487;-1.925116;-0.9051389;;
33.488;-1.925116;-0.9051389;;
33.489;-1.925116;-0.9051389;;
33.517;-1.932733;-0.901522;;
33.518;-1.932733;-0.901522;;
33.521;-1.932733;-0.901522;;
33.522;-1.932733;-0.901522;;
33.522;-1.932733;-0.901522;;
33.523;-1.932733;-0.901522;;
33.523;-1.932733;-0.901522;;
33.544577;;;-0.782897434886445;0.0257733262109369
33.311;-1.839476;-0.9406141;;
33.314;-1.839575;-0.9405789;;
33.316;-1.839579;-0.9405776;;
33.317;-1.839579;-0.9405774;;
33.317;-1.839582;-0.9405765;;
33.346;-1.861315;-0.9324363;;
33.348;-1.861736;-0.9322789;;
33.35;-1.861839;-0.9322401;;
33.351;-1.861861;-0.932232;;
33.352;-1.861873;-0.9322274;;
33.353;-1.861873;-0.9322274;;
33.354;-1.861873;-0.9322274;;
33.38;-1.866856;-0.9302779;;
33.381;-1.871524;-0.9284159;;
33.384;-1.872878;-0.9278761;;
33.385;-1.873862;-0.9274836;;
33.386;-1.873999;-0.9274288;;
33.387;-1.874038;-0.9274136;;
33.414;-1.874038;-0.9274136;;
33.416;-1.880702;-0.9246802;;
33.418;-1.883929;-0.9233567;;
33.419;-1.884483;-0.9231293;;
33.42;-1.884722;-0.9230314;;
33.421;-1.884865;-0.9229724;;
33.448;-1.905998;-0.9138713;;
33.449;-1.90546;-0.9141032;;
33.451;-1.905955;-0.9138899;;
33.452;-1.906196;-0.9137862;;
33.454;-1.906196;-0.9137862;;
33.454;-1.906196;-0.9137862;;
33.482;-1.925116;-0.9051389;;
33.483;-1.925116;-0.9051389;;
33.486;-1.925116;-0.9051389;;
33.487;-1.925116;-0.9051389;;
33.488;-1.925116;-0.9051389;;
33.489;-1.925116;-0.9051389;;
33.517;-1.932733;-0.901522;;
33.518;-1.932733;-0.901522;;
33.521;-1.932733;-0.901522;;
33.522;-1.932733;-0.901522;;
33.522;-1.932733;-0.901522;;
33.523;-1.932733;-0.901522;;
33.523;-1.932733;-0.901522;;
33.551;-1.953651;-0.8911766;;
33.552;-1.953796;-0.8911048;;
33.553;-1.953819;-0.8910938;;
33.555;-1.953832;-0.8910871;;
33.557;-1.953839;-0.8910835;;
33.585;-1.972917;-0.8811068;;
33.586;-1.972917;-0.8811068;;
33.587;-1.972917;-0.8811068;;
33.589;-1.976843;-0.8789846;;
33.59;-1.977648;-0.8785495;;
33.591;-1.978022;-0.8783475;;
33.592;-1.978075;-0.8783187;;
33.592;-1.978085;-0.8783138;;
33.6001451;;;-0.415650730597484;0.0132899945306385
33.346;-1.861315;-0.9324363;;
33.348;-1.861736;-0.9322789;;
33.35;-1.861839;-0.9322401;;
33.351;-1.861861;-0.932232;;
33.352;-1.861873;-0.9322274;;
33.353;-1.861873;-0.9322274;;
33.354;-1.861873;-0.9322274;;
33.38;-1.866856;-0.9302779;;
33.381;-1.871524;-0.9284159;;
33.384;-1.872878;-0.9278761;;
33.385;-1.873862;-0.9274836;;
33.386;-1.873999;-0.9274288;;
33.387;-1.874038;-0.9274136;;
33.414;-1.874038;-0.9274136;;
33.416;-1.880702;-0.9246802;;
33.418;-1.883929;-0.9233567;;
33.419;-1.884483;-0.9231293;;
33.42;-1.884722;-0.9230314;;
33.421;-1.884865;-0.9229724;;
33.448;-1.905998;-0.9138713;;
33.449;-1.90546;-0.9141032;;
33.451;-1.905955;-0.9138899;;
33.452;-1.906196;-0.9137862;;
33.454;-1.906196;-0.9137862;;
33.454;-1.906196;-0.9137862;;
33.482;-1.925116;-0.9051389;;
33.483;-1.925116;-0.9051389;;
33.486;-1.925116;-0.9051389;;
33.487;-1.925116;-0.9051389;;
33.488;-1.925116;-0.9051389;;
33.489;-1.925116;-0.9051389;;
33.517;-1.932733;-0.901522;;
33.518;-1.932733;-0.901522;;
33.521;-1.932733;-0.901522;;
33.522;-1.932733;-0.901522;;
33.522;-1.932733;-0.901522;;
33.523;-1.932733;-0.901522;;
33.523;-1.932733;-0.901522;;
33.551;-1.953651;-0.8911766;;
33.552;-1.953796;-0.8911048;;
33.553;-1.953819;-0.8910938;;
33.555;-1.953832;-0.8910871;;
33.557;-1.953839;-0.8910835;;
33.585;-1.972917;-0.8811068;;
33.586;-1.972917;-0.8811068;;
33.587;-1.972917;-0.8811068;;
33.589;-1.976843;-0.8789846;;
33.59;-1.977648;-0.8785495;;
33.591;-1.978022;-0.8783475;;
33.592;-1.978075;-0.8783187;;
33.592;-1.978085;-0.8783138;;
33.619;-1.983323;-0.875442;;
33.6191959;;;-0.204638277174156;0.00892252644354505
33.38;-1.866856;-0.9302779;;
33.381;-1.871524;-0.9284159;;
33.384;-1.872878;-0.9278761;;
33.385;-1.873862;-0.9274836;;
33.386;-1.873999;-0.9274288;;
33.387;-1.874038;-0.9274136;;
33.414;-1.874038;-0.9274136;;
33.416;-1.880702;-0.9246802;;
33.418;-1.883929;-0.9233567;;
33.419;-1.884483;-0.9231293;;
33.42;-1.884722;-0.9230314;;
33.421;-1.884865;-0.9229724;;
33.448;-1.905998;-0.9138713;;
33.449;-1.90546;-0.9141032;;
33.451;-1.905955;-0.9138899;;
33.452;-1.906196;-0.9137862;;
33.454;-1.906196;-0.9137862;;
33.454;-1.906196;-0.9137862;;
33.482;-1.925116;-0.9051389;;
33.483;-1.925116;-0.9051389;;
33.486;-1.925116;-0.9051389;;
33.487;-1.925116;-0.9051389;;
33.488;-1.925116;-0.9051389;;
33.489;-1.925116;-0.9051389;;
33.517;-1.932733;-0.901522;;
33.518;-1.932733;-0.901522;;
33.521;-1.932733;-0.901522;;
33.522;-1.932733;-0.901522;;
33.522;-1.932733;-0.901522;;
33.523;-1.932733;-0.901522;;
33.523;-1.932733;-0.901522;;
33.551;-1.953651;-0.8911766;;
33.552;-1.953796;-0.8911048;;
33.553;-1.953819;-0.8910938;;
33.555;-1.953832;-0.8910871;;
33.557;-1.953839;-0.8910835;;
33.585;-1.972917;-0.8811068;;
33.586;-1.972917;-0.8811068;;
33.587;-1.972917;-0.8811068;;
33.589;-1.976843;-0.8789846;;
33.59;-1.977648;-0.8785495;;
33.591;-1.978022;-0.8783475;;
33.592;-1.978075;-0.8783187;;
33.592;-1.978085;-0.8783138;;
33.619;-1.983323;-0.875442;;
33.62;-1.987284;-0.8732406;;
33.62;-1.987592;-0.8730689;;
33.622;-1.987175;-0.8733011;;
33.624;-1.987996;-0.8728446;;
33.651;-2.003776;-0.8638291;;
33.654;-2.00412;-0.8636324;;
33.656;-2.005455;-0.862852;;
33.657;-2.005788;-0.8626575;;
33.658;-2.006032;-0.8625145;;
33.6711092;;;-0.0324565035613156;0.00945511700004114
33.414;-1.874038;-0.9274136;;
33.416;-1.880702;-0.9246802;;
33.418;-1.883929;-0.9233567;;
33.419;-1.884483;-0.9231293;;
33.42;-1.884722;-0.9230314;;
33.421;-1.884865;-0.9229724;;
33.448;-1.905998;-0.9138713;;
33.449;-1.90546;-0.9141032;;
33.451;-1.905955;-0.9138899;;
33.452;-1.906196;-0.9137862;;
33.454;-1.906196;-0.9137862;;
33.454;-1.906196;-0.9137862;;
33.482;-1.925116;-0.9051389;;
33.483;-1.925116;-0.9051389;;
33.486;-1.925116;-0.9051389;;
33.487;-1.925116;-0.9051389;;
33.488;-1.925116;-0.9051389;;
33.489;-1.925116;-0.9051389;;
33.517;-1.932733;-0.901522;;
33.518;-1.932733;-0.901522;;
33.521;-1.932733;-0.901522;;
33.522;-1.932733;-0.901522;;
33.522;-1.932733;-0.901522;;
33.523;-1.932733;-0.901522;;
33.523;-1.932733;-0.901522;;
33.551;-1.953651;-0.8911766;;
33.552;-1.953796;-0.8911048;;
33.553;-1.953819;-0.8910938;;
33.555;-1.953832;-0.8910871;;
33.557;-1.953839;-0.8910835;;
33.585;-1.972917;-0.8811068;;
33.586;-1.972917;-0.8811068;;
33.587;-1.972917;-0.8811068;;
33.589;-1.976843;-0.8789846;;
33.59;-1.977648;-0.8785495;;
33.591;-1.978022;-0.8783475;;
33.592;-1.978075;-0.8783187;;
33.592;-1.978085;-0.8783138;;
33.619;-1.983323;-0.875442;;
33.62;-1.987284;-0.8732406;;
33.62;-1.987592;-0.8730689;;
33.622;-1.987175;-0.8733011;;
33.624;-1.987996;-0.8728446;;
33.651;-2.003776;-0.8638291;;
33.654;-2.00412;-0.8636324;;
33.656;-2.005455;-0.862852;;
33.657;-2.005788;-0.8626575;;
33.658;-2.006032;-0.8625145;;
33.687;-2.013676;-0.8579836;;
33.688;-2.013722;-0.8579568;;
33.69;-2.013739;-0.8579466;;
33.693;-2.013741;-0.8579451;;
33.695;-2.013742;-0.8579444;;
33.696;-2.013743;-0.8579443;;
33.696;-2.013743;-0.8579443;;
33.698;-2.013743;-0.8579442;;
33.6986021;;;-0.0434337427548055;0.00131369644124142
33.448;-1.905998;-0.9138713;;
33.449;-1.90546;-0.9141032;;
33.451;-1.905955;-0.9138899;;
33.452;-1.906196;-0.9137862;;
33.454;-1.906196;-0.9137862;;
33.454;-1.906196;-0.9137862;;
33.482;-1.925116;-0.9051389;;
33.483;-1.925116;-0.9051389;;
33.486;-1.925116;-0.9051389;;
33.487;-1.925116;-0.9051389;;
33.488;-1.925116;-0.9051389;;
33.489;-1.925116;-0.9051389;;
33.517;-1.932733;-0.901522;;
33.518;-1.932733;-0.901522;;
33.521;-1.932733;-0.901522;;
33.522;-1.932733;-0.901522;;
33.522;-1.932733;-0.901522;;
33.523;-1.932733;-0.901522;;
33.523;-1.932733;-0.901522;;
33.551;-1.953651;-0.8911766;;
33.552;-1.953796;-0.8911048;;
33.553;-1.953819;-0.8910938;;
33.555;-1.953832;-0.8910871;;
33.557;-1.953839;-0.8910835;;
33.585;-1.972917;-0.8811068;;
33.586;-1.972917;-0.8811068;;
33.587;-1.972917;-0.8811068;;
33.589;-1.976843;-0.8789846;;
33.59;-1.977648;-0.8785495;;
33.591;-1.978022;-0.8783475;;
33.592;-1.978075;-0.8783187;;
33.592;-1.978085;-0.8783138;;
33.619;-1.983323;-0.875442;;
33.62;-1.987284;-0.8732406;;
33.62;-1.987592;-0.8730689;;
33.622;-1.987175;-0.8733011;;
33.624;-1.987996;-0.8728446;;
33.651;-2.003776;-0.8638291;;
33.654;-2.00412;-0.8636324;;
33.656;-2.005455;-0.862852;;
33.657;-2.005788;-0.8626575;;
33.658;-2.006032;-0.8625145;;
33.687;-2.013676;-0.8579836;;
33.688;-2.013722;-0.8579568;;
33.69;-2.013739;-0.8579466;;
33.693;-2.013741;-0.8579451;;
33.695;-2.013742;-0.8579444;;
33.696;-2.013743;-0.8579443;;
33.696;-2.013743;-0.8579443;;
33.698;-2.013743;-0.8579442;;
33.72;-2.032529;-0.846412;;
33.721;-2.032529;-0.846412;;
33.722;-2.032529;-0.846412;;
33.724;-2.032529;-0.846412;;
33.7380685;;;-0.147076235286725;-0.0250549624172837
33.482;-1.925116;-0.9051389;;
33.483;-1.925116;-0.9051389;;
33.486;-1.925116;-0.9051389;;
33.487;-1.925116;-0.9051389;;
33.488;-1.925116;-0.9051389;;
33.489;-1.925116;-0.9051389;;
33.517;-1.932733;-0.901522;;
33.518;-1.932733;-0.901522;;
33.521;-1.932733;-0.901522;;
33.522;-1.932733;-0.901522;;
33.522;-1.932733;-0.901522;;
33.523;-1.932733;-0.901522;;
33.523;-1.932733;-0.901522;;
33.551;-1.953651;-0.8911766;;
33.552;-1.953796;-0.8911048;;
33.553;-1.953819;-0.8910938;;
33.555;-1.953832;-0.8910871;;
33.557;-1.953839;-0.8910835;;
33.585;-1.972917;-0.8811068;;
33.586;-1.972917;-0.8811068;;
33.587;-1.972917;-0.8811068;;
33.589;-1.976843;-0.8789846;;
33.59;-1.977648;-0.8785495;;
33.591;-1.978022;-0.8783475;;
33.592;-1.978075;-0.8783187;;
33.592;-1.978085;-0.8783138;;
33.619;-1.983323;-0.875442;;
33.62;-1.987284;-0.8732406;;
33.62;-1.987592;-0.8730689;;
33.622;-1.987175;-0.8733011;;
33.624;-1.987996;-0.8728446;;
33.651;-2.003776;-0.8638291;;
33.654;-2.00412;-0.8636324;;
33.656;-2.005455;-0.862852;;
33.657;-2.005788;-0.8626575;;
33.658;-2.006032;-0.8625145;;
33.687;-2.013676;-0.8579836;;
33.688;-2.013722;-0.8579568;;
33.69;-2.013739;-0.8579466;;
33.693;-2.013741;-0.8579451;;
33.695;-2.013742;-0.8579444;;
33.696;-2.013743;-0.8579443;;
33.696;-2.013743;-0.8579443;;
33.698;-2.013743;-0.8579442;;
33.72;-2.032529;-0.846412;;
33.721;-2.032529;-0.846412;;
33.722;-2.032529;-0.846412;;
33.724;-2.032529;-0.846412;;
33.754;-2.040296;-0.8414751;;
33.755;-2.040296;-0.8414751;;
33.756;-2.040296;-0.8414751;;
33.758;-2.048932;-0.8358588;;
33.76;-2.049948;-0.8351974;;
33.76;-2.05003;-0.8351441;;
33.761;-2.050072;-0.835117;;
33.762;-2.050084;-0.8351094;;
33.7676606;;;-0.474558077524074;-0.0640190767464761
33.517;-1.932733;-0.901522;;
33.518;-1.932733;-0.901522;;
33.521;-1.932733;-0.901522;;
33.522;-1.932733;-0.901522;;
33.522;-1.932733;-0.901522;;
33.523;-1.932733;-0.901522;;
33.523;-1.932733;-0.901522;;
33.551;-1.953651;-0.8911766;;
33.552;-1.953796;-0.8911048;;
33.553;-1.953819;-0.8910938;;
33.555;-1.953832;-0.8910871;;
33.557;-1.953839;-0.8910835;;
33.585;-1.972917;-0.8811068;;
33.586;-1.972917;-0.8811068;;
33.587;-1.972917;-0.8811068;;
33.589;-1.976843;-0.8789846;;
33.59;-1.977648;-0.8785495;;
33.591;-1.978022;-0.8783475;;
33.592;-1.978075;-0.8783187;;
33.592;-1.978085;-0.8783138;;
33.619;-1.983323;-0.875442;;
33.62;-1.987284;-0.8732406;;
33.62;-1.987592;-0.8730689;;
33.622;-1.987175;-0.8733011;;
33.624;-1.987996;-0.8728446;;
33.651;-2.003776;-0.8638291;;
33.654;-2.00412;-0.8636324;;
33.656;-2.005455;-0.862852;;
33.657;-2.005788;-0.8626575;;
33.658;-2.006032;-0.8625145;;
33.687;-2.013676;-0.8579836;;
33.688;-2.013722;-0.8579568;;
33.69;-2.013739;-0.8579466;;
33.693;-2.013741;-0.8579451;;
33.695;-2.013742;-0.8579444;;
33.696;-2.013743;-0.8579443;;
33.696;-2.013743;-0.8579443;;
33.698;-2.013743;-0.8579442;;
33.72;-2.032529;-0.846412;;
33.721;-2.032529;-0.846412;;
33.722;-2.032529;-0.846412;;
33.724;-2.032529;-0.846412;;
33.754;-2.040296;-0.8414751;;
33.755;-2.040296;-0.8414751;;
33.756;-2.040296;-0.8414751;;
33.758;-2.048932;-0.8358588;;
33.76;-2.049948;-0.8351974;;
33.76;-2.05003;-0.8351441;;
33.761;-2.050072;-0.835117;;
33.762;-2.050084;-0.8351094;;
33.789;-2.062952;-0.8264896;;
33.79;-2.062952;-0.8264896;;
33.792;-2.069094;-0.8222611;;
33.794;-2.071099;-0.8208811;;
33.794;-2.071099;-0.8208811;;
33.81261;;;-0.792485949016478;-0.129473465200605
33.551;-1.953651;-0.8911766;;
33.552;-1.953796;-0.8911048;;
33.553;-1.953819;-0.8910938;;
33.555;-1.953832;-0.8910871;;
33.557;-1.953839;-0.8910835;;
33.585;-1.972917;-0.8811068;;
33.586;-1.972917;-0.8811068;;
33.587;-1.972917;-0.8811068;;
33.589;-1.976843;-0.8789846;;
33.59;-1.977648;-0.8785495;;
33.591;-1.978022;-0.8783475;;
33.592;-1.978075;-0.8783187;;
33.592;-1.978085;-0.8783138;;
33.619;-1.983323;-0.875442;;
33.62;-1.987284;-0.8732406;;
33.62;-1.987592;-0.8730689;;
33.622;-1.987175;-0.8733011;;
33.624;-1.987996;-0.8728446;;
33.651;-2.003776;-0.8638291;;
33.654;-2.00412;-0.8636324;;
33.656;-2.005455;-0.862852;;
33.657;-2.005788;-0.8626575;;
33.658;-2.006032;-0.8625145;;
33.687;-2.013676;-0.8579836;;
33.688;-2.013722;-0.8579568;;
33.69;-2.013739;-0.8579466;;
33.693;-2.013741;-0.8579451;;
33.695;-2.013742;-0.8579444;;
33.696;-2.013743;-0.8579443;;
33.696;-2.013743;-0.8579443;;
33.698;-2.013743;-0.8579442;;
33.72;-2.032529;-0.846412;;
33.721;-2.032529;-0.846412;;
33.722;-2.032529;-0.846412;;
33.724;-2.032529;-0.846412;;
33.754;-2.040296;-0.8414751;;
33.755;-2.040296;-0.8414751;;
33.756;-2.040296;-0.8414751;;
33.758;-2.048932;-0.8358588;;
33.76;-2.049948;-0.8351974;;
33.76;-2.05003;-0.8351441;;
33.761;-2.050072;-0.835117;;
33.762;-2.050084;-0.8351094;;
33.789;-2.062952;-0.8264896;;
33.79;-2.062952;-0.8264896;;
33.792;-2.069094;-0.8222611;;
33.794;-2.071099;-0.8208811;;
33.794;-2.071099;-0.8208811;;
33.823;-2.077384;-0.8164725;;
33.824;-2.077426;-0.8164426;;
33.826;-2.077435;-0.8164362;;
33.827;-2.077437;-0.8164349;;
33.828;-2.077438;-0.8164344;;
33.829;-2.077438;-0.8164343;;
33.83;-2.077438;-0.8164343;;
33.834673;;;-0.93704087082645;-0.200487658339734
33.592;-1.978075;-0.8783187;;
33.592;-1.978085;-0.8783138;;
33.619;-1.983323;-0.875442;;
33.62;-1.987284;-0.8732406;;
33.62;-1.987592;-0.8730689;;
33.622;-1.987175;-0.8733011;;
33.624;-1.987996;-0.8728446;;
33.651;-2.003776;-0.8638291;;
33.654;-2.00412;-0.8636324;;
33.656;-2.005455;-0.862852;;
33.657;-2.005788;-0.8626575;;
33.658;-2.006032;-0.8625145;;
33.687;-2.013676;-0.8579836;;
33.688;-2.013722;-0.8579568;;
33.69;-2.013739;-0.8579466;;
33.693;-2.013741;-0.8579451;;
33.695;-2.013742;-0.8579444;;
33.696;-2.013743;-0.8579443;;
33.696;-2.013743;-0.8579443;;
33.698;-2.013743;-0.8579442;;
33.72;-2.032529;-0.846412;;
33.721;-2.032529;-0.846412;;
33.722;-2.032529;-0.846412;;
33.724;-2.032529;-0.846412;;
33.754;-2.040296;-0.8414751;;
33.755;-2.040296;-0.8414751;;
33.756;-2.040296;-0.8414751;;
33.758;-2.048932;-0.8358588;;
33.76;-2.049948;-0.8351974;;
33.76;-2.05003;-0.8351441;;
33.761;-2.050072;-0.835117;;
33.762;-2.050084;-0.8351094;;
33.789;-2.062952;-0.8264896;;
33.79;-2.062952;-0.8264896;;
33.792;-2.069094;-0.8222611;;
33.794;-2.071099;-0.8208811;;
33.794;-2.071099;-0.8208811;;
33.823;-2.077384;-0.8164725;;
33.824;-2.077426;-0.8164426;;
33.826;-2.077435;-0.8164362;;
33.827;-2.077437;-0.8164349;;
33.828;-2.077438;-0.8164344;;
33.829;-2.077438;-0.8164343;;
33.83;-2.077438;-0.8164343;;
33.856;-2.09145;-0.8063398;;
33.858;-2.097111;-0.8021463;;
33.86;-2.098668;-0.8009933;;
33.86;-2.0989;-0.8008211;;
33.861;-2.099103;-0.8006711;;
33.862;-2.099225;-0.8005803;;
33.891;-2.105663;-0.7957208;;
33.8912406;;;-0.963006238848747;-0.274041964557776
33.619;-1.983323;-0.875442;;
33.62;-1.987284;-0.8732406;;
33.62;-1.987592;-0.8730689;;
33.622;-1.987175;-0.8733011;;
33.624;-1.987996;-0.8728446;;
33.651;-2.003776;-0.8638291;;
33.654;-2.00412;-0.8636324;;
33.656;-2.005455;-0.862852;;
33.657;-2.005788;-0.8626575;;
33.658;-2.006032;-0.8625145;;
33.687;-2.013676;-0.8579836;;
33.688;-2.013722;-0.8579568;;
33.69;-2.013739;-0.8579466;;
33.693;-2.013741;-0.8579451;;
33.695;-2.013742;-0.8579444;;
33.696;-2.013743;-0.8579443;;
33.696;-2.013743;-0.8579443;;
33.698;-2.013743;-0.8579442;;
33.72;-2.032529;-0.846412;;
33.721;-2.032529;-0.846412;;
33.722;-2.032529;-0.846412;;
33.724;-2.032529;-0.846412;;
33.754;-2.040296;-0.8414751;;
33.755;-2.040296;-0.8414751;;
33.756;-2.040296;-0.8414751;;
33.758;-2.048932;-0.8358588;;
33.76;-2.049948;-0.8351974;;
33.76;-2.05003;-0.8351441;;
33.761;-2.050072;-0.835117;;
33.762;-2.050084;-0.8351094;;
33.789;-2.062952;-0.8264896;;
33.79;-2.062952;-0.8264896;;
33.792;-2.069094;-0.8222611;;
33.794;-2.071099;-0.8208811;;
33.794;-2.071099;-0.8208811;;
33.823;-2.077384;-0.8164725;;
33.824;-2.077426;-0.8164426;;
33.826;-2.077435;-0.8164362;;
33.827;-2.077437;-0.8164349;;
33.828;-2.077438;-0.8164344;;
33.829;-2.077438;-0.8164343;;
33.83;-2.077438;-0.8164343;;
33.856;-2.09145;-0.8063398;;
33.858;-2.097111;-0.8021463;;
33.86;-2.098668;-0.8009933;;
33.86;-2.0989;-0.8008211;;
33.861;-2.099103;-0.8006711;;
33.862;-2.099225;-0.8005803;;
33.891;-2.105663;-0.7957208;;
33.892;-2.109362;-0.7928885;;
33.894;-2.109987;-0.7924104;;
33.896;-2.110212;-0.7922379;;
33.897;-2.11026;-0.7922008;;
33.898;-2.110289;-0.7921786;;
33.911796;;;-0.919609908354416;-0.343989444022317
33.687;-2.013676;-0.8579836;;
33.688;-2.013722;-0.8579568;;
33.69;-2.013739;-0.8579466;;
33.693;-2.013741;-0.8579451;;
33.695;-2.013742;-0.8579444;;
33.696;-2.013743;-0.8579443;;
33.696;-2.013743;-0.8579443;;
33.698;-2.013743;-0.8579442;;
33.72;-2.032529;-0.846412;;
33.721;-2.032529;-0.846412;;
33.722;-2.032529;-0.846412;;
33.724;-2.032529;-0.846412;;
33.754;-2.040296;-0.8414751;;
33.755;-2.040296;-0.8414751;;
33.756;-2.040296;-0.8414751;;
33.758;-2.048932;-0.8358588;;
33.76;-2.049948;-0.8351974;;
33.76;-2.05003;-0.8351441;;
33.761;-2.050072;-0.835117;;
33.762;-2.050084;-0.8351094;;
33.789;-2.062952;-0.8264896;;
33.79;-2.062952;-0.8264896;;
33.792;-2.069094;-0.8222611;;
33.794;-2.071099;-0.8208811;;
33.794;-2.071099;-0.8208811;;
33.823;-2.077384;-0.8164725;;
33.824;-2.077426;-0.8164426;;
33.826;-2.077435;-0.8164362;;
33.827;-2.077437;-0.8164349;;
33.828;-2.077438;-0.8164344;;
33.829;-2.077438;-0.8164343;;
33.83;-2.077438;-0.8164343;;
33.856;-2.09145;-0.8063398;;
33.858;-2.097111;-0.8021463;;
33.86;-2.098668;-0.8009933;;
33.86;-2.0989;-0.8008211;;
33.861;-2.099103;-0.8006711;;
33.862;-2.099225;-0.8005803;;
33.891;-2.105663;-0.7957208;;
33.892;-2.109362;-0.7928885;;
33.894;-2.109987;-0.7924104;;
33.896;-2.110212;-0.7922379;;
33.897;-2.11026;-0.7922008;;
33.898;-2.110289;-0.7921786;;
33.924;-2.115112;-0.7884394;;
33.926;-2.115154;-0.7884073;;
33.933;-2.115158;-0.7884036;;
33.934;-2.115159;-0.7884035;;
33.935;-2.123636;-0.7817148;;
33.936;-2.123636;-0.7817148;;
33.958;-2.134488;-0.7729316;;
33.959;-2.134609;-0.7728334;;
33.9612035;;;-0.0880941792146325;-0.377990464735277
33.687;-2.013676;-0.8579836;;
33.688;-2.013722;-0.8579568;;
33.69;-2.013739;-0.8579466;;
33.693;-2.013741;-0.8579451;;
33.695;-2.013742;-0.8579444;;
33.696;-2.013743;-0.8579443;;
33.696;-2.013743;-0.8579443;;
33.698;-2.013743;-0.8579442;;
33.72;-2.032529;-0.846412;;
33.721;-2.032529;-0.846412;;
33.722;-2.032529;-0.846412;;
33.724;-2.032529;-0.846412;;
33.754;-2.040296;-0.8414751;;
33.755;-2.040296;-0.8414751;;
33.756;-2.040296;-0.8414751;;
33.758;-2.048932;-0.8358588;;
33.76;-2.049948;-0.8351974;;
33.76;-2.05003;-0.8351441;;
33.761;-2.050072;-0.835117;;
33.762;-2.050084;-0.8351094;;
33.789;-2.062952;-0.8264896;;
33.79;-2.062952;-0.8264896;;
33.792;-2.069094;-0.8222611;;
33.794;-2.071099;-0.8208811;;
33.794;-2.071099;-0.8208811;;
33.823;-2.077384;-0.8164725;;
33.824;-2.077426;-0.8164426;;
33.826;-2.077435;-0.8164362;;
33.827;-2.077437;-0.8164349;;
33.828;-2.077438;-0.8164344;;
33.829;-2.077438;-0.8164343;;
33.83;-2.077438;-0.8164343;;
33.856;-2.09145;-0.8063398;;
33.858;-2.097111;-0.8021463;;
33.86;-2.098668;-0.8009933;;
33.86;-2.0989;-0.8008211;;
33.861;-2.099103;-0.8006711;;
33.862;-2.099225;-0.8005803;;
33.891;-2.105663;-0.7957208;;
33.892;-2.109362;-0.7928885;;
33.894;-2.109987;-0.7924104;;
33.896;-2.110212;-0.7922379;;
33.897;-2.11026;-0.7922008;;
33.898;-2.110289;-0.7921786;;
33.924;-2.115112;-0.7884394;;
33.926;-2.115154;-0.7884073;;
33.933;-2.115158;-0.7884036;;
33.934;-2.115159;-0.7884035;;
33.935;-2.123636;-0.7817148;;
33.936;-2.123636;-0.7817148;;
33.958;-2.134488;-0.7729316;;
33.959;-2.134609;-0.7728334;;
33.962;-2.137741;-0.770251;;
33.963;-2.137138;-0.7707479;;
33.965;-2.137614;-0.7703552;;
33.965;-2.137697;-0.7702875;;
33.9830363;;;0.206575213594839;-0.394984563033593
33.754;-2.040296;-0.8414751;;
33.755;-2.040296;-0.8414751;;
33.756;-2.040296;-0.8414751;;
33.758;-2.048932;-0.8358588;;
33.76;-2.049948;-0.8351974;;
33.76;-2.05003;-0.8351441;;
33.761;-2.050072;-0.835117;;
33.762;-2.050084;-0.8351094;;
33.789;-2.062952;-0.8264896;;
33.79;-2.062952;-0.8264896;;
33.792;-2.069094;-0.8222611;;
33.794;-2.071099;-0.8208811;;
33.794;-2.071099;-0.8208811;;
33.823;-2.077384;-0.8164725;;
33.824;-2.077426;-0.8164426;;
33.826;-2.077435;-0.8164362;;
33.827;-2.077437;-0.8164349;;
33.828;-2.077438;-0.8164344;;
33.829;-2.077438;-0.8164343;;
33.83;-2.077438;-0.8164343;;
33.856;-2.09145;-0.8063398;;
33.858;-2.097111;-0.8021463;;
33.86;-2.098668;-0.8009933;;
33.86;-2.0989;-0.8008211;;
33.861;-2.099103;-0.8006711;;
33.862;-2.099225;-0.8005803;;
33.891;-2.105663;-0.7957208;;
33.892;-2.109362;-0.7928885;;
33.894;-2.109987;-0.7924104;;
33.896;-2.110212;-0.7922379;;
33.897;-2.11026;-0.7922008;;
33.898;-2.110289;-0.7921786;;
33.924;-2.115112;-0.7884394;;
33.926;-2.115154;-0.7884073;;
33.933;-2.115158;-0.7884036;;
33.934;-2.115159;-0.7884035;;
33.935;-2.123636;-0.7817148;;
33.936;-2.123636;-0.7817148;;
33.958;-2.134488;-0.7729316;;
33.959;-2.134609;-0.7728334;;
33.962;-2.137741;-0.770251;;
33.963;-2.137138;-0.7707479;;
33.965;-2.137614;-0.7703552;;
33.965;-2.137697;-0.7702875;;
33.993;-2.143548;-0.7654051;;
33.994;-2.143584;-0.7653757;;
33.996;-2.143596;-0.7653652;;
33.996;-2.143599;-0.7653633;;
34.027;-2.152295;-0.7579647;;
34.0286669;;;0.72097700282855;-0.383544223361495
33.754;-2.040296;-0.8414751;;
33.755;-2.040296;-0.8414751;;
33.756;-2.040296;-0.8414751;;
33.758;-2.048932;-0.8358588;;
33.76;-2.049948;-0.8351974;;
33.76;-2.05003;-0.8351441;;
33.761;-2.050072;-0.835117;;
33.762;-2.050084;-0.8351094;;
33.789;-2.062952;-0.8264896;;
33.79;-2.062952;-0.8264896;;
33.792;-2.069094;-0.8222611;;
33.794;-2.071099;-0.8208811;;
33.794;-2.071099;-0.8208811;;
33.823;-2.077384;-0.8164725;;
33.824;-2.077426;-0.8164426;;
33.826;-2.077435;-0.8164362;;
33.827;-2.077437;-0.8164349;;
33.828;-2.077438;-0.8164344;;
33.829;-2.077438;-0.8164343;;
33.83;-2.077438;-0.8164343;;
33.856;-2.09145;-0.8063398;;
33.858;-2.097111;-0.8021463;;
33.86;-2.098668;-0.8009933;;
33.86;-2.0989;-0.8008211;;
33.861;-2.099103;-0.8006711;;
33.862;-2.099225;-0.8005803;;
33.891;-2.105663;-0.7957208;;
33.892;-2.109362;-0.7928885;;
33.894;-2.109987;-0.7924104;;
33.896;-2.110212;-0.7922379;;
33.897;-2.11026;-0.7922008;;
33.898;-2.110289;-0.7921786;;
33.924;-2.115112;-0.7884394;;
33.926;-2.115154;-0.7884073;;
33.933;-2.115158;-0.7884036;;
33.934;-2.115159;-0.7884035;;
33.935;-2.123636;-0.7817148;;
33.936;-2.123636;-0.7817148;;
33.958;-2.134488;-0.7729316;;
33.959;-2.134609;-0.7728334;;
33.962;-2.137741;-0.770251;;
33.963;-2.137138;-0.7707479;;
33.965;-2.137614;-0.7703552;;
33.965;-2.137697;-0.7702875;;
33.993;-2.143548;-0.7654051;;
33.994;-2.143584;-0.7653757;;
33.996;-2.143596;-0.7653652;;
33.996;-2.143599;-0.7653633;;
34.027;-2.152295;-0.7579647;;
34.029;-2.159364;-0.751806;;
34.031;-2.160504;-0.7508128;;
34.033;-2.160455;-0.7508556;;
34.034;-2.161028;-0.7503566;;
34.034;-2.161197;-0.7502097;;
34.036;-2.161457;-0.7499832;;
34.0472159;;;0.805554691056497;-0.35736551835883
33.789;-2.062952;-0.8264896;;
33.79;-2.062952;-0.8264896;;
33.792;-2.069094;-0.8222611;;
33.794;-2.071099;-0.8208811;;
33.794;-2.071099;-0.8208811;;
33.823;-2.077384;-0.8164725;;
33.824;-2.077426;-0.8164426;;
33.826;-2.077435;-0.8164362;;
33.827;-2.077437;-0.8164349;;
33.828;-2.077438;-0.8164344;;
33.829;-2.077438;-0.8164343;;
33.83;-2.077438;-0.8164343;;
33.856;-2.09145;-0.8063398;;
33.858;-2.097111;-0.8021463;;
33.86;-2.098668;-0.8009933;;
33.86;-2.0989;-0.8008211;;
33.861;-2.099103;-0.8006711;;
33.862;-2.099225;-0.8005803;;
33.891;-2.105663;-0.7957208;;
33.892;-2.109362;-0.7928885;;
33.894;-2.109987;-0.7924104;;
33.896;-2.110212;-0.7922379;;
33.897;-2.11026;-0.7922008;;
33.898;-2.110289;-0.7921786;;
33.924;-2.115112;-0.7884394;;
33.926;-2.115154;-0.7884073;;
33.933;-2.115158;-0.7884036;;
33.934;-2.115159;-0.7884035;;
33.935;-2.123636;-0.7817148;;
33.936;-2.123636;-0.7817148;;
33.958;-2.134488;-0.7729316;;
33.959;-2.134609;-0.7728334;;
33.962;-2.137741;-0.770251;;
33.963;-2.137138;-0.7707479;;
33.965;-2.137614;-0.7703552;;
33.965;-2.137697;-0.7702875;;
33.993;-2.143548;-0.7654051;;
33.994;-2.143584;-0.7653757;;
33.996;-2.143596;-0.7653652;;
33.996;-2.143599;-0.7653633;;
34.027;-2.152295;-0.7579647;;
34.029;-2.159364;-0.751806;;
34.031;-2.160504;-0.7508128;;
34.033;-2.160455;-0.7508556;;
34.034;-2.161028;-0.7503566;;
34.034;-2.161197;-0.7502097;;
34.036;-2.161457;-0.7499832;;
34.061;-2.17005;-0.7423151;;
34.063;-2.170114;-0.7422577;;
34.065;-2.170131;-0.7422428;;
34.066;-2.170134;-0.74224;;
34.067;-2.170135;-0.7422394;;
34.067;-2.170135;-0.7422392;;
34.0950631;;;0.911649815879009;-0.322778880497623
33.823;-2.077384;-0.8164725;;
33.824;-2.077426;-0.8164426;;
33.826;-2.077435;-0.8164362;;
33.827;-2.077437;-0.8164349;;
33.828;-2.077438;-0.8164344;;
33.829;-2.077438;-0.8164343;;
33.83;-2.077438;-0.8164343;;
33.856;-2.09145;-0.8063398;;
33.858;-2.097111;-0.8021463;;
33.86;-2.098668;-0.8009933;;
33.86;-2.0989;-0.8008211;;
33.861;-2.099103;-0.8006711;;
33.862;-2.099225;-0.8005803;;
33.891;-2.105663;-0.7957208;;
33.892;-2.109362;-0.7928885;;
33.894;-2.109987;-0.7924104;;
33.896;-2.110212;-0.7922379;;
33.897;-2.11026;-0.7922008;;
33.898;-2.110289;-0.7921786;;
33.924;-2.115112;-0.7884394;;
33.926;-2.115154;-0.7884073;;
33.933;-2.115158;-0.7884036;;
33.934;-2.115159;-0.7884035;;
33.935;-2.123636;-0.7817148;;
33.936;-2.123636;-0.7817148;;
33.958;-2.134488;-0.7729316;;
33.959;-2.134609;-0.7728334;;
33.962;-2.137741;-0.770251;;
33.963;-2.137138;-0.7707479;;
33.965;-2.137614;-0.7703552;;
33.965;-2.137697;-0.7702875;;
33.993;-2.143548;-0.7654051;;
33.994;-2.143584;-0.7653757;;
33.996;-2.143596;-0.7653652;;
33.996;-2.143599;-0.7653633;;
34.027;-2.152295;-0.7579647;;
34.029;-2.159364;-0.751806;;
34.031;-2.160504;-0.7508128;;
34.033;-2.160455;-0.7508556;;
34.034;-2.161028;-0.7503566;;
34.034;-2.161197;-0.7502097;;
34.036;-2.161457;-0.7499832;;
34.061;-2.17005;-0.7423151;;
34.063;-2.170114;-0.7422577;;
34.065;-2.170131;-0.7422428;;
34.066;-2.170134;-0.74224;;
34.067;-2.170135;-0.7422394;;
34.067;-2.170135;-0.7422392;;
34.097;-2.189846;-0.7239479;;
34.1;-2.189876;-0.7239197;;
34.102;-2.190121;-0.7236924;;
34.103;-2.190171;-0.7236463;;
34.104;-2.190178;-0.7236397;;
34.105;-2.19018;-0.7236377;;
34.1176233;;;0.859705365823799;-0.290059384793914
33.856;-2.09145;-0.8063398;;
33.858;-2.097111;-0.8021463;;
33.86;-2.098668;-0.8009933;;
33.86;-2.0989;-0.8008211;;
33.861;-2.099103;-0.8006711;;
33.862;-2.099225;-0.8005803;;
33.891;-2.105663;-0.7957208;;
33.892;-2.109362;-0.7928885;;
33.894;-2.109987;-0.7924104;;
33.896;-2.110212;-0.7922379;;
33.897;-2.11026;-0.7922008;;
33.898;-2.110289;-0.7921786;;
33.924;-2.115112;-0.7884394;;
33.926;-2.115154;-0.7884073;;
33.933;-2.115158;-0.7884036;;
33.934;-2.115159;-0.7884035;;
33.935;-2.123636;-0.7817148;;
33.936;-2.123636;-0.7817148;;
33.958;-2.134488;-0.7729316;;
33.959;-2.134609;-0.7728334;;
33.962;-2.137741;-0.770251;;
33.963;-2.137138;-0.7707479;;
33.965;-2.137614;-0.7703552;;
33.965;-2.137697;-0.7702875;;
33.993;-2.143548;-0.7654051;;
33.994;-2.143584;-0.7653757;;
33.996;-2.143596;-0.7653652;;
33.996;-2.143599;-0.7653633;;
34.027;-2.152295;-0.7579647;;
34.029;-2.159364;-0.751806;;
34.031;-2.160504;-0.7508128;;
34.033;-2.160455;-0.7508556;;
34.034;-2.161028;-0.7503566;;
34.034;-2.161197;-0.7502097;;
34.036;-2.161457;-0.7499832;;
34.061;-2.17005;-0.7423151;;
34.063;-2.170114;-0.7422577;;
34.065;-2.170131;-0.7422428;;
34.066;-2.170134;-0.74224;;
34.067;-2.170135;-0.7422394;;
34.067;-2.170135;-0.7422392;;
34.097;-2.189846;-0.7239479;;
34.1;-2.189876;-0.7239197;;
34.102;-2.190121;-0.7236924;;
34.103;-2.190171;-0.7236463;;
34.104;-2.190178;-0.7236397;;
34.105;-2.19018;-0.7236377;;
34.13;-2.195644;-0.7183871;;
34.132;-2.195644;-0.7183871;;
34.134;-2.195644;-0.7183871;;
34.135;-2.195644;-0.7183871;;
34.136;-2.195644;-0.7183871;;
34.136;-2.195644;-0.7183871;;
34.1617455;;;0.718528151483992;-0.261743753696638
33.891;-2.105663;-0.7957208;;
33.892;-2.109362;-0.7928885;;
33.894;-2.109987;-0.7924104;;
33.896;-2.110212;-0.7922379;;
33.897;-2.11026;-0.7922008;;
33.898;-2.110289;-0.7921786;;
33.924;-2.115112;-0.7884394;;
33.926;-2.115154;-0.7884073;;
33.933;-2.115158;-0.7884036;;
33.934;-2.115159;-0.7884035;;
33.935;-2.123636;-0.7817148;;
33.936;-2.123636;-0.7817148;;
33.958;-2.134488;-0.7729316;;
33.959;-2.134609;-0.7728334;;
33.962;-2.137741;-0.770251;;
33.963;-2.137138;-0.7707479;;
33.965;-2.137614;-0.7703552;;
33.965;-2.137697;-0.7702875;;
33.993;-2.143548;-0.7654051;;
33.994;-2.143584;-0.7653757;;
33.996;-2.143596;-0.7653652;;
33.996;-2.143599;-0.7653633;;
34.027;-2.152295;-0.7579647;;
34.029;-2.159364;-0.751806;;
34.031;-2.160504;-0.7508128;;
34.033;-2.160455;-0.7508556;;
34.034;-2.161028;-0.7503566;;
34.034;-2.161197;-0.7502097;;
34.036;-2.161457;-0.7499832;;
34.061;-2.17005;-0.7423151;;
34.063;-2.170114;-0.7422577;;
34.065;-2.170131;-0.7422428;;
34.066;-2.170134;-0.74224;;
34.067;-2.170135;-0.7422394;;
34.067;-2.170135;-0.7422392;;
34.097;-2.189846;-0.7239479;;
34.1;-2.189876;-0.7239197;;
34.102;-2.190121;-0.7236924;;
34.103;-2.190171;-0.7236463;;
34.104;-2.190178;-0.7236397;;
34.105;-2.19018;-0.7236377;;
34.13;-2.195644;-0.7183871;;
34.132;-2.195644;-0.7183871;;
34.134;-2.195644;-0.7183871;;
34.135;-2.195644;-0.7183871;;
34.136;-2.195644;-0.7183871;;
34.136;-2.195644;-0.7183871;;
34.165;-2.212214;-0.701959;;
34.166;-2.212289;-0.7018847;;
34.169;-2.212341;-0.701833;;
34.171;-2.212356;-0.7018182;;
34.171;-2.212357;-0.701817;;
34.172;-2.212358;-0.7018162;;
34.1921643;;;0.415546560203147;-0.245081260725548
33.924;-2.115112;-0.7884394;;
33.926;-2.115154;-0.7884073;;
33.933;-2.115158;-0.7884036;;
33.934;-2.115159;-0.7884035;;
33.935;-2.123636;-0.7817148;;
33.936;-2.123636;-0.7817148;;
33.958;-2.134488;-0.7729316;;
33.959;-2.134609;-0.7728334;;
33.962;-2.137741;-0.770251;;
33.963;-2.137138;-0.7707479;;
33.965;-2.137614;-0.7703552;;
33.965;-2.137697;-0.7702875;;
33.993;-2.143548;-0.7654051;;
33.994;-2.143584;-0.7653757;;
33.996;-2.143596;-0.7653652;;
33.996;-2.143599;-0.7653633;;
34.027;-2.152295;-0.7579647;;
34.029;-2.159364;-0.751806;;
34.031;-2.160504;-0.7508128;;
34.033;-2.160455;-0.7508556;;
34.034;-2.161028;-0.7503566;;
34.034;-2.161197;-0.7502097;;
34.036;-2.161457;-0.7499832;;
34.061;-2.17005;-0.7423151;;
34.063;-2.170114;-0.7422577;;
34.065;-2.170131;-0.7422428;;
34.066;-2.170134;-0.74224;;
34.067;-2.170135;-0.7422394;;
34.067;-2.170135;-0.7422392;;
34.097;-2.189846;-0.7239479;;
34.1;-2.189876;-0.7239197;;
34.102;-2.190121;-0.7236924;;
34.103;-2.190171;-0.7236463;;
34.104;-2.190178;-0.7236397;;
34.105;-2.19018;-0.7236377;;
34.13;-2.195644;-0.7183871;;
34.132;-2.195644;-0.7183871;;
34.134;-2.195644;-0.7183871;;
34.135;-2.195644;-0.7183871;;
34.136;-2.195644;-0.7183871;;
34.136;-2.195644;-0.7183871;;
34.165;-2.212214;-0.701959;;
34.166;-2.212289;-0.7018847;;
34.169;-2.212341;-0.701833;;
34.171;-2.212356;-0.7018182;;
34.171;-2.212357;-0.701817;;
34.172;-2.212358;-0.7018162;;
34.199;-2.227408;-0.6862049;;
34.199;-2.227408;-0.6862049;;
34.207;-2.227408;-0.6862049;;
34.207;-2.227408;-0.6862049;;
34.208;-2.227408;-0.6862049;;
34.209;-2.227408;-0.6862049;;
34.2302672;;;-0.262793508066611;-0.241376598145076
33.936;-2.123636;-0.7817148;;
33.958;-2.134488;-0.7729316;;
33.959;-2.134609;-0.7728334;;
33.962;-2.137741;-0.770251;;
33.963;-2.137138;-0.7707479;;
33.965;-2.137614;-0.7703552;;
33.965;-2.137697;-0.7702875;;
33.993;-2.143548;-0.7654051;;
33.994;-2.143584;-0.7653757;;
33.996;-2.143596;-0.7653652;;
33.996;-2.143599;-0.7653633;;
34.027;-2.152295;-0.7579647;;
34.029;-2.159364;-0.751806;;
34.031;-2.160504;-0.7508128;;
34.033;-2.160455;-0.7508556;;
34.034;-2.161028;-0.7503566;;
34.034;-2.161197;-0.7502097;;
34.036;-2.161457;-0.7499832;;
34.061;-2.17005;-0.7423151;;
34.063;-2.170114;-0.7422577;;
34.065;-2.170131;-0.7422428;;
34.066;-2.170134;-0.74224;;
34.067;-2.170135;-0.7422394;;
34.067;-2.170135;-0.7422392;;
34.097;-2.189846;-0.7239479;;
34.1;-2.189876;-0.7239197;;
34.102;-2.190121;-0.7236924;;
34.103;-2.190171;-0.7236463;;
34.104;-2.190178;-0.7236397;;
34.105;-2.19018;-0.7236377;;
34.13;-2.195644;-0.7183871;;
34.132;-2.195644;-0.7183871;;
34.134;-2.195644;-0.7183871;;
34.135;-2.195644;-0.7183871;;
34.136;-2.195644;-0.7183871;;
34.136;-2.195644;-0.7183871;;
34.165;-2.212214;-0.701959;;
34.166;-2.212289;-0.7018847;;
34.169;-2.212341;-0.701833;;
34.171;-2.212356;-0.7018182;;
34.171;-2.212357;-0.701817;;
34.172;-2.212358;-0.7018162;;
34.199;-2.227408;-0.6862049;;
34.199;-2.227408;-0.6862049;;
34.207;-2.227408;-0.6862049;;
34.207;-2.227408;-0.6862049;;
34.208;-2.227408;-0.6862049;;
34.209;-2.227408;-0.6862049;;
34.234;-2.242045;-0.6703497;;
34.235;-2.241498;-0.6709433;;
34.2618512;;;-0.716818924817434;-0.252150938476058
34.027;-2.152295;-0.7579647;;
34.029;-2.159364;-0.751806;;
34.031;-2.160504;-0.7508128;;
34.033;-2.160455;-0.7508556;;
34.034;-2.161028;-0.7503566;;
34.034;-2.161197;-0.7502097;;
34.036;-2.161457;-0.7499832;;
34.061;-2.17005;-0.7423151;;
34.063;-2.170114;-0.7422577;;
34.065;-2.170131;-0.7422428;;
34.066;-2.170134;-0.74224;;
34.067;-2.170135;-0.7422394;;
34.067;-2.170135;-0.7422392;;
34.097;-2.189846;-0.7239479;;
34.1;-2.189876;-0.7239197;;
34.102;-2.190121;-0.7236924;;
34.103;-2.190171;-0.7236463;;
34.104;-2.190178;-0.7236397;;
34.105;-2.19018;-0.7236377;;
34.13;-2.195644;-0.7183871;;
34.132;-2.195644;-0.7183871;;
34.134;-2.195644;-0.7183871;;
34.135;-2.195644;-0.7183871;;
34.136;-2.195644;-0.7183871;;
34.136;-2.195644;-0.7183871;;
34.165;-2.212214;-0.701959;;
34.166;-2.212289;-0.7018847;;
34.169;-2.212341;-0.701833;;
34.171;-2.212356;-0.7018182;;
34.171;-2.212357;-0.701817;;
34.172;-2.212358;-0.7018162;;
34.199;-2.227408;-0.6862049;;
34.199;-2.227408;-0.6862049;;
34.207;-2.227408;-0.6862049;;
34.207;-2.227408;-0.6862049;;
34.208;-2.227408;-0.6862049;;
34.209;-2.227408;-0.6862049;;
34.234;-2.242045;-0.6703497;;
34.235;-2.241498;-0.6709433;;
34.266;-2.251242;-0.660021;;
34.267;-2.251508;-0.6597226;;
34.268;-2.251549;-0.6596775;;
34.27;-2.251553;-0.6596727;;
34.271;-2.251554;-0.659671;;
34.273;-2.251556;-0.6596696;;
34.3;-2.255779;-0.6548272;;
34.302;-2.255806;-0.6547951;;
34.304;-2.255814;-0.6547863;;
34.306;-2.255816;-0.6547835;;
34.306;-2.255817;-0.6547831;;
34.307;-2.255817;-0.6547831;;
34.3077688;;;-0.9640608295875;-0.255311872784345
34.027;-2.152295;-0.7579647;;
34.029;-2.159364;-0.751806;;
34.031;-2.160504;-0.7508128;;
34.033;-2.160455;-0.7508556;;
34.034;-2.161028;-0.7503566;;
34.034;-2.161197;-0.7502097;;
34.036;-2.161457;-0.7499832;;
34.061;-2.17005;-0.7423151;;
34.063;-2.170114;-0.7422577;;
34.065;-2.170131;-0.7422428;;
34.066;-2.170134;-0.74224;;
34.067;-2.170135;-0.7422394;;
34.067;-2.170135;-0.7422392;;
34.097;-2.189846;-0.7239479;;
34.1;-2.189876;-0.7239197;;
34.102;-2.190121;-0.7236924;;
34.103;-2.190171;-0.7236463;;
34.104;-2.190178;-0.7236397;;
34.105;-2.19018;-0.7236377;;
34.13;-2.195644;-0.7183871;;
34.132;-2.195644;-0.7183871;;
34.134;-2.195644;-0.7183871;;
34.135;-2.195644;-0.7183871;;
34.136;-2.195644;-0.7183871;;
34.136;-2.195644;-0.7183871;;
34.165;-2.212214;-0.701959;;
34.166;-2.212289;-0.7018847;;
34.169;-2.212341;-0.701833;;
34.171;-2.212356;-0.7018182;;
34.171;-2.212357;-0.701817;;
34.172;-2.212358;-0.7018162;;
34.199;-2.227408;-0.6862049;;
34.199;-2.227408;-0.6862049;;
34.207;-2.227408;-0.6862049;;
34.207;-2.227408;-0.6862049;;
34.208;-2.227408;-0.6862049;;
34.209;-2.227408;-0.6862049;;
34.234;-2.242045;-0.6703497;;
34.235;-2.241498;-0.6709433;;
34.266;-2.251242;-0.660021;;
34.267;-2.251508;-0.6597226;;
34.268;-2.251549;-0.6596775;;
34.27;-2.251553;-0.6596727;;
34.271;-2.251554;-0.659671;;
34.273;-2.251556;-0.6596696;;
34.3;-2.255779;-0.6548272;;
34.302;-2.255806;-0.6547951;;
34.304;-2.255814;-0.6547863;;
34.306;-2.255816;-0.6547835;;
34.306;-2.255817;-0.6547831;;
34.307;-2.255817;-0.6547831;;
34.3298269;;;-0.9640608295875;-0.257156217011347
34.097;-2.189846;-0.7239479;;
34.1;-2.189876;-0.7239197;;
34.102;-2.190121;-0.7236924;;
34.103;-2.190171;-0.7236463;;
34.104;-2.190178;-0.7236397;;
34.105;-2.19018;-0.7236377;;
34.13;-2.195644;-0.7183871;;
34.132;-2.195644;-0.7183871;;
34.134;-2.195644;-0.7183871;;
34.135;-2.195644;-0.7183871;;
34.136;-2.195644;-0.7183871;;
34.136;-2.195644;-0.7183871;;
34.165;-2.212214;-0.701959;;
34.166;-2.212289;-0.7018847;;
34.169;-2.212341;-0.701833;;
34.171;-2.212356;-0.7018182;;
34.171;-2.212357;-0.701817;;
34.172;-2.212358;-0.7018162;;
34.199;-2.227408;-0.6862049;;
34.199;-2.227408;-0.6862049;;
34.207;-2.227408;-0.6862049;;
34.207;-2.227408;-0.6862049;;
34.208;-2.227408;-0.6862049;;
34.209;-2.227408;-0.6862049;;
34.234;-2.242045;-0.6703497;;
34.235;-2.241498;-0.6709433;;
34.266;-2.251242;-0.660021;;
34.267;-2.251508;-0.6597226;;
34.268;-2.251549;-0.6596775;;
34.27;-2.251553;-0.6596727;;
34.271;-2.251554;-0.659671;;
34.273;-2.251556;-0.6596696;;
34.3;-2.255779;-0.6548272;;
34.302;-2.255806;-0.6547951;;
34.304;-2.255814;-0.6547863;;
34.306;-2.255816;-0.6547835;;
34.306;-2.255817;-0.6547831;;
34.307;-2.255817;-0.6547831;;
34.334;-2.271088;-0.6367287;;
34.335;-2.271088;-0.6367287;;
34.337;-2.271088;-0.6367287;;
34.339;-2.271088;-0.6367287;;
34.34;-2.271088;-0.6367287;;
34.341;-2.271088;-0.6367287;;
34.368;-2.278394;-0.627775;;
34.369;-2.278446;-0.627711;;
34.37;-2.278457;-0.6276976;;
34.372;-2.278461;-0.6276928;;
34.373;-2.278462;-0.627692;;
34.3745848;;;-0.855094446359815;-0.254492178833362
34.105;-2.19018;-0.7236377;;
34.13;-2.195644;-0.7183871;;
34.132;-2.195644;-0.7183871;;
34.134;-2.195644;-0.7183871;;
34.135;-2.195644;-0.7183871;;
34.136;-2.195644;-0.7183871;;
34.136;-2.195644;-0.7183871;;
34.165;-2.212214;-0.701959;;
34.166;-2.212289;-0.7018847;;
34.169;-2.212341;-0.701833;;
34.171;-2.212356;-0.7018182;;
34.171;-2.212357;-0.701817;;
34.172;-2.212358;-0.7018162;;
34.199;-2.227408;-0.6862049;;
34.199;-2.227408;-0.6862049;;
34.207;-2.227408;-0.6862049;;
34.207;-2.227408;-0.6862049;;
34.208;-2.227408;-0.6862049;;
34.209;-2.227408;-0.6862049;;
34.234;-2.242045;-0.6703497;;
34.235;-2.241498;-0.6709433;;
34.266;-2.251242;-0.660021;;
34.267;-2.251508;-0.6597226;;
34.268;-2.251549;-0.6596775;;
34.27;-2.251553;-0.6596727;;
34.271;-2.251554;-0.659671;;
34.273;-2.251556;-0.6596696;;
34.3;-2.255779;-0.6548272;;
34.302;-2.255806;-0.6547951;;
34.304;-2.255814;-0.6547863;;
34.306;-2.255816;-0.6547835;;
34.306;-2.255817;-0.6547831;;
34.307;-2.255817;-0.6547831;;
34.334;-2.271088;-0.6367287;;
34.335;-2.271088;-0.6367287;;
34.337;-2.271088;-0.6367287;;
34.339;-2.271088;-0.6367287;;
34.34;-2.271088;-0.6367287;;
34.341;-2.271088;-0.6367287;;
34.368;-2.278394;-0.627775;;
34.369;-2.278446;-0.627711;;
34.37;-2.278457;-0.6276976;;
34.372;-2.278461;-0.6276928;;
34.373;-2.278462;-0.627692;;
34.402;-2.292683;-0.6096269;;
34.403;-2.292878;-0.6093787;;
34.404;-2.29292;-0.6093254;;
34.4051734;;;-0.848950971153505;-0.252195703524412
34.165;-2.212214;-0.701959;;
34.166;-2.212289;-0.7018847;;
34.169;-2.212341;-0.701833;;
34.171;-2.212356;-0.7018182;;
34.171;-2.212357;-0.701817;;
34.172;-2.212358;-0.7018162;;
34.199;-2.227408;-0.6862049;;
34.199;-2.227408;-0.6862049;;
34.207;-2.227408;-0.6862049;;
34.207;-2.227408;-0.6862049;;
34.208;-2.227408;-0.6862049;;
34.209;-2.227408;-0.6862049;;
34.234;-2.242045;-0.6703497;;
34.235;-2.241498;-0.6709433;;
34.266;-2.251242;-0.660021;;
34.267;-2.251508;-0.6597226;;
34.268;-2.251549;-0.6596775;;
34.27;-2.251553;-0.6596727;;
34.271;-2.251554;-0.659671;;
34.273;-2.251556;-0.6596696;;
34.3;-2.255779;-0.6548272;;
34.302;-2.255806;-0.6547951;;
34.304;-2.255814;-0.6547863;;
34.306;-2.255816;-0.6547835;;
34.306;-2.255817;-0.6547831;;
34.307;-2.255817;-0.6547831;;
34.334;-2.271088;-0.6367287;;
34.335;-2.271088;-0.6367287;;
34.337;-2.271088;-0.6367287;;
34.339;-2.271088;-0.6367287;;
34.34;-2.271088;-0.6367287;;
34.341;-2.271088;-0.6367287;;
34.368;-2.278394;-0.627775;;
34.369;-2.278446;-0.627711;;
34.37;-2.278457;-0.6276976;;
34.372;-2.278461;-0.6276928;;
34.373;-2.278462;-0.627692;;
34.402;-2.292683;-0.6096269;;
34.403;-2.292878;-0.6093787;;
34.404;-2.29292;-0.6093254;;
34.406;-2.296718;-0.6043316;;
34.408;-2.297691;-0.6030515;;
34.409;-2.298697;-0.601729;;
34.41;-2.298991;-0.6013426;;
34.436;-2.307514;-0.5898488;;
34.437;-2.307514;-0.5898488;;
34.439;-2.308756;-0.5881421;;
34.441;-2.309206;-0.5875244;;
34.444;-2.309335;-0.5873471;;
34.4497944;;;-0.922293170121179;-0.257557077956517
34.199;-2.227408;-0.6862049;;
34.199;-2.227408;-0.6862049;;
34.207;-2.227408;-0.6862049;;
34.207;-2.227408;-0.6862049;;
34.208;-2.227408;-0.6862049;;
34.209;-2.227408;-0.6862049;;
34.234;-2.242045;-0.6703497;;
34.235;-2.241498;-0.6709433;;
34.266;-2.251242;-0.660021;;
34.267;-2.251508;-0.6597226;;
34.268;-2.251549;-0.6596775;;
34.27;-2.251553;-0.6596727;;
34.271;-2.251554;-0.659671;;
34.273;-2.251556;-0.6596696;;
34.3;-2.255779;-0.6548272;;
34.302;-2.255806;-0.6547951;;
34.304;-2.255814;-0.6547863;;
34.306;-2.255816;-0.6547835;;
34.306;-2.255817;-0.6547831;;
34.307;-2.255817;-0.6547831;;
34.334;-2.271088;-0.6367287;;
34.335;-2.271088;-0.6367287;;
34.337;-2.271088;-0.6367287;;
34.339;-2.271088;-0.6367287;;
34.34;-2.271088;-0.6367287;;
34.341;-2.271088;-0.6367287;;
34.368;-2.278394;-0.627775;;
34.369;-2.278446;-0.627711;;
34.37;-2.278457;-0.6276976;;
34.372;-2.278461;-0.6276928;;
34.373;-2.278462;-0.627692;;
34.402;-2.292683;-0.6096269;;
34.403;-2.292878;-0.6093787;;
34.404;-2.29292;-0.6093254;;
34.406;-2.296718;-0.6043316;;
34.408;-2.297691;-0.6030515;;
34.409;-2.298697;-0.601729;;
34.41;-2.298991;-0.6013426;;
34.436;-2.307514;-0.5898488;;
34.437;-2.307514;-0.5898488;;
34.439;-2.308756;-0.5881421;;
34.441;-2.309206;-0.5875244;;
34.444;-2.309335;-0.5873471;;
34.472;-2.31608;-0.5779355;;
34.473;-2.31623;-0.5777264;;
34.4738584;;;-0.938691687311871;-0.263549164588264
34.234;-2.242045;-0.6703497;;
34.235;-2.241498;-0.6709433;;
34.266;-2.251242;-0.660021;;
34.267;-2.251508;-0.6597226;;
34.268;-2.251549;-0.6596775;;
34.27;-2.251553;-0.6596727;;
34.271;-2.251554;-0.659671;;
34.273;-2.251556;-0.6596696;;
34.3;-2.255779;-0.6548272;;
34.302;-2.255806;-0.6547951;;
34.304;-2.255814;-0.6547863;;
34.306;-2.255816;-0.6547835;;
34.306;-2.255817;-0.6547831;;
34.307;-2.255817;-0.6547831;;
34.334;-2.271088;-0.6367287;;
34.335;-2.271088;-0.6367287;;
34.337;-2.271088;-0.6367287;;
34.339;-2.271088;-0.6367287;;
34.34;-2.271088;-0.6367287;;
34.341;-2.271088;-0.6367287;;
34.368;-2.278394;-0.627775;;
34.369;-2.278446;-0.627711;;
34.37;-2.278457;-0.6276976;;
34.372;-2.278461;-0.6276928;;
34.373;-2.278462;-0.627692;;
34.402;-2.292683;-0.6096269;;
34.403;-2.292878;-0.6093787;;
34.404;-2.29292;-0.6093254;;
34.406;-2.296718;-0.6043316;;
34.408;-2.297691;-0.6030515;;
34.409;-2.298697;-0.601729;;
34.41;-2.298991;-0.6013426;;
34.436;-2.307514;-0.5898488;;
34.437;-2.307514;-0.5898488;;
34.439;-2.308756;-0.5881421;;
34.441;-2.309206;-0.5875244;;
34.444;-2.309335;-0.5873471;;
34.472;-2.31608;-0.5779355;;
34.473;-2.31623;-0.5777264;;
34.474;-2.320268;-0.5719612;;
34.475;-2.320233;-0.5720112;;
34.478;-2.321134;-0.5707254;;
34.478;-2.321243;-0.5705689;;
34.479;-2.321656;-0.56998;;
34.48;-2.321932;-0.5695856;;
34.505;-2.32345;-0.5673893;;
34.507;-2.327425;-0.5615495;;
34.509;-2.328912;-0.5593652;;
34.51;-2.329665;-0.5582595;;
34.5167082;;;-0.912282282505103;-0.282650378123173
34.266;-2.251242;-0.660021;;
34.267;-2.251508;-0.6597226;;
34.268;-2.251549;-0.6596775;;
34.27;-2.251553;-0.6596727;;
34.271;-2.251554;-0.659671;;
34.273;-2.251556;-0.6596696;;
34.3;-2.255779;-0.6548272;;
34.302;-2.255806;-0.6547951;;
34.304;-2.255814;-0.6547863;;
34.306;-2.255816;-0.6547835;;
34.306;-2.255817;-0.6547831;;
34.307;-2.255817;-0.6547831;;
34.334;-2.271088;-0.6367287;;
34.335;-2.271088;-0.6367287;;
34.337;-2.271088;-0.6367287;;
34.339;-2.271088;-0.6367287;;
34.34;-2.271088;-0.6367287;;
34.341;-2.271088;-0.6367287;;
34.368;-2.278394;-0.627775;;
34.369;-2.278446;-0.627711;;
34.37;-2.278457;-0.6276976;;
34.372;-2.278461;-0.6276928;;
34.373;-2.278462;-0.627692;;
34.402;-2.292683;-0.6096269;;
34.403;-2.292878;-0.6093787;;
34.404;-2.29292;-0.6093254;;
34.406;-2.296718;-0.6043316;;
34.408;-2.297691;-0.6030515;;
34.409;-2.298697;-0.601729;;
34.41;-2.298991;-0.6013426;;
34.436;-2.307514;-0.5898488;;
34.437;-2.307514;-0.5898488;;
34.439;-2.308756;-0.5881421;;
34.441;-2.309206;-0.5875244;;
34.444;-2.309335;-0.5873471;;
34.472;-2.31608;-0.5779355;;
34.473;-2.31623;-0.5777264;;
34.474;-2.320268;-0.5719612;;
34.475;-2.320233;-0.5720112;;
34.478;-2.321134;-0.5707254;;
34.478;-2.321243;-0.5705689;;
34.479;-2.321656;-0.56998;;
34.48;-2.321932;-0.5695856;;
34.505;-2.32345;-0.5673893;;
34.507;-2.327425;-0.5615495;;
34.509;-2.328912;-0.5593652;;
34.51;-2.329665;-0.5582595;;
34.539;-2.335957;-0.5487934;;
34.539;-2.335977;-0.5487643;;
34.541;-2.336005;-0.5487221;;
34.542;-2.33601;-0.5487135;;
34.543;-2.336012;-0.5487114;;
34.544;-2.336012;-0.5487103;;
34.545;-2.336013;-0.5487102;;
34.545;-2.336013;-0.5487101;;
34.5533052;;;-0.861436962842982;-0.307911866033512
34.3;-2.255779;-0.6548272;;
34.302;-2.255806;-0.6547951;;
34.304;-2.255814;-0.6547863;;
34.306;-2.255816;-0.6547835;;
34.306;-2.255817;-0.6547831;;
34.307;-2.255817;-0.6547831;;
34.334;-2.271088;-0.6367287;;
34.335;-2.271088;-0.6367287;;
34.337;-2.271088;-0.6367287;;
34.339;-2.271088;-0.6367287;;
34.34;-2.271088;-0.6367287;;
34.341;-2.271088;-0.6367287;;
34.368;-2.278394;-0.627775;;
34.369;-2.278446;-0.627711;;
34.37;-2.278457;-0.6276976;;
34.372;-2.278461;-0.6276928;;
34.373;-2.278462;-0.627692;;
34.402;-2.292683;-0.6096269;;
34.403;-2.292878;-0.6093787;;
34.404;-2.29292;-0.6093254;;
34.406;-2.296718;-0.6043316;;
34.408;-2.297691;-0.6030515;;
34.409;-2.298697;-0.601729;;
34.41;-2.298991;-0.6013426;;
34.436;-2.307514;-0.5898488;;
34.437;-2.307514;-0.5898488;;
34.439;-2.308756;-0.5881421;;
34.441;-2.309206;-0.5875244;;
34.444;-2.309335;-0.5873471;;
34.472;-2.31608;-0.5779355;;
34.473;-2.31623;-0.5777264;;
34.474;-2.320268;-0.5719612;;
34.475;-2.320233;-0.5720112;;
34.478;-2.321134;-0.5707254;;
34.478;-2.321243;-0.5705689;;
34.479;-2.321656;-0.56998;;
34.48;-2.321932;-0.5695856;;
34.505;-2.32345;-0.5673893;;
34.507;-2.327425;-0.5615495;;
34.509;-2.328912;-0.5593652;;
34.51;-2.329665;-0.5582595;;
34.539;-2.335957;-0.5487934;;
34.539;-2.335977;-0.5487643;;
34.541;-2.336005;-0.5487221;;
34.542;-2.33601;-0.5487135;;
34.543;-2.336012;-0.5487114;;
34.544;-2.336012;-0.5487103;;
34.545;-2.336013;-0.5487102;;
34.545;-2.336013;-0.5487101;;
34.573;-2.341455;-0.540328;;
34.574;-2.341455;-0.540328;;
34.577;-2.345185;-0.5344585;;
34.579;-2.346258;-0.5327714;;
34.579;-2.346341;-0.53264;;
34.5976336;;;-0.797849873639132;-0.337350072574966
34.334;-2.271088;-0.6367287;;
34.335;-2.271088;-0.6367287;;
34.337;-2.271088;-0.6367287;;
34.339;-2.271088;-0.6367287;;
34.34;-2.271088;-0.6367287;;
34.341;-2.271088;-0.6367287;;
34.368;-2.278394;-0.627775;;
34.369;-2.278446;-0.627711;;
34.37;-2.278457;-0.6276976;;
34.372;-2.278461;-0.6276928;;
34.373;-2.278462;-0.627692;;
34.402;-2.292683;-0.6096269;;
34.403;-2.292878;-0.6093787;;
34.404;-2.29292;-0.6093254;;
34.406;-2.296718;-0.6043316;;
34.408;-2.297691;-0.6030515;;
34.409;-2.298697;-0.601729;;
34.41;-2.298991;-0.6013426;;
34.436;-2.307514;-0.5898488;;
34.437;-2.307514;-0.5898488;;
34.439;-2.308756;-0.5881421;;
34.441;-2.309206;-0.5875244;;
34.444;-2.309335;-0.5873471;;
34.472;-2.31608;-0.5779355;;
34.473;-2.31623;-0.5777264;;
34.474;-2.320268;-0.5719612;;
34.475;-2.320233;-0.5720112;;
34.478;-2.321134;-0.5707254;;
34.478;-2.321243;-0.5705689;;
34.479;-2.321656;-0.56998;;
34.48;-2.321932;-0.5695856;;
34.505;-2.32345;-0.5673893;;
34.507;-2.327425;-0.5615495;;
34.509;-2.328912;-0.5593652;;
34.51;-2.329665;-0.5582595;;
34.539;-2.335957;-0.5487934;;
34.539;-2.335977;-0.5487643;;
34.541;-2.336005;-0.5487221;;
34.542;-2.33601;-0.5487135;;
34.543;-2.336012;-0.5487114;;
34.544;-2.336012;-0.5487103;;
34.545;-2.336013;-0.5487102;;
34.545;-2.336013;-0.5487101;;
34.573;-2.341455;-0.540328;;
34.574;-2.341455;-0.540328;;
34.577;-2.345185;-0.5344585;;
34.579;-2.346258;-0.5327714;;
34.579;-2.346341;-0.53264;;
34.606;-2.352562;-0.5226245;;
34.607;-2.352611;-0.5225467;;
34.609;-2.352617;-0.5225368;;
34.611;-2.352619;-0.5225338;;
34.613;-2.352619;-0.5225329;;
34.614;-2.352619;-0.5225329;;
34.614;-2.352619;-0.5225329;;
34.6282169;;;-0.730282574251151;-0.363767335324826
34.368;-2.278394;-0.627775;;
34.369;-2.278446;-0.627711;;
34.37;-2.278457;-0.6276976;;
34.372;-2.278461;-0.6276928;;
34.373;-2.278462;-0.627692;;
34.402;-2.292683;-0.6096269;;
34.403;-2.292878;-0.6093787;;
34.404;-2.29292;-0.6093254;;
34.406;-2.296718;-0.6043316;;
34.408;-2.297691;-0.6030515;;
34.409;-2.298697;-0.601729;;
34.41;-2.298991;-0.6013426;;
34.436;-2.307514;-0.5898488;;
34.437;-2.307514;-0.5898488;;
34.439;-2.308756;-0.5881421;;
34.441;-2.309206;-0.5875244;;
34.444;-2.309335;-0.5873471;;
34.472;-2.31608;-0.5779355;;
34.473;-2.31623;-0.5777264;;
34.474;-2.320268;-0.5719612;;
34.475;-2.320233;-0.5720112;;
34.478;-2.321134;-0.5707254;;
34.478;-2.321243;-0.5705689;;
34.479;-2.321656;-0.56998;;
34.48;-2.321932;-0.5695856;;
34.505;-2.32345;-0.5673893;;
34.507;-2.327425;-0.5615495;;
34.509;-2.328912;-0.5593652;;
34.51;-2.329665;-0.5582595;;
34.539;-2.335957;-0.5487934;;
34.539;-2.335977;-0.5487643;;
34.541;-2.336005;-0.5487221;;
34.542;-2.33601;-0.5487135;;
34.543;-2.336012;-0.5487114;;
34.544;-2.336012;-0.5487103;;
34.545;-2.336013;-0.5487102;;
34.545;-2.336013;-0.5487101;;
34.573;-2.341455;-0.540328;;
34.574;-2.341455;-0.540328;;
34.577;-2.345185;-0.5344585;;
34.579;-2.346258;-0.5327714;;
34.579;-2.346341;-0.53264;;
34.606;-2.352562;-0.5226245;;
34.607;-2.352611;-0.5225467;;
34.609;-2.352617;-0.5225368;;
34.611;-2.352619;-0.5225338;;
34.613;-2.352619;-0.5225329;;
34.614;-2.352619;-0.5225329;;
34.614;-2.352619;-0.5225329;;
34.64;-2.363904;-0.5036511;;
34.641;-2.364011;-0.5034724;;
34.643;-2.364011;-0.5034724;;
34.645;-2.364011;-0.5034724;;
34.646;-2.364011;-0.5034724;;
34.647;-2.364011;-0.5034724;;
34.6728381;;;-0.717220021752852;-0.3856959424966
34.402;-2.292683;-0.6096269;;
34.403;-2.292878;-0.6093787;;
34.404;-2.29292;-0.6093254;;
34.406;-2.296718;-0.6043316;;
34.408;-2.297691;-0.6030515;;
34.409;-2.298697;-0.601729;;
34.41;-2.298991;-0.6013426;;
34.436;-2.307514;-0.5898488;;
34.437;-2.307514;-0.5898488;;
34.439;-2.308756;-0.5881421;;
34.441;-2.309206;-0.5875244;;
34.444;-2.309335;-0.5873471;;
34.472;-2.31608;-0.5779355;;
34.473;-2.31623;-0.5777264;;
34.474;-2.320268;-0.5719612;;
34.475;-2.320233;-0.5720112;;
34.478;-2.321134;-0.5707254;;
34.478;-2.321243;-0.5705689;;
34.479;-2.321656;-0.56998;;
34.48;-2.321932;-0.5695856;;
34.505;-2.32345;-0.5673893;;
34.507;-2.327425;-0.5615495;;
34.509;-2.328912;-0.5593652;;
34.51;-2.329665;-0.5582595;;
34.539;-2.335957;-0.5487934;;
34.539;-2.335977;-0.5487643;;
34.541;-2.336005;-0.5487221;;
34.542;-2.33601;-0.5487135;;
34.543;-2.336012;-0.5487114;;
34.544;-2.336012;-0.5487103;;
34.545;-2.336013;-0.5487102;;
34.545;-2.336013;-0.5487101;;
34.573;-2.341455;-0.540328;;
34.574;-2.341455;-0.540328;;
34.577;-2.345185;-0.5344585;;
34.579;-2.346258;-0.5327714;;
34.579;-2.346341;-0.53264;;
34.606;-2.352562;-0.5226245;;
34.607;-2.352611;-0.5225467;;
34.609;-2.352617;-0.5225368;;
34.611;-2.352619;-0.5225338;;
34.613;-2.352619;-0.5225329;;
34.614;-2.352619;-0.5225329;;
34.614;-2.352619;-0.5225329;;
34.64;-2.363904;-0.5036511;;
34.641;-2.364011;-0.5034724;;
34.643;-2.364011;-0.5034724;;
34.645;-2.364011;-0.5034724;;
34.646;-2.364011;-0.5034724;;
34.647;-2.364011;-0.5034724;;
34.675;-2.373698;-0.4864643;;
34.676;-2.37354;-0.4867415;;
34.678;-2.373708;-0.4864475;;
34.68;-2.373759;-0.486358;;
34.68;-2.373766;-0.4863453;;
34.682;-2.373784;-0.4863134;;
34.694153;;;-0.797081665505124;-0.398100695880487
34.472;-2.31608;-0.5779355;;
34.473;-2.31623;-0.5777264;;
34.474;-2.320268;-0.5719612;;
34.475;-2.320233;-0.5720112;;
34.478;-2.321134;-0.5707254;;
34.478;-2.321243;-0.5705689;;
34.479;-2.321656;-0.56998;;
34.48;-2.321932;-0.5695856;;
34.505;-2.32345;-0.5673893;;
34.507;-2.327425;-0.5615495;;
34.509;-2.328912;-0.5593652;;
34.51;-2.329665;-0.5582595;;
34.539;-2.335957;-0.5487934;;
34.539;-2.335977;-0.5487643;;
34.541;-2.336005;-0.5487221;;
34.542;-2.33601;-0.5487135;;
34.543;-2.336012;-0.5487114;;
34.544;-2.336012;-0.5487103;;
34.545;-2.336013;-0.5487102;;
34.545;-2.336013;-0.5487101;;
34.573;-2.341455;-0.540328;;
34.574;-2.341455;-0.540328;;
34.577;-2.345185;-0.5344585;;
34.579;-2.346258;-0.5327714;;
34.579;-2.346341;-0.53264;;
34.606;-2.352562;-0.5226245;;
34.607;-2.352611;-0.5225467;;
34.609;-2.352617;-0.5225368;;
34.611;-2.352619;-0.5225338;;
34.613;-2.352619;-0.5225329;;
34.614;-2.352619;-0.5225329;;
34.614;-2.352619;-0.5225329;;
34.64;-2.363904;-0.5036511;;
34.641;-2.364011;-0.5034724;;
34.643;-2.364011;-0.5034724;;
34.645;-2.364011;-0.5034724;;
34.646;-2.364011;-0.5034724;;
34.647;-2.364011;-0.5034724;;
34.675;-2.373698;-0.4864643;;
34.676;-2.37354;-0.4867415;;
34.678;-2.373708;-0.4864475;;
34.68;-2.373759;-0.486358;;
34.68;-2.373766;-0.4863453;;
34.682;-2.373784;-0.4863134;;
34.708;-2.378028;-0.4786087;;
34.709;-2.378062;-0.4785465;;
34.711;-2.382837;-0.4696682;;
34.713;-2.383189;-0.4690128;;
34.713;-2.383241;-0.4689176;;
34.715;-2.383316;-0.4687786;;
34.743;-2.387329;-0.4611363;;
34.745;-2.387354;-0.4610884;;
34.745;-2.387357;-0.4610824;;
34.747;-2.387365;-0.4610686;;
34.747;-2.387365;-0.4610686;;
34.748;-2.387365;-0.4610686;;
34.7540984;;;-0.951894227867714;-0.404231783528611
34.472;-2.31608;-0.5779355;;
34.473;-2.31623;-0.5777264;;
34.474;-2.320268;-0.5719612;;
34.475;-2.320233;-0.5720112;;
34.478;-2.321134;-0.5707254;;
34.478;-2.321243;-0.5705689;;
34.479;-2.321656;-0.56998;;
34.48;-2.321932;-0.5695856;;
34.505;-2.32345;-0.5673893;;
34.507;-2.327425;-0.5615495;;
34.509;-2.328912;-0.5593652;;
34.51;-2.329665;-0.5582595;;
34.539;-2.335957;-0.5487934;;
34.539;-2.335977;-0.5487643;;
34.541;-2.336005;-0.5487221;;
34.542;-2.33601;-0.5487135;;
34.543;-2.336012;-0.5487114;;
34.544;-2.336012;-0.5487103;;
34.545;-2.336013;-0.5487102;;
34.545;-2.336013;-0.5487101;;
34.573;-2.341455;-0.540328;;
34.574;-2.341455;-0.540328;;
34.577;-2.345185;-0.5344585;;
34.579;-2.346258;-0.5327714;;
34.579;-2.346341;-0.53264;;
34.606;-2.352562;-0.5226245;;
34.607;-2.352611;-0.5225467;;
34.609;-2.352617;-0.5225368;;
34.611;-2.352619;-0.5225338;;
34.613;-2.352619;-0.5225329;;
34.614;-2.352619;-0.5225329;;
34.614;-2.352619;-0.5225329;;
34.64;-2.363904;-0.5036511;;
34.641;-2.364011;-0.5034724;;
34.643;-2.364011;-0.5034724;;
34.645;-2.364011;-0.5034724;;
34.646;-2.364011;-0.5034724;;
34.647;-2.364011;-0.5034724;;
34.675;-2.373698;-0.4864643;;
34.676;-2.37354;-0.4867415;;
34.678;-2.373708;-0.4864475;;
34.68;-2.373759;-0.486358;;
34.68;-2.373766;-0.4863453;;
34.682;-2.373784;-0.4863134;;
34.708;-2.378028;-0.4786087;;
34.709;-2.378062;-0.4785465;;
34.711;-2.382837;-0.4696682;;
34.713;-2.383189;-0.4690128;;
34.713;-2.383241;-0.4689176;;
34.715;-2.383316;-0.4687786;;
34.743;-2.387329;-0.4611363;;
34.745;-2.387354;-0.4610884;;
34.745;-2.387357;-0.4610824;;
34.747;-2.387365;-0.4610686;;
34.747;-2.387365;-0.4610686;;
34.748;-2.387365;-0.4610686;;
34.7741581;;;-0.951894227867714;-0.404803066491737
34.539;-2.335957;-0.5487934;;
34.539;-2.335977;-0.5487643;;
34.541;-2.336005;-0.5487221;;
34.542;-2.33601;-0.5487135;;
34.543;-2.336012;-0.5487114;;
34.544;-2.336012;-0.5487103;;
34.545;-2.336013;-0.5487102;;
34.545;-2.336013;-0.5487101;;
34.573;-2.341455;-0.540328;;
34.574;-2.341455;-0.540328;;
34.577;-2.345185;-0.5344585;;
34.579;-2.346258;-0.5327714;;
34.579;-2.346341;-0.53264;;
34.606;-2.352562;-0.5226245;;
34.607;-2.352611;-0.5225467;;
34.609;-2.352617;-0.5225368;;
34.611;-2.352619;-0.5225338;;
34.613;-2.352619;-0.5225329;;
34.614;-2.352619;-0.5225329;;
34.614;-2.352619;-0.5225329;;
34.64;-2.363904;-0.5036511;;
34.641;-2.364011;-0.5034724;;
34.643;-2.364011;-0.5034724;;
34.645;-2.364011;-0.5034724;;
34.646;-2.364011;-0.5034724;;
34.647;-2.364011;-0.5034724;;
34.675;-2.373698;-0.4864643;;
34.676;-2.37354;-0.4867415;;
34.678;-2.373708;-0.4864475;;
34.68;-2.373759;-0.486358;;
34.68;-2.373766;-0.4863453;;
34.682;-2.373784;-0.4863134;;
34.708;-2.378028;-0.4786087;;
34.709;-2.378062;-0.4785465;;
34.711;-2.382837;-0.4696682;;
34.713;-2.383189;-0.4690128;;
34.713;-2.383241;-0.4689176;;
34.715;-2.383316;-0.4687786;;
34.743;-2.387329;-0.4611363;;
34.745;-2.387354;-0.4610884;;
34.745;-2.387357;-0.4610824;;
34.747;-2.387365;-0.4610686;;
34.747;-2.387365;-0.4610686;;
34.748;-2.387365;-0.4610686;;
34.782;-2.397631;-0.4407468;;
34.782;-2.397631;-0.4407468;;
34.783;-2.397631;-0.4407468;;
34.784;-2.397631;-0.4407468;;
34.785;-2.397631;-0.4407468;;
34.785;-2.397631;-0.4407468;;
34.811;-2.407351;-0.420374;;
34.812;-2.407351;-0.420374;;
34.813;-2.407351;-0.420374;;
34.814;-2.407351;-0.420374;;
34.814;-2.407351;-0.420374;;
34.815;-2.407351;-0.420374;;
34.8316261;;;-0.988256325643382;-0.405774223676146
34.573;-2.341455;-0.540328;;
34.574;-2.341455;-0.540328;;
34.577;-2.345185;-0.5344585;;
34.579;-2.346258;-0.5327714;;
34.579;-2.346341;-0.53264;;
34.606;-2.352562;-0.5226245;;
34.607;-2.352611;-0.5225467;;
34.609;-2.352617;-0.5225368;;
34.611;-2.352619;-0.5225338;;
34.613;-2.352619;-0.5225329;;
34.614;-2.352619;-0.5225329;;
34.614;-2.352619;-0.5225329;;
34.64;-2.363904;-0.5036511;;
34.641;-2.364011;-0.5034724;;
34.643;-2.364011;-0.5034724;;
34.645;-2.364011;-0.5034724;;
34.646;-2.364011;-0.5034724;;
34.647;-2.364011;-0.5034724;;
34.675;-2.373698;-0.4864643;;
34.676;-2.37354;-0.4867415;;
34.678;-2.373708;-0.4864475;;
34.68;-2.373759;-0.486358;;
34.68;-2.373766;-0.4863453;;
34.682;-2.373784;-0.4863134;;
34.708;-2.378028;-0.4786087;;
34.709;-2.378062;-0.4785465;;
34.711;-2.382837;-0.4696682;;
34.713;-2.383189;-0.4690128;;
34.713;-2.383241;-0.4689176;;
34.715;-2.383316;-0.4687786;;
34.743;-2.387329;-0.4611363;;
34.745;-2.387354;-0.4610884;;
34.745;-2.387357;-0.4610824;;
34.747;-2.387365;-0.4610686;;
34.747;-2.387365;-0.4610686;;
34.748;-2.387365;-0.4610686;;
34.782;-2.397631;-0.4407468;;
34.782;-2.397631;-0.4407468;;
34.783;-2.397631;-0.4407468;;
34.784;-2.397631;-0.4407468;;
34.785;-2.397631;-0.4407468;;
34.785;-2.397631;-0.4407468;;
34.811;-2.407351;-0.420374;;
34.812;-2.407351;-0.420374;;
34.813;-2.407351;-0.420374;;
34.814;-2.407351;-0.420374;;
34.814;-2.407351;-0.420374;;
34.815;-2.407351;-0.420374;;
34.844;-2.41185;-0.4105214;;
34.846;-2.411878;-0.4104615;;
34.848;-2.411886;-0.4104431;;
34.849;-2.411888;-0.4104382;;
34.85;-2.411889;-0.4104375;;
34.851;-2.411889;-0.4104373;;
34.8546155;;;-0.986115476577824;-0.408332130146277
34.606;-2.352562;-0.5226245;;
34.607;-2.352611;-0.5225467;;
34.609;-2.352617;-0.5225368;;
34.611;-2.352619;-0.5225338;;
34.613;-2.352619;-0.5225329;;
34.614;-2.352619;-0.5225329;;
34.614;-2.352619;-0.5225329;;
34.64;-2.363904;-0.5036511;;
34.641;-2.364011;-0.5034724;;
34.643;-2.364011;-0.5034724;;
34.645;-2.364011;-0.5034724;;
34.646;-2.364011;-0.5034724;;
34.647;-2.364011;-0.5034724;;
34.675;-2.373698;-0.4864643;;
34.676;-2.37354;-0.4867415;;
34.678;-2.373708;-0.4864475;;
34.68;-2.373759;-0.486358;;
34.68;-2.373766;-0.4863453;;
34.682;-2.373784;-0.4863134;;
34.708;-2.378028;-0.4786087;;
34.709;-2.378062;-0.4785465;;
34.711;-2.382837;-0.4696682;;
34.713;-2.383189;-0.4690128;;
34.713;-2.383241;-0.4689176;;
34.715;-2.383316;-0.4687786;;
34.743;-2.387329;-0.4611363;;
34.745;-2.387354;-0.4610884;;
34.745;-2.387357;-0.4610824;;
34.747;-2.387365;-0.4610686;;
34.747;-2.387365;-0.4610686;;
34.748;-2.387365;-0.4610686;;
34.782;-2.397631;-0.4407468;;
34.782;-2.397631;-0.4407468;;
34.783;-2.397631;-0.4407468;;
34.784;-2.397631;-0.4407468;;
34.785;-2.397631;-0.4407468;;
34.785;-2.397631;-0.4407468;;
34.811;-2.407351;-0.420374;;
34.812;-2.407351;-0.420374;;
34.813;-2.407351;-0.420374;;
34.814;-2.407351;-0.420374;;
34.814;-2.407351;-0.420374;;
34.815;-2.407351;-0.420374;;
34.844;-2.41185;-0.4105214;;
34.846;-2.411878;-0.4104615;;
34.848;-2.411886;-0.4104431;;
34.849;-2.411888;-0.4104382;;
34.85;-2.411889;-0.4104375;;
34.851;-2.411889;-0.4104373;;
34.878;-2.419554;-0.3929587;;
34.879;-2.41961;-0.3928328;;
34.88;-2.419622;-0.3928041;;
34.882;-2.419624;-0.3928005;;
34.882;-2.419624;-0.3927999;;
34.884;-2.419624;-0.392799;;
34.8992423;;;-0.987396342368899;-0.442920674882979
34.64;-2.363904;-0.5036511;;
34.641;-2.364011;-0.5034724;;
34.643;-2.364011;-0.5034724;;
34.645;-2.364011;-0.5034724;;
34.646;-2.364011;-0.5034724;;
34.647;-2.364011;-0.5034724;;
34.675;-2.373698;-0.4864643;;
34.676;-2.37354;-0.4867415;;
34.678;-2.373708;-0.4864475;;
34.68;-2.373759;-0.486358;;
34.68;-2.373766;-0.4863453;;
34.682;-2.373784;-0.4863134;;
34.708;-2.378028;-0.4786087;;
34.709;-2.378062;-0.4785465;;
34.711;-2.382837;-0.4696682;;
34.713;-2.383189;-0.4690128;;
34.713;-2.383241;-0.4689176;;
34.715;-2.383316;-0.4687786;;
34.743;-2.387329;-0.4611363;;
34.745;-2.387354;-0.4610884;;
34.745;-2.387357;-0.4610824;;
34.747;-2.387365;-0.4610686;;
34.747;-2.387365;-0.4610686;;
34.748;-2.387365;-0.4610686;;
34.782;-2.397631;-0.4407468;;
34.782;-2.397631;-0.4407468;;
34.783;-2.397631;-0.4407468;;
34.784;-2.397631;-0.4407468;;
34.785;-2.397631;-0.4407468;;
34.785;-2.397631;-0.4407468;;
34.811;-2.407351;-0.420374;;
34.812;-2.407351;-0.420374;;
34.813;-2.407351;-0.420374;;
34.814;-2.407351;-0.420374;;
34.814;-2.407351;-0.420374;;
34.815;-2.407351;-0.420374;;
34.844;-2.41185;-0.4105214;;
34.846;-2.411878;-0.4104615;;
34.848;-2.411886;-0.4104431;;
34.849;-2.411888;-0.4104382;;
34.85;-2.411889;-0.4104375;;
34.851;-2.411889;-0.4104373;;
34.878;-2.419554;-0.3929587;;
34.879;-2.41961;-0.3928328;;
34.88;-2.419622;-0.3928041;;
34.882;-2.419624;-0.3928005;;
34.882;-2.419624;-0.3927999;;
34.884;-2.419624;-0.392799;;
34.913;-2.42401;-0.3823659;;
34.915;-2.424071;-0.3822194;;
34.9295831;;;-0.971139603306195;-0.488217398609942
34.675;-2.373698;-0.4864643;;
34.676;-2.37354;-0.4867415;;
34.678;-2.373708;-0.4864475;;
34.68;-2.373759;-0.486358;;
34.68;-2.373766;-0.4863453;;
34.682;-2.373784;-0.4863134;;
34.708;-2.378028;-0.4786087;;
34.709;-2.378062;-0.4785465;;
34.711;-2.382837;-0.4696682;;
34.713;-2.383189;-0.4690128;;
34.713;-2.383241;-0.4689176;;
34.715;-2.383316;-0.4687786;;
34.743;-2.387329;-0.4611363;;
34.745;-2.387354;-0.4610884;;
34.745;-2.387357;-0.4610824;;
34.747;-2.387365;-0.4610686;;
34.747;-2.387365;-0.4610686;;
34.748;-2.387365;-0.4610686;;
34.782;-2.397631;-0.4407468;;
34.782;-2.397631;-0.4407468;;
34.783;-2.397631;-0.4407468;;
34.784;-2.397631;-0.4407468;;
34.785;-2.397631;-0.4407468;;
34.785;-2.397631;-0.4407468;;
34.811;-2.407351;-0.420374;;
34.812;-2.407351;-0.420374;;
34.813;-2.407351;-0.420374;;
34.814;-2.407351;-0.420374;;
34.814;-2.407351;-0.420374;;
34.815;-2.407351;-0.420374;;
34.844;-2.41185;-0.4105214;;
34.846;-2.411878;-0.4104615;;
34.848;-2.411886;-0.4104431;;
34.849;-2.411888;-0.4104382;;
34.85;-2.411889;-0.4104375;;
34.851;-2.411889;-0.4104373;;
34.878;-2.419554;-0.3929587;;
34.879;-2.41961;-0.3928328;;
34.88;-2.419622;-0.3928041;;
34.882;-2.419624;-0.3928005;;
34.882;-2.419624;-0.3927999;;
34.884;-2.419624;-0.392799;;
34.913;-2.42401;-0.3823659;;
34.915;-2.424071;-0.3822194;;
34.946;-2.434151;-0.3568607;;
34.947;-2.434263;-0.3565801;;
34.949;-2.434302;-0.3564825;;
34.95;-2.434314;-0.3564519;;
34.95;-2.434314;-0.3564519;;
34.95;-2.434314;-0.3564519;;
34.9641503;;;-0.492603640809983;-0.534893577211424
34.708;-2.378028;-0.4786087;;
34.709;-2.378062;-0.4785465;;
34.711;-2.382837;-0.4696682;;
34.713;-2.383189;-0.4690128;;
34.713;-2.383241;-0.4689176;;
34.715;-2.383316;-0.4687786;;
34.743;-2.387329;-0.4611363;;
34.745;-2.387354;-0.4610884;;
34.745;-2.387357;-0.4610824;;
34.747;-2.387365;-0.4610686;;
34.747;-2.387365;-0.4610686;;
34.748;-2.387365;-0.4610686;;
34.782;-2.397631;-0.4407468;;
34.782;-2.397631;-0.4407468;;
34.783;-2.397631;-0.4407468;;
34.784;-2.397631;-0.4407468;;
34.785;-2.397631;-0.4407468;;
34.785;-2.397631;-0.4407468;;
34.811;-2.407351;-0.420374;;
34.812;-2.407351;-0.420374;;
34.813;-2.407351;-0.420374;;
34.814;-2.407351;-0.420374;;
34.814;-2.407351;-0.420374;;
34.815;-2.407351;-0.420374;;
34.844;-2.41185;-0.4105214;;
34.846;-2.411878;-0.4104615;;
34.848;-2.411886;-0.4104431;;
34.849;-2.411888;-0.4104382;;
34.85;-2.411889;-0.4104375;;
34.851;-2.411889;-0.4104373;;
34.878;-2.419554;-0.3929587;;
34.879;-2.41961;-0.3928328;;
34.88;-2.419622;-0.3928041;;
34.882;-2.419624;-0.3928005;;
34.882;-2.419624;-0.3927999;;
34.884;-2.419624;-0.392799;;
34.913;-2.42401;-0.3823659;;
34.915;-2.424071;-0.3822194;;
34.946;-2.434151;-0.3568607;;
34.947;-2.434263;-0.3565801;;
34.949;-2.434302;-0.3564825;;
34.95;-2.434314;-0.3564519;;
34.95;-2.434314;-0.3564519;;
34.95;-2.434314;-0.3564519;;
34.98;-2.438377;-0.3456119;;
34.98;-2.438399;-0.3455537;;
34.983;-2.439702;-0.3419813;;
34.986;-2.442015;-0.3355117;;
34.989;-2.443593;-0.3310992;;
35.0080635;;;0.0273187474447202;-0.5648257288888
34.743;-2.387329;-0.4611363;;
34.745;-2.387354;-0.4610884;;
34.745;-2.387357;-0.4610824;;
34.747;-2.387365;-0.4610686;;
34.747;-2.387365;-0.4610686;;
34.748;-2.387365;-0.4610686;;
34.782;-2.397631;-0.4407468;;
34.782;-2.397631;-0.4407468;;
34.783;-2.397631;-0.4407468;;
34.784;-2.397631;-0.4407468;;
34.785;-2.397631;-0.4407468;;
34.785;-2.397631;-0.4407468;;
34.811;-2.407351;-0.420374;;
34.812;-2.407351;-0.420374;;
34.813;-2.407351;-0.420374;;
34.814;-2.407351;-0.420374;;
34.814;-2.407351;-0.420374;;
34.815;-2.407351;-0.420374;;
34.844;-2.41185;-0.4105214;;
34.846;-2.411878;-0.4104615;;
34.848;-2.411886;-0.4104431;;
34.849;-2.411888;-0.4104382;;
34.85;-2.411889;-0.4104375;;
34.851;-2.411889;-0.4104373;;
34.878;-2.419554;-0.3929587;;
34.879;-2.41961;-0.3928328;;
34.88;-2.419622;-0.3928041;;
34.882;-2.419624;-0.3928005;;
34.882;-2.419624;-0.3927999;;
34.884;-2.419624;-0.392799;;
34.913;-2.42401;-0.3823659;;
34.915;-2.424071;-0.3822194;;
34.946;-2.434151;-0.3568607;;
34.947;-2.434263;-0.3565801;;
34.949;-2.434302;-0.3564825;;
34.95;-2.434314;-0.3564519;;
34.95;-2.434314;-0.3564519;;
34.95;-2.434314;-0.3564519;;
34.98;-2.438377;-0.3456119;;
34.98;-2.438399;-0.3455537;;
34.983;-2.439702;-0.3419813;;
34.986;-2.442015;-0.3355117;;
34.989;-2.443593;-0.3310992;;
35.014;-2.446208;-0.3235564;;
35.015;-2.446225;-0.3235077;;
35.017;-2.446233;-0.3234869;;
35.019;-2.446235;-0.3234811;;
35.019;-2.446235;-0.3234806;;
35.02;-2.446235;-0.3234803;;
35.041658;;;0.36380758202617;-0.585896584036986
34.785;-2.397631;-0.4407468;;
34.785;-2.397631;-0.4407468;;
34.811;-2.407351;-0.420374;;
34.812;-2.407351;-0.420374;;
34.813;-2.407351;-0.420374;;
34.814;-2.407351;-0.420374;;
34.814;-2.407351;-0.420374;;
34.815;-2.407351;-0.420374;;
34.844;-2.41185;-0.4105214;;
34.846;-2.411878;-0.4104615;;
34.848;-2.411886;-0.4104431;;
34.849;-2.411888;-0.4104382;;
34.85;-2.411889;-0.4104375;;
34.851;-2.411889;-0.4104373;;
34.878;-2.419554;-0.3929587;;
34.879;-2.41961;-0.3928328;;
34.88;-2.419622;-0.3928041;;
34.882;-2.419624;-0.3928005;;
34.882;-2.419624;-0.3927999;;
34.884;-2.419624;-0.392799;;
34.913;-2.42401;-0.3823659;;
34.915;-2.424071;-0.3822194;;
34.946;-2.434151;-0.3568607;;
34.947;-2.434263;-0.3565801;;
34.949;-2.434302;-0.3564825;;
34.95;-2.434314;-0.3564519;;
34.95;-2.434314;-0.3564519;;
34.95;-2.434314;-0.3564519;;
34.98;-2.438377;-0.3456119;;
34.98;-2.438399;-0.3455537;;
34.983;-2.439702;-0.3419813;;
34.986;-2.442015;-0.3355117;;
34.989;-2.443593;-0.3310992;;
35.014;-2.446208;-0.3235564;;
35.015;-2.446225;-0.3235077;;
35.017;-2.446233;-0.3234869;;
35.019;-2.446235;-0.3234811;;
35.019;-2.446235;-0.3234806;;
35.02;-2.446235;-0.3234803;;
35.048;-2.451604;-0.3073137;;
35.05;-2.451712;-0.3069892;;
35.052;-2.451738;-0.3069101;;
35.054;-2.451746;-0.3068875;;
35.06;-2.451747;-0.3068845;;
35.061;-2.451747;-0.3068844;;
35.081;-2.457439;-0.2886295;;
35.083;-2.457486;-0.2884765;;
35.0861665;;;0.321363689737797;-0.606602033117217
34.844;-2.41185;-0.4105214;;
34.846;-2.411878;-0.4104615;;
34.848;-2.411886;-0.4104431;;
34.849;-2.411888;-0.4104382;;
34.85;-2.411889;-0.4104375;;
34.851;-2.411889;-0.4104373;;
34.878;-2.419554;-0.3929587;;
34.879;-2.41961;-0.3928328;;
34.88;-2.419622;-0.3928041;;
34.882;-2.419624;-0.3928005;;
34.882;-2.419624;-0.3927999;;
34.884;-2.419624;-0.392799;;
34.913;-2.42401;-0.3823659;;
34.915;-2.424071;-0.3822194;;
34.946;-2.434151;-0.3568607;;
34.947;-2.434263;-0.3565801;;
34.949;-2.434302;-0.3564825;;
34.95;-2.434314;-0.3564519;;
34.95;-2.434314;-0.3564519;;
34.95;-2.434314;-0.3564519;;
34.98;-2.438377;-0.3456119;;
34.98;-2.438399;-0.3455537;;
34.983;-2.439702;-0.3419813;;
34.986;-2.442015;-0.3355117;;
34.989;-2.443593;-0.3310992;;
35.014;-2.446208;-0.3235564;;
35.015;-2.446225;-0.3235077;;
35.017;-2.446233;-0.3234869;;
35.019;-2.446235;-0.3234811;;
35.019;-2.446235;-0.3234806;;
35.02;-2.446235;-0.3234803;;
35.048;-2.451604;-0.3073137;;
35.05;-2.451712;-0.3069892;;
35.052;-2.451738;-0.3069101;;
35.054;-2.451746;-0.3068875;;
35.06;-2.451747;-0.3068845;;
35.061;-2.451747;-0.3068844;;
35.081;-2.457439;-0.2886295;;
35.083;-2.457486;-0.2884765;;
35.086;-2.458346;-0.2856023;;
35.087;-2.458671;-0.2845177;;
35.088;-2.458613;-0.2847095;;
35.088;-2.458619;-0.2846926;;
35.115;-2.462209;-0.2723059;;
35.117;-2.462236;-0.2722153;;
35.1197595;;;0.222337875919332;-0.625686274485089
34.878;-2.419554;-0.3929587;;
34.879;-2.41961;-0.3928328;;
34.88;-2.419622;-0.3928041;;
34.882;-2.419624;-0.3928005;;
34.882;-2.419624;-0.3927999;;
34.884;-2.419624;-0.392799;;
34.913;-2.42401;-0.3823659;;
34.915;-2.424071;-0.3822194;;
34.946;-2.434151;-0.3568607;;
34.947;-2.434263;-0.3565801;;
34.949;-2.434302;-0.3564825;;
34.95;-2.434314;-0.3564519;;
34.95;-2.434314;-0.3564519;;
34.95;-2.434314;-0.3564519;;
34.98;-2.438377;-0.3456119;;
34.98;-2.438399;-0.3455537;;
34.983;-2.439702;-0.3419813;;
34.986;-2.442015;-0.3355117;;
34.989;-2.443593;-0.3310992;;
35.014;-2.446208;-0.3235564;;
35.015;-2.446225;-0.3235077;;
35.017;-2.446233;-0.3234869;;
35.019;-2.446235;-0.3234811;;
35.019;-2.446235;-0.3234806;;
35.02;-2.446235;-0.3234803;;
35.048;-2.451604;-0.3073137;;
35.05;-2.451712;-0.3069892;;
35.052;-2.451738;-0.3069101;;
35.054;-2.451746;-0.3068875;;
35.06;-2.451747;-0.3068845;;
35.061;-2.451747;-0.3068844;;
35.081;-2.457439;-0.2886295;;
35.083;-2.457486;-0.2884765;;
35.086;-2.458346;-0.2856023;;
35.087;-2.458671;-0.2845177;;
35.088;-2.458613;-0.2847095;;
35.088;-2.458619;-0.2846926;;
35.115;-2.462209;-0.2723059;;
35.117;-2.462236;-0.2722153;;
35.12;-2.463222;-0.2687008;;
35.121;-2.463442;-0.2679159;;
35.122;-2.463456;-0.2678648;;
35.123;-2.463461;-0.267846;;
35.15;-2.466908;-0.2551232;;
35.152;-2.466929;-0.2550441;;
35.155;-2.467745;-0.251923;;
35.156;-2.468058;-0.2507274;;
35.157;-2.468058;-0.2507274;;
35.157;-2.468058;-0.2507274;;
35.1645613;;;-0.0387785979628344;-0.643160319029934
34.913;-2.42401;-0.3823659;;
34.915;-2.424071;-0.3822194;;
34.946;-2.434151;-0.3568607;;
34.947;-2.434263;-0.3565801;;
34.949;-2.434302;-0.3564825;;
34.95;-2.434314;-0.3564519;;
34.95;-2.434314;-0.3564519;;
34.95;-2.434314;-0.3564519;;
34.98;-2.438377;-0.3456119;;
34.98;-2.438399;-0.3455537;;
34.983;-2.439702;-0.3419813;;
34.986;-2.442015;-0.3355117;;
34.989;-2.443593;-0.3310992;;
35.014;-2.446208;-0.3235564;;
35.015;-2.446225;-0.3235077;;
35.017;-2.446233;-0.3234869;;
35.019;-2.446235;-0.3234811;;
35.019;-2.446235;-0.3234806;;
35.02;-2.446235;-0.3234803;;
35.048;-2.451604;-0.3073137;;
35.05;-2.451712;-0.3069892;;
35.052;-2.451738;-0.3069101;;
35.054;-2.451746;-0.3068875;;
35.06;-2.451747;-0.3068845;;
35.061;-2.451747;-0.3068844;;
35.081;-2.457439;-0.2886295;;
35.083;-2.457486;-0.2884765;;
35.086;-2.458346;-0.2856023;;
35.087;-2.458671;-0.2845177;;
35.088;-2.458613;-0.2847095;;
35.088;-2.458619;-0.2846926;;
35.115;-2.462209;-0.2723059;;
35.117;-2.462236;-0.2722153;;
35.12;-2.463222;-0.2687008;;
35.121;-2.463442;-0.2679159;;
35.122;-2.463456;-0.2678648;;
35.123;-2.463461;-0.267846;;
35.15;-2.466908;-0.2551232;;
35.152;-2.466929;-0.2550441;;
35.155;-2.467745;-0.251923;;
35.156;-2.468058;-0.2507274;;
35.157;-2.468058;-0.2507274;;
35.157;-2.468058;-0.2507274;;
35.185;-2.470922;-0.2393928;;
35.186;-2.470944;-0.2393067;;
35.188;-2.472845;-0.2314426;;
35.19;-2.473;-0.2308021;;
35.191;-2.473026;-0.2306926;;
35.192;-2.473048;-0.2306008;;
35.1981203;;;-0.603851426209247;-0.656277931266189
34.946;-2.434151;-0.3568607;;
34.947;-2.434263;-0.3565801;;
34.949;-2.434302;-0.3564825;;
34.95;-2.434314;-0.3564519;;
34.95;-2.434314;-0.3564519;;
34.95;-2.434314;-0.3564519;;
34.98;-2.438377;-0.3456119;;
34.98;-2.438399;-0.3455537;;
34.983;-2.439702;-0.3419813;;
34.986;-2.442015;-0.3355117;;
34.989;-2.443593;-0.3310992;;
35.014;-2.446208;-0.3235564;;
35.015;-2.446225;-0.3235077;;
35.017;-2.446233;-0.3234869;;
35.019;-2.446235;-0.3234811;;
35.019;-2.446235;-0.3234806;;
35.02;-2.446235;-0.3234803;;
35.048;-2.451604;-0.3073137;;
35.05;-2.451712;-0.3069892;;
35.052;-2.451738;-0.3069101;;
35.054;-2.451746;-0.3068875;;
35.06;-2.451747;-0.3068845;;
35.061;-2.451747;-0.3068844;;
35.081;-2.457439;-0.2886295;;
35.083;-2.457486;-0.2884765;;
35.086;-2.458346;-0.2856023;;
35.087;-2.458671;-0.2845177;;
35.088;-2.458613;-0.2847095;;
35.088;-2.458619;-0.2846926;;
35.115;-2.462209;-0.2723059;;
35.117;-2.462236;-0.2722153;;
35.12;-2.463222;-0.2687008;;
35.121;-2.463442;-0.2679159;;
35.122;-2.463456;-0.2678648;;
35.123;-2.463461;-0.267846;;
35.15;-2.466908;-0.2551232;;
35.152;-2.466929;-0.2550441;;
35.155;-2.467745;-0.251923;;
35.156;-2.468058;-0.2507274;;
35.157;-2.468058;-0.2507274;;
35.157;-2.468058;-0.2507274;;
35.185;-2.470922;-0.2393928;;
35.186;-2.470944;-0.2393067;;
35.188;-2.472845;-0.2314426;;
35.19;-2.473;-0.2308021;;
35.191;-2.473026;-0.2306926;;
35.192;-2.473048;-0.2306008;;
35.22;-2.476949;-0.2134657;;
35.221;-2.476976;-0.2133467;;
35.222;-2.476982;-0.2133195;;
35.223;-2.476983;-0.2133151;;
35.224;-2.476984;-0.2133126;;
35.226;-2.476984;-0.2133117;;
35.226;-2.476984;-0.2133117;;
35.2421635;;;-0.820645280717462;-0.660271252646959
34.98;-2.438377;-0.3456119;;
34.98;-2.438399;-0.3455537;;
34.983;-2.439702;-0.3419813;;
34.986;-2.442015;-0.3355117;;
34.989;-2.443593;-0.3310992;;
35.014;-2.446208;-0.3235564;;
35.015;-2.446225;-0.3235077;;
35.017;-2.446233;-0.3234869;;
35.019;-2.446235;-0.3234811;;
35.019;-2.446235;-0.3234806;;
35.02;-2.446235;-0.3234803;;
35.048;-2.451604;-0.3073137;;
35.05;-2.451712;-0.3069892;;
35.052;-2.451738;-0.3069101;;
35.054;-2.451746;-0.3068875;;
35.06;-2.451747;-0.3068845;;
35.061;-2.451747;-0.3068844;;
35.081;-2.457439;-0.2886295;;
35.083;-2.457486;-0.2884765;;
35.086;-2.458346;-0.2856023;;
35.087;-2.458671;-0.2845177;;
35.088;-2.458613;-0.2847095;;
35.088;-2.458619;-0.2846926;;
35.115;-2.462209;-0.2723059;;
35.117;-2.462236;-0.2722153;;
35.12;-2.463222;-0.2687008;;
35.121;-2.463442;-0.2679159;;
35.122;-2.463456;-0.2678648;;
35.123;-2.463461;-0.267846;;
35.15;-2.466908;-0.2551232;;
35.152;-2.466929;-0.2550441;;
35.155;-2.467745;-0.251923;;
35.156;-2.468058;-0.2507274;;
35.157;-2.468058;-0.2507274;;
35.157;-2.468058;-0.2507274;;
35.185;-2.470922;-0.2393928;;
35.186;-2.470944;-0.2393067;;
35.188;-2.472845;-0.2314426;;
35.19;-2.473;-0.2308021;;
35.191;-2.473026;-0.2306926;;
35.192;-2.473048;-0.2306008;;
35.22;-2.476949;-0.2134657;;
35.221;-2.476976;-0.2133467;;
35.222;-2.476982;-0.2133195;;
35.223;-2.476983;-0.2133151;;
35.224;-2.476984;-0.2133126;;
35.226;-2.476984;-0.2133117;;
35.226;-2.476984;-0.2133117;;
35.253;-2.478696;-0.2053134;;
35.254;-2.478718;-0.2052094;;
35.256;-2.478725;-0.2051758;;
35.258;-2.478726;-0.2051696;;
35.259;-2.479214;-0.2028081;;
35.259;-2.479335;-0.202225;;
35.264728;;;-0.920746938264305;-0.658605333749913
35.014;-2.446208;-0.3235564;;
35.015;-2.446225;-0.3235077;;
35.017;-2.446233;-0.3234869;;
35.019;-2.446235;-0.3234811;;
35.019;-2.446235;-0.3234806;;
35.02;-2.446235;-0.3234803;;
35.048;-2.451604;-0.3073137;;
35.05;-2.451712;-0.3069892;;
35.052;-2.451738;-0.3069101;;
35.054;-2.451746;-0.3068875;;
35.06;-2.451747;-0.3068845;;
35.061;-2.451747;-0.3068844;;
35.081;-2.457439;-0.2886295;;
35.083;-2.457486;-0.2884765;;
35.086;-2.458346;-0.2856023;;
35.087;-2.458671;-0.2845177;;
35.088;-2.458613;-0.2847095;;
35.088;-2.458619;-0.2846926;;
35.115;-2.462209;-0.2723059;;
35.117;-2.462236;-0.2722153;;
35.12;-2.463222;-0.2687008;;
35.121;-2.463442;-0.2679159;;
35.122;-2.463456;-0.2678648;;
35.123;-2.463461;-0.267846;;
35.15;-2.466908;-0.2551232;;
35.152;-2.466929;-0.2550441;;
35.155;-2.467745;-0.251923;;
35.156;-2.468058;-0.2507274;;
35.157;-2.468058;-0.2507274;;
35.157;-2.468058;-0.2507274;;
35.185;-2.470922;-0.2393928;;
35.186;-2.470944;-0.2393067;;
35.188;-2.472845;-0.2314426;;
35.19;-2.473;-0.2308021;;
35.191;-2.473026;-0.2306926;;
35.192;-2.473048;-0.2306008;;
35.22;-2.476949;-0.2134657;;
35.221;-2.476976;-0.2133467;;
35.222;-2.476982;-0.2133195;;
35.223;-2.476983;-0.2133151;;
35.224;-2.476984;-0.2133126;;
35.226;-2.476984;-0.2133117;;
35.226;-2.476984;-0.2133117;;
35.253;-2.478696;-0.2053134;;
35.254;-2.478718;-0.2052094;;
35.256;-2.478725;-0.2051758;;
35.258;-2.478726;-0.2051696;;
35.259;-2.479214;-0.2028081;;
35.259;-2.479335;-0.202225;;
35.287;-2.483696;-0.1798254;;
35.289;-2.48373;-0.1796533;;
35.29;-2.483733;-0.1796375;;
35.291;-2.483734;-0.1796321;;
35.293;-2.483735;-0.1796253;;
35.3211523;;;-0.927443258351255;-0.657196965625443
35.048;-2.451604;-0.3073137;;
35.05;-2.451712;-0.3069892;;
35.052;-2.451738;-0.3069101;;
35.054;-2.451746;-0.3068875;;
35.06;-2.451747;-0.3068845;;
35.061;-2.451747;-0.3068844;;
35.081;-2.457439;-0.2886295;;
35.083;-2.457486;-0.2884765;;
35.086;-2.458346;-0.2856023;;
35.087;-2.458671;-0.2845177;;
35.088;-2.458613;-0.2847095;;
35.088;-2.458619;-0.2846926;;
35.115;-2.462209;-0.2723059;;
35.117;-2.462236;-0.2722153;;
35.12;-2.463222;-0.2687008;;
35.121;-2.463442;-0.2679159;;
35.122;-2.463456;-0.2678648;;
35.123;-2.463461;-0.267846;;
35.15;-2.466908;-0.2551232;;
35.152;-2.466929;-0.2550441;;
35.155;-2.467745;-0.251923;;
35.156;-2.468058;-0.2507274;;
35.157;-2.468058;-0.2507274;;
35.157;-2.468058;-0.2507274;;
35.185;-2.470922;-0.2393928;;
35.186;-2.470944;-0.2393067;;
35.188;-2.472845;-0.2314426;;
35.19;-2.473;-0.2308021;;
35.191;-2.473026;-0.2306926;;
35.192;-2.473048;-0.2306008;;
35.22;-2.476949;-0.2134657;;
35.221;-2.476976;-0.2133467;;
35.222;-2.476982;-0.2133195;;
35.223;-2.476983;-0.2133151;;
35.224;-2.476984;-0.2133126;;
35.226;-2.476984;-0.2133117;;
35.226;-2.476984;-0.2133117;;
35.253;-2.478696;-0.2053134;;
35.254;-2.478718;-0.2052094;;
35.256;-2.478725;-0.2051758;;
35.258;-2.478726;-0.2051696;;
35.259;-2.479214;-0.2028081;;
35.259;-2.479335;-0.202225;;
35.287;-2.483696;-0.1798254;;
35.289;-2.48373;-0.1796533;;
35.29;-2.483733;-0.1796375;;
35.291;-2.483734;-0.1796321;;
35.293;-2.483735;-0.1796253;;
35.322;-2.48631;-0.1649034;;
35.323;-2.486267;-0.1651486;;
35.324;-2.48625;-0.1652474;;
35.327;-2.486297;-0.1649738;;
35.327;-2.486302;-0.1649485;;
35.329;-2.48631;-0.1649034;;
35.329;-2.48631;-0.1649034;;
35.33;-2.48631;-0.1649034;;
35.3402067;;;-0.942807471709887;-0.660570543523522
35.115;-2.462209;-0.2723059;;
35.117;-2.462236;-0.2722153;;
35.12;-2.463222;-0.2687008;;
35.121;-2.463442;-0.2679159;;
35.122;-2.463456;-0.2678648;;
35.123;-2.463461;-0.267846;;
35.15;-2.466908;-0.2551232;;
35.152;-2.466929;-0.2550441;;
35.155;-2.467745;-0.251923;;
35.156;-2.468058;-0.2507274;;
35.157;-2.468058;-0.2507274;;
35.157;-2.468058;-0.2507274;;
35.185;-2.470922;-0.2393928;;
35.186;-2.470944;-0.2393067;;
35.188;-2.472845;-0.2314426;;
35.19;-2.473;-0.2308021;;
35.191;-2.473026;-0.2306926;;
35.192;-2.473048;-0.2306008;;
35.22;-2.476949;-0.2134657;;
35.221;-2.476976;-0.2133467;;
35.222;-2.476982;-0.2133195;;
35.223;-2.476983;-0.2133151;;
35.224;-2.476984;-0.2133126;;
35.226;-2.476984;-0.2133117;;
35.226;-2.476984;-0.2133117;;
35.253;-2.478696;-0.2053134;;
35.254;-2.478718;-0.2052094;;
35.256;-2.478725;-0.2051758;;
35.258;-2.478726;-0.2051696;;
35.259;-2.479214;-0.2028081;;
35.259;-2.479335;-0.202225;;
35.287;-2.483696;-0.1798254;;
35.289;-2.48373;-0.1796533;;
35.29;-2.483733;-0.1796375;;
35.291;-2.483734;-0.1796321;;
35.293;-2.483735;-0.1796253;;
35.322;-2.48631;-0.1649034;;
35.323;-2.486267;-0.1651486;;
35.324;-2.48625;-0.1652474;;
35.327;-2.486297;-0.1649738;;
35.327;-2.486302;-0.1649485;;
35.329;-2.48631;-0.1649034;;
35.329;-2.48631;-0.1649034;;
35.33;-2.48631;-0.1649034;;
35.355;-2.487266;-0.1590772;;
35.356;-2.487272;-0.1590394;;
35.359;-2.487275;-0.1590228;;
35.36;-2.487275;-0.1590194;;
35.36;-2.487276;-0.1590188;;
35.389;-2.491;-0.1338413;;
35.3912061;;;-0.94418939456215;-0.66423355980847
35.115;-2.462209;-0.2723059;;
35.117;-2.462236;-0.2722153;;
35.12;-2.463222;-0.2687008;;
35.121;-2.463442;-0.2679159;;
35.122;-2.463456;-0.2678648;;
35.123;-2.463461;-0.267846;;
35.15;-2.466908;-0.2551232;;
35.152;-2.466929;-0.2550441;;
35.155;-2.467745;-0.251923;;
35.156;-2.468058;-0.2507274;;
35.157;-2.468058;-0.2507274;;
35.157;-2.468058;-0.2507274;;
35.185;-2.470922;-0.2393928;;
35.186;-2.470944;-0.2393067;;
35.188;-2.472845;-0.2314426;;
35.19;-2.473;-0.2308021;;
35.191;-2.473026;-0.2306926;;
35.192;-2.473048;-0.2306008;;
35.22;-2.476949;-0.2134657;;
35.221;-2.476976;-0.2133467;;
35.222;-2.476982;-0.2133195;;
35.223;-2.476983;-0.2133151;;
35.224;-2.476984;-0.2133126;;
35.226;-2.476984;-0.2133117;;
35.226;-2.476984;-0.2133117;;
35.253;-2.478696;-0.2053134;;
35.254;-2.478718;-0.2052094;;
35.256;-2.478725;-0.2051758;;
35.258;-2.478726;-0.2051696;;
35.259;-2.479214;-0.2028081;;
35.259;-2.479335;-0.202225;;
35.287;-2.483696;-0.1798254;;
35.289;-2.48373;-0.1796533;;
35.29;-2.483733;-0.1796375;;
35.291;-2.483734;-0.1796321;;
35.293;-2.483735;-0.1796253;;
35.322;-2.48631;-0.1649034;;
35.323;-2.486267;-0.1651486;;
35.324;-2.48625;-0.1652474;;
35.327;-2.486297;-0.1649738;;
35.327;-2.486302;-0.1649485;;
35.329;-2.48631;-0.1649034;;
35.329;-2.48631;-0.1649034;;
35.33;-2.48631;-0.1649034;;
35.355;-2.487266;-0.1590772;;
35.356;-2.487272;-0.1590394;;
35.359;-2.487275;-0.1590228;;
35.36;-2.487275;-0.1590194;;
35.36;-2.487276;-0.1590188;;
35.389;-2.491;-0.1338413;;
35.391;-2.491431;-0.1306268;;
35.392;-2.491399;-0.1308622;;
35.393;-2.491408;-0.1307934;;
35.394;-2.491486;-0.1302149;;
35.395;-2.491486;-0.1302149;;
35.4132648;;;-0.940672603776237;-0.664940461102896
35.185;-2.470922;-0.2393928;;
35.186;-2.470944;-0.2393067;;
35.188;-2.472845;-0.2314426;;
35.19;-2.473;-0.2308021;;
35.191;-2.473026;-0.2306926;;
35.192;-2.473048;-0.2306008;;
35.22;-2.476949;-0.2134657;;
35.221;-2.476976;-0.2133467;;
35.222;-2.476982;-0.2133195;;
35.223;-2.476983;-0.2133151;;
35.224;-2.476984;-0.2133126;;
35.226;-2.476984;-0.2133117;;
35.226;-2.476984;-0.2133117;;
35.253;-2.478696;-0.2053134;;
35.254;-2.478718;-0.2052094;;
35.256;-2.478725;-0.2051758;;
35.258;-2.478726;-0.2051696;;
35.259;-2.479214;-0.2028081;;
35.259;-2.479335;-0.202225;;
35.287;-2.483696;-0.1798254;;
35.289;-2.48373;-0.1796533;;
35.29;-2.483733;-0.1796375;;
35.291;-2.483734;-0.1796321;;
35.293;-2.483735;-0.1796253;;
35.322;-2.48631;-0.1649034;;
35.323;-2.486267;-0.1651486;;
35.324;-2.48625;-0.1652474;;
35.327;-2.486297;-0.1649738;;
35.327;-2.486302;-0.1649485;;
35.329;-2.48631;-0.1649034;;
35.329;-2.48631;-0.1649034;;
35.33;-2.48631;-0.1649034;;
35.355;-2.487266;-0.1590772;;
35.356;-2.487272;-0.1590394;;
35.359;-2.487275;-0.1590228;;
35.36;-2.487275;-0.1590194;;
35.36;-2.487276;-0.1590188;;
35.389;-2.491;-0.1338413;;
35.391;-2.491431;-0.1306268;;
35.392;-2.491399;-0.1308622;;
35.393;-2.491408;-0.1307934;;
35.394;-2.491486;-0.1302149;;
35.395;-2.491486;-0.1302149;;
35.423;-2.49245;-0.1226494;;
35.423;-2.492451;-0.1226399;;
35.425;-2.492456;-0.1225999;;
35.426;-2.492458;-0.1225859;;
35.427;-2.492458;-0.1225825;;
35.427;-2.492458;-0.1225818;;
35.428;-2.492459;-0.1225805;;
35.458;-2.493809;-0.1110977;;
35.458;-2.49457;-0.1039155;;
35.46;-2.494984;-0.1000064;;
35.461;-2.495019;-0.09967141;;
35.4772119;;;-0.94093864528647;-0.665026882563457
35.22;-2.476949;-0.2134657;;
35.221;-2.476976;-0.2133467;;
35.222;-2.476982;-0.2133195;;
35.223;-2.476983;-0.2133151;;
35.224;-2.476984;-0.2133126;;
35.226;-2.476984;-0.2133117;;
35.226;-2.476984;-0.2133117;;
35.253;-2.478696;-0.2053134;;
35.254;-2.478718;-0.2052094;;
35.256;-2.478725;-0.2051758;;
35.258;-2.478726;-0.2051696;;
35.259;-2.479214;-0.2028081;;
35.259;-2.479335;-0.202225;;
35.287;-2.483696;-0.1798254;;
35.289;-2.48373;-0.1796533;;
35.29;-2.483733;-0.1796375;;
35.291;-2.483734;-0.1796321;;
35.293;-2.483735;-0.1796253;;
35.322;-2.48631;-0.1649034;;
35.323;-2.486267;-0.1651486;;
35.324;-2.48625;-0.1652474;;
35.327;-2.486297;-0.1649738;;
35.327;-2.486302;-0.1649485;;
35.329;-2.48631;-0.1649034;;
35.329;-2.48631;-0.1649034;;
35.33;-2.48631;-0.1649034;;
35.355;-2.487266;-0.1590772;;
35.356;-2.487272;-0.1590394;;
35.359;-2.487275;-0.1590228;;
35.36;-2.487275;-0.1590194;;
35.36;-2.487276;-0.1590188;;
35.389;-2.491;-0.1338413;;
35.391;-2.491431;-0.1306268;;
35.392;-2.491399;-0.1308622;;
35.393;-2.491408;-0.1307934;;
35.394;-2.491486;-0.1302149;;
35.395;-2.491486;-0.1302149;;
35.423;-2.49245;-0.1226494;;
35.423;-2.492451;-0.1226399;;
35.425;-2.492456;-0.1225999;;
35.426;-2.492458;-0.1225859;;
35.427;-2.492458;-0.1225825;;
35.427;-2.492458;-0.1225818;;
35.428;-2.492459;-0.1225805;;
35.458;-2.493809;-0.1110977;;
35.458;-2.49457;-0.1039155;;
35.46;-2.494984;-0.1000064;;
35.461;-2.495019;-0.09967141;;
35.49;-2.49613;-0.08786648;;
35.492;-2.496152;-0.08763718;;
35.494;-2.496157;-0.08757795;;
35.495;-2.496158;-0.08757032;;
35.495;-2.496158;-0.0875695;;
35.496;-2.496159;-0.08756453;;
35.497;-2.496159;-0.08756381;;
35.498;-2.496159;-0.08756359;;
35.4995818;;;-0.978930504492915;-0.667590275716834
35.253;-2.478696;-0.2053134;;
35.254;-2.478718;-0.2052094;;
35.256;-2.478725;-0.2051758;;
35.258;-2.478726;-0.2051696;;
35.259;-2.479214;-0.2028081;;
35.259;-2.479335;-0.202225;;
35.287;-2.483696;-0.1798254;;
35.289;-2.48373;-0.1796533;;
35.29;-2.483733;-0.1796375;;
35.291;-2.483734;-0.1796321;;
35.293;-2.483735;-0.1796253;;
35.322;-2.48631;-0.1649034;;
35.323;-2.486267;-0.1651486;;
35.324;-2.48625;-0.1652474;;
35.327;-2.486297;-0.1649738;;
35.327;-2.486302;-0.1649485;;
35.329;-2.48631;-0.1649034;;
35.329;-2.48631;-0.1649034;;
35.33;-2.48631;-0.1649034;;
35.355;-2.487266;-0.1590772;;
35.356;-2.487272;-0.1590394;;
35.359;-2.487275;-0.1590228;;
35.36;-2.487275;-0.1590194;;
35.36;-2.487276;-0.1590188;;
35.389;-2.491;-0.1338413;;
35.391;-2.491431;-0.1306268;;
35.392;-2.491399;-0.1308622;;
35.393;-2.491408;-0.1307934;;
35.394;-2.491486;-0.1302149;;
35.395;-2.491486;-0.1302149;;
35.423;-2.49245;-0.1226494;;
35.423;-2.492451;-0.1226399;;
35.425;-2.492456;-0.1225999;;
35.426;-2.492458;-0.1225859;;
35.427;-2.492458;-0.1225825;;
35.427;-2.492458;-0.1225818;;
35.428;-2.492459;-0.1225805;;
35.458;-2.493809;-0.1110977;;
35.458;-2.49457;-0.1039155;;
35.46;-2.494984;-0.1000064;;
35.461;-2.495019;-0.09967141;;
35.49;-2.49613;-0.08786648;;
35.492;-2.496152;-0.08763718;;
35.494;-2.496157;-0.08757795;;
35.495;-2.496158;-0.08757032;;
35.495;-2.496158;-0.0875695;;
35.496;-2.496159;-0.08756453;;
35.497;-2.496159;-0.08756381;;
35.498;-2.496159;-0.08756359;;
35.525;-2.498362;-0.0572167;;
35.527;-2.498362;-0.0572167;;
35.529;-2.498362;-0.0572167;;
35.53;-2.498362;-0.0572167;;
35.531;-2.498362;-0.0572167;;
35.532;-2.498362;-0.0572167;;
35.558566;;;-0.783947794967694;-0.664609923106246
35.287;-2.483696;-0.1798254;;
35.289;-2.48373;-0.1796533;;
35.29;-2.483733;-0.1796375;;
35.291;-2.483734;-0.1796321;;
35.293;-2.483735;-0.1796253;;
35.322;-2.48631;-0.1649034;;
35.323;-2.486267;-0.1651486;;
35.324;-2.48625;-0.1652474;;
35.327;-2.486297;-0.1649738;;
35.327;-2.486302;-0.1649485;;
35.329;-2.48631;-0.1649034;;
35.329;-2.48631;-0.1649034;;
35.33;-2.48631;-0.1649034;;
35.355;-2.487266;-0.1590772;;
35.356;-2.487272;-0.1590394;;
35.359;-2.487275;-0.1590228;;
35.36;-2.487275;-0.1590194;;
35.36;-2.487276;-0.1590188;;
35.389;-2.491;-0.1338413;;
35.391;-2.491431;-0.1306268;;
35.392;-2.491399;-0.1308622;;
35.393;-2.491408;-0.1307934;;
35.394;-2.491486;-0.1302149;;
35.395;-2.491486;-0.1302149;;
35.423;-2.49245;-0.1226494;;
35.423;-2.492451;-0.1226399;;
35.425;-2.492456;-0.1225999;;
35.426;-2.492458;-0.1225859;;
35.427;-2.492458;-0.1225825;;
35.427;-2.492458;-0.1225818;;
35.428;-2.492459;-0.1225805;;
35.458;-2.493809;-0.1110977;;
35.458;-2.49457;-0.1039155;;
35.46;-2.494984;-0.1000064;;
35.461;-2.495019;-0.09967141;;
35.49;-2.49613;-0.08786648;;
35.492;-2.496152;-0.08763718;;
35.494;-2.496157;-0.08757795;;
35.495;-2.496158;-0.08757032;;
35.495;-2.496158;-0.0875695;;
35.496;-2.496159;-0.08756453;;
35.497;-2.496159;-0.08756381;;
35.498;-2.496159;-0.08756359;;
35.525;-2.498362;-0.0572167;;
35.527;-2.498362;-0.0572167;;
35.529;-2.498362;-0.0572167;;
35.53;-2.498362;-0.0572167;;
35.531;-2.498362;-0.0572167;;
35.532;-2.498362;-0.0572167;;
35.56;-2.498891;-0.04707432;;
35.561;-2.498874;-0.04741238;;
35.564;-2.498886;-0.04716883;;
35.565;-2.498891;-0.04707432;;
35.566;-2.498891;-0.04707432;;
35.566;-2.498891;-0.04707432;;
35.5810787;;;-0.42130158543663;-0.650127296636919
35.322;-2.48631;-0.1649034;;
35.323;-2.486267;-0.1651486;;
35.324;-2.48625;-0.1652474;;
35.327;-2.486297;-0.1649738;;
35.327;-2.486302;-0.1649485;;
35.329;-2.48631;-0.1649034;;
35.329;-2.48631;-0.1649034;;
35.33;-2.48631;-0.1649034;;
35.355;-2.487266;-0.1590772;;
35.356;-2.487272;-0.1590394;;
35.359;-2.487275;-0.1590228;;
35.36;-2.487275;-0.1590194;;
35.36;-2.487276;-0.1590188;;
35.389;-2.491;-0.1338413;;
35.391;-2.491431;-0.1306268;;
35.392;-2.491399;-0.1308622;;
35.393;-2.491408;-0.1307934;;
35.394;-2.491486;-0.1302149;;
35.395;-2.491486;-0.1302149;;
35.423;-2.49245;-0.1226494;;
35.423;-2.492451;-0.1226399;;
35.425;-2.492456;-0.1225999;;
35.426;-2.492458;-0.1225859;;
35.427;-2.492458;-0.1225825;;
35.427;-2.492458;-0.1225818;;
35.428;-2.492459;-0.1225805;;
35.458;-2.493809;-0.1110977;;
35.458;-2.49457;-0.1039155;;
35.46;-2.494984;-0.1000064;;
35.461;-2.495019;-0.09967141;;
35.49;-2.49613;-0.08786648;;
35.492;-2.496152;-0.08763718;;
35.494;-2.496157;-0.08757795;;
35.495;-2.496158;-0.08757032;;
35.495;-2.496158;-0.0875695;;
35.496;-2.496159;-0.08756453;;
35.497;-2.496159;-0.08756381;;
35.498;-2.496159;-0.08756359;;
35.525;-2.498362;-0.0572167;;
35.527;-2.498362;-0.0572167;;
35.529;-2.498362;-0.0572167;;
35.53;-2.498362;-0.0572167;;
35.531;-2.498362;-0.0572167;;
35.532;-2.498362;-0.0572167;;
35.56;-2.498891;-0.04707432;;
35.561;-2.498874;-0.04741238;;
35.564;-2.498886;-0.04716883;;
35.565;-2.498891;-0.04707432;;
35.566;-2.498891;-0.04707432;;
35.566;-2.498891;-0.04707432;;
35.594;-2.499379;-0.03523676;;
35.595;-2.499379;-0.03523676;;
35.596;-2.499379;-0.03523676;;
35.597;-2.499379;-0.03523676;;
35.597;-2.499379;-0.03523676;;
35.599;-2.499379;-0.03523676;;
35.6261268;;;-0.182446807189565;-0.629056690211474
35.355;-2.487266;-0.1590772;;
35.356;-2.487272;-0.1590394;;
35.359;-2.487275;-0.1590228;;
35.36;-2.487275;-0.1590194;;
35.36;-2.487276;-0.1590188;;
35.389;-2.491;-0.1338413;;
35.391;-2.491431;-0.1306268;;
35.392;-2.491399;-0.1308622;;
35.393;-2.491408;-0.1307934;;
35.394;-2.491486;-0.1302149;;
35.395;-2.491486;-0.1302149;;
35.423;-2.49245;-0.1226494;;
35.423;-2.492451;-0.1226399;;
35.425;-2.492456;-0.1225999;;
35.426;-2.492458;-0.1225859;;
35.427;-2.492458;-0.1225825;;
35.427;-2.492458;-0.1225818;;
35.428;-2.492459;-0.1225805;;
35.458;-2.493809;-0.1110977;;
35.458;-2.49457;-0.1039155;;
35.46;-2.494984;-0.1000064;;
35.461;-2.495019;-0.09967141;;
35.49;-2.49613;-0.08786648;;
35.492;-2.496152;-0.08763718;;
35.494;-2.496157;-0.08757795;;
35.495;-2.496158;-0.08757032;;
35.495;-2.496158;-0.0875695;;
35.496;-2.496159;-0.08756453;;
35.497;-2.496159;-0.08756381;;
35.498;-2.496159;-0.08756359;;
35.525;-2.498362;-0.0572167;;
35.527;-2.498362;-0.0572167;;
35.529;-2.498362;-0.0572167;;
35.53;-2.498362;-0.0572167;;
35.531;-2.498362;-0.0572167;;
35.532;-2.498362;-0.0572167;;
35.56;-2.498891;-0.04707432;;
35.561;-2.498874;-0.04741238;;
35.564;-2.498886;-0.04716883;;
35.565;-2.498891;-0.04707432;;
35.566;-2.498891;-0.04707432;;
35.566;-2.498891;-0.04707432;;
35.594;-2.499379;-0.03523676;;
35.595;-2.499379;-0.03523676;;
35.596;-2.499379;-0.03523676;;
35.597;-2.499379;-0.03523676;;
35.597;-2.499379;-0.03523676;;
35.599;-2.499379;-0.03523676;;
35.629;-2.499929;-0.01193731;;
35.63;-2.49992;-0.01230644;;
35.637;-2.499928;-0.01196315;;
35.638;-2.499928;-0.01194287;;
35.6522033;;;0.0120623820689455;-0.601007366987559
35.389;-2.491;-0.1338413;;
35.391;-2.491431;-0.1306268;;
35.392;-2.491399;-0.1308622;;
35.393;-2.491408;-0.1307934;;
35.394;-2.491486;-0.1302149;;
35.395;-2.491486;-0.1302149;;
35.423;-2.49245;-0.1226494;;
35.423;-2.492451;-0.1226399;;
35.425;-2.492456;-0.1225999;;
35.426;-2.492458;-0.1225859;;
35.427;-2.492458;-0.1225825;;
35.427;-2.492458;-0.1225818;;
35.428;-2.492459;-0.1225805;;
35.458;-2.493809;-0.1110977;;
35.458;-2.49457;-0.1039155;;
35.46;-2.494984;-0.1000064;;
35.461;-2.495019;-0.09967141;;
35.49;-2.49613;-0.08786648;;
35.492;-2.496152;-0.08763718;;
35.494;-2.496157;-0.08757795;;
35.495;-2.496158;-0.08757032;;
35.495;-2.496158;-0.0875695;;
35.496;-2.496159;-0.08756453;;
35.497;-2.496159;-0.08756381;;
35.498;-2.496159;-0.08756359;;
35.525;-2.498362;-0.0572167;;
35.527;-2.498362;-0.0572167;;
35.529;-2.498362;-0.0572167;;
35.53;-2.498362;-0.0572167;;
35.531;-2.498362;-0.0572167;;
35.532;-2.498362;-0.0572167;;
35.56;-2.498891;-0.04707432;;
35.561;-2.498874;-0.04741238;;
35.564;-2.498886;-0.04716883;;
35.565;-2.498891;-0.04707432;;
35.566;-2.498891;-0.04707432;;
35.566;-2.498891;-0.04707432;;
35.594;-2.499379;-0.03523676;;
35.595;-2.499379;-0.03523676;;
35.596;-2.499379;-0.03523676;;
35.597;-2.499379;-0.03523676;;
35.597;-2.499379;-0.03523676;;
35.599;-2.499379;-0.03523676;;
35.629;-2.499929;-0.01193731;;
35.63;-2.49992;-0.01230644;;
35.637;-2.499928;-0.01196315;;
35.638;-2.499928;-0.01194287;;
35.662;-2.499999;-0.0001482451;;
35.664;-2.5;-7.015785E-05;;
35.666;-2.5;-3.740788E-05;;
35.667;-2.5;-3.036575E-05;;
35.667;-2.5;-2.824996E-05;;
35.669;-2.5;-2.53952E-05;;
35.6891927;;;0.172483396819016;-0.563716403052015
35.423;-2.49245;-0.1226494;;
35.423;-2.492451;-0.1226399;;
35.425;-2.492456;-0.1225999;;
35.426;-2.492458;-0.1225859;;
35.427;-2.492458;-0.1225825;;
35.427;-2.492458;-0.1225818;;
35.428;-2.492459;-0.1225805;;
35.458;-2.493809;-0.1110977;;
35.458;-2.49457;-0.1039155;;
35.46;-2.494984;-0.1000064;;
35.461;-2.495019;-0.09967141;;
35.49;-2.49613;-0.08786648;;
35.492;-2.496152;-0.08763718;;
35.494;-2.496157;-0.08757795;;
35.495;-2.496158;-0.08757032;;
35.495;-2.496158;-0.0875695;;
35.496;-2.496159;-0.08756453;;
35.497;-2.496159;-0.08756381;;
35.498;-2.496159;-0.08756359;;
35.525;-2.498362;-0.0572167;;
35.527;-2.498362;-0.0572167;;
35.529;-2.498362;-0.0572167;;
35.53;-2.498362;-0.0572167;;
35.531;-2.498362;-0.0572167;;
35.532;-2.498362;-0.0572167;;
35.56;-2.498891;-0.04707432;;
35.561;-2.498874;-0.04741238;;
35.564;-2.498886;-0.04716883;;
35.565;-2.498891;-0.04707432;;
35.566;-2.498891;-0.04707432;;
35.566;-2.498891;-0.04707432;;
35.594;-2.499379;-0.03523676;;
35.595;-2.499379;-0.03523676;;
35.596;-2.499379;-0.03523676;;
35.597;-2.499379;-0.03523676;;
35.597;-2.499379;-0.03523676;;
35.599;-2.499379;-0.03523676;;
35.629;-2.499929;-0.01193731;;
35.63;-2.49992;-0.01230644;;
35.637;-2.499928;-0.01196315;;
35.638;-2.499928;-0.01194287;;
35.662;-2.499999;-0.0001482451;;
35.664;-2.5;-7.015785E-05;;
35.666;-2.5;-3.740788E-05;;
35.667;-2.5;-3.036575E-05;;
35.667;-2.5;-2.824996E-05;;
35.669;-2.5;-2.53952E-05;;
35.696;-2.499625;0.02725184;;
35.7;-2.499623;0.02740059;;
35.702;-2.499623;0.02744774;;
35.705;-2.499622;0.02749724;;
35.706;-2.499622;0.02750008;;
35.707;-2.499622;0.02750065;;
35.708;-2.499622;0.0275008;;
35.709;-2.499622;0.0275008;;
35.7262918;;;0.201440040448769;-0.51935739273215
35.49;-2.49613;-0.08786648;;
35.492;-2.496152;-0.08763718;;
35.494;-2.496157;-0.08757795;;
35.495;-2.496158;-0.08757032;;
35.495;-2.496158;-0.0875695;;
35.496;-2.496159;-0.08756453;;
35.497;-2.496159;-0.08756381;;
35.498;-2.496159;-0.08756359;;
35.525;-2.498362;-0.0572167;;
35.527;-2.498362;-0.0572167;;
35.529;-2.498362;-0.0572167;;
35.53;-2.498362;-0.0572167;;
35.531;-2.498362;-0.0572167;;
35.532;-2.498362;-0.0572167;;
35.56;-2.498891;-0.04707432;;
35.561;-2.498874;-0.04741238;;
35.564;-2.498886;-0.04716883;;
35.565;-2.498891;-0.04707432;;
35.566;-2.498891;-0.04707432;;
35.566;-2.498891;-0.04707432;;
35.594;-2.499379;-0.03523676;;
35.595;-2.499379;-0.03523676;;
35.596;-2.499379;-0.03523676;;
35.597;-2.499379;-0.03523676;;
35.597;-2.499379;-0.03523676;;
35.599;-2.499379;-0.03523676;;
35.629;-2.499929;-0.01193731;;
35.63;-2.49992;-0.01230644;;
35.637;-2.499928;-0.01196315;;
35.638;-2.499928;-0.01194287;;
35.662;-2.499999;-0.0001482451;;
35.664;-2.5;-7.015785E-05;;
35.666;-2.5;-3.740788E-05;;
35.667;-2.5;-3.036575E-05;;
35.667;-2.5;-2.824996E-05;;
35.669;-2.5;-2.53952E-05;;
35.696;-2.499625;0.02725184;;
35.7;-2.499623;0.02740059;;
35.702;-2.499623;0.02744774;;
35.705;-2.499622;0.02749724;;
35.706;-2.499622;0.02750008;;
35.707;-2.499622;0.02750065;;
35.708;-2.499622;0.0275008;;
35.709;-2.499622;0.0275008;;
35.731;-2.499037;0.04386824;;
35.732;-2.499037;0.04386824;;
35.734;-2.499037;0.04386824;;
35.736;-2.499037;0.04386824;;
35.736;-2.499037;0.04386824;;
35.738;-2.499037;0.04386824;;
35.765;-2.498626;0.05239235;;
35.766;-2.498623;0.05245015;;
35.767;-2.498623;0.05246076;;
35.769;-2.498623;0.0524691;;
35.77;-2.498622;0.05247113;;
35.7719129;;;0.152532235087967;-0.476879451849239
35.49;-2.49613;-0.08786648;;
35.492;-2.496152;-0.08763718;;
35.494;-2.496157;-0.08757795;;
35.495;-2.496158;-0.08757032;;
35.495;-2.496158;-0.0875695;;
35.496;-2.496159;-0.08756453;;
35.497;-2.496159;-0.08756381;;
35.498;-2.496159;-0.08756359;;
35.525;-2.498362;-0.0572167;;
35.527;-2.498362;-0.0572167;;
35.529;-2.498362;-0.0572167;;
35.53;-2.498362;-0.0572167;;
35.531;-2.498362;-0.0572167;;
35.532;-2.498362;-0.0572167;;
35.56;-2.498891;-0.04707432;;
35.561;-2.498874;-0.04741238;;
35.564;-2.498886;-0.04716883;;
35.565;-2.498891;-0.04707432;;
35.566;-2.498891;-0.04707432;;
35.566;-2.498891;-0.04707432;;
35.594;-2.499379;-0.03523676;;
35.595;-2.499379;-0.03523676;;
35.596;-2.499379;-0.03523676;;
35.597;-2.499379;-0.03523676;;
35.597;-2.499379;-0.03523676;;
35.599;-2.499379;-0.03523676;;
35.629;-2.499929;-0.01193731;;
35.63;-2.49992;-0.01230644;;
35.637;-2.499928;-0.01196315;;
35.638;-2.499928;-0.01194287;;
35.662;-2.499999;-0.0001482451;;
35.664;-2.5;-7.015785E-05;;
35.666;-2.5;-3.740788E-05;;
35.667;-2.5;-3.036575E-05;;
35.667;-2.5;-2.824996E-05;;
35.669;-2.5;-2.53952E-05;;
35.696;-2.499625;0.02725184;;
35.7;-2.499623;0.02740059;;
35.702;-2.499623;0.02744774;;
35.705;-2.499622;0.02749724;;
35.706;-2.499622;0.02750008;;
35.707;-2.499622;0.02750065;;
35.708;-2.499622;0.0275008;;
35.709;-2.499622;0.0275008;;
35.731;-2.499037;0.04386824;;
35.732;-2.499037;0.04386824;;
35.734;-2.499037;0.04386824;;
35.736;-2.499037;0.04386824;;
35.736;-2.499037;0.04386824;;
35.738;-2.499037;0.04386824;;
35.765;-2.498626;0.05239235;;
35.766;-2.498623;0.05245015;;
35.767;-2.498623;0.05246076;;
35.769;-2.498623;0.0524691;;
35.77;-2.498622;0.05247113;;
35.7931992;;;0.152532235087967;-0.433002968744187
35.56;-2.498891;-0.04707432;;
35.561;-2.498874;-0.04741238;;
35.564;-2.498886;-0.04716883;;
35.565;-2.498891;-0.04707432;;
35.566;-2.498891;-0.04707432;;
35.566;-2.498891;-0.04707432;;
35.594;-2.499379;-0.03523676;;
35.595;-2.499379;-0.03523676;;
35.596;-2.499379;-0.03523676;;
35.597;-2.499379;-0.03523676;;
35.597;-2.499379;-0.03523676;;
35.599;-2.499379;-0.03523676;;
35.629;-2.499929;-0.01193731;;
35.63;-2.49992;-0.01230644;;
35.637;-2.499928;-0.01196315;;
35.638;-2.499928;-0.01194287;;
35.662;-2.499999;-0.0001482451;;
35.664;-2.5;-7.015785E-05;;
35.666;-2.5;-3.740788E-05;;
35.667;-2.5;-3.036575E-05;;
35.667;-2.5;-2.824996E-05;;
35.669;-2.5;-2.53952E-05;;
35.696;-2.499625;0.02725184;;
35.7;-2.499623;0.02740059;;
35.702;-2.499623;0.02744774;;
35.705;-2.499622;0.02749724;;
35.706;-2.499622;0.02750008;;
35.707;-2.499622;0.02750065;;
35.708;-2.499622;0.0275008;;
35.709;-2.499622;0.0275008;;
35.731;-2.499037;0.04386824;;
35.732;-2.499037;0.04386824;;
35.734;-2.499037;0.04386824;;
35.736;-2.499037;0.04386824;;
35.736;-2.499037;0.04386824;;
35.738;-2.499037;0.04386824;;
35.765;-2.498626;0.05239235;;
35.766;-2.498623;0.05245015;;
35.767;-2.498623;0.05246076;;
35.769;-2.498623;0.0524691;;
35.77;-2.498622;0.05247113;;
35.772;-2.498005;0.06300142;;
35.798;-2.497098;0.07609159;;
35.8;-2.497088;0.07625249;;
35.802;-2.497086;0.07628888;;
35.804;-2.497085;0.07629558;;
35.805;-2.497085;0.07629722;;
35.806;-2.497085;0.07629947;;
35.832;-2.495123;0.09861411;;
35.838;-2.494682;0.1029851;;
35.839;-2.494666;0.1031445;;
35.84;-2.494663;0.1031762;;
35.841;-2.494663;0.1031825;;
35.841;-2.494662;0.103184;;
35.8491414;;;0.172821132733866;-0.388428483770661
35.594;-2.499379;-0.03523676;;
35.595;-2.499379;-0.03523676;;
35.596;-2.499379;-0.03523676;;
35.597;-2.499379;-0.03523676;;
35.597;-2.499379;-0.03523676;;
35.599;-2.499379;-0.03523676;;
35.629;-2.499929;-0.01193731;;
35.63;-2.49992;-0.01230644;;
35.637;-2.499928;-0.01196315;;
35.638;-2.499928;-0.01194287;;
35.662;-2.499999;-0.0001482451;;
35.664;-2.5;-7.015785E-05;;
35.666;-2.5;-3.740788E-05;;
35.667;-2.5;-3.036575E-05;;
35.667;-2.5;-2.824996E-05;;
35.669;-2.5;-2.53952E-05;;
35.696;-2.499625;0.02725184;;
35.7;-2.499623;0.02740059;;
35.702;-2.499623;0.02744774;;
35.705;-2.499622;0.02749724;;
35.706;-2.499622;0.02750008;;
35.707;-2.499622;0.02750065;;
35.708;-2.499622;0.0275008;;
35.709;-2.499622;0.0275008;;
35.731;-2.499037;0.04386824;;
35.732;-2.499037;0.04386824;;
35.734;-2.499037;0.04386824;;
35.736;-2.499037;0.04386824;;
35.736;-2.499037;0.04386824;;
35.738;-2.499037;0.04386824;;
35.765;-2.498626;0.05239235;;
35.766;-2.498623;0.05245015;;
35.767;-2.498623;0.05246076;;
35.769;-2.498623;0.0524691;;
35.77;-2.498622;0.05247113;;
35.772;-2.498005;0.06300142;;
35.798;-2.497098;0.07609159;;
35.8;-2.497088;0.07625249;;
35.802;-2.497086;0.07628888;;
35.804;-2.497085;0.07629558;;
35.805;-2.497085;0.07629722;;
35.806;-2.497085;0.07629947;;
35.832;-2.495123;0.09861411;;
35.838;-2.494682;0.1029851;;
35.839;-2.494666;0.1031445;;
35.84;-2.494663;0.1031762;;
35.841;-2.494663;0.1031825;;
35.841;-2.494662;0.103184;;
35.867;-2.494031;0.1091003;;
35.87;-2.494031;0.1091003;;
35.871;-2.494031;0.1091003;;
35.8732107;;;0.308925070290404;-0.338569967899149
35.629;-2.499929;-0.01193731;;
35.63;-2.49992;-0.01230644;;
35.637;-2.499928;-0.01196315;;
35.638;-2.499928;-0.01194287;;
35.662;-2.499999;-0.0001482451;;
35.664;-2.5;-7.015785E-05;;
35.666;-2.5;-3.740788E-05;;
35.667;-2.5;-3.036575E-05;;
35.667;-2.5;-2.824996E-05;;
35.669;-2.5;-2.53952E-05;;
35.696;-2.499625;0.02725184;;
35.7;-2.499623;0.02740059;;
35.702;-2.499623;0.02744774;;
35.705;-2.499622;0.02749724;;
35.706;-2.499622;0.02750008;;
35.707;-2.499622;0.02750065;;
35.708;-2.499622;0.0275008;;
35.709;-2.499622;0.0275008;;
35.731;-2.499037;0.04386824;;
35.732;-2.499037;0.04386824;;
35.734;-2.499037;0.04386824;;
35.736;-2.499037;0.04386824;;
35.736;-2.499037;0.04386824;;
35.738;-2.499037;0.04386824;;
35.765;-2.498626;0.05239235;;
35.766;-2.498623;0.05245015;;
35.767;-2.498623;0.05246076;;
35.769;-2.498623;0.0524691;;
35.77;-2.498622;0.05247113;;
35.772;-2.498005;0.06300142;;
35.798;-2.497098;0.07609159;;
35.8;-2.497088;0.07625249;;
35.802;-2.497086;0.07628888;;
35.804;-2.497085;0.07629558;;
35.805;-2.497085;0.07629722;;
35.806;-2.497085;0.07629947;;
35.832;-2.495123;0.09861411;;
35.838;-2.494682;0.1029851;;
35.839;-2.494666;0.1031445;;
35.84;-2.494663;0.1031762;;
35.841;-2.494663;0.1031825;;
35.841;-2.494662;0.103184;;
35.867;-2.494031;0.1091003;;
35.87;-2.494031;0.1091003;;
35.871;-2.494031;0.1091003;;
35.873;-2.493279;0.1157154;;
35.874;-2.493184;0.1165602;;
35.874;-2.493184;0.1165602;;
35.901;-2.491652;0.1289433;;
35.902;-2.491652;0.1289433;;
35.905;-2.491652;0.1289433;;
35.906;-2.491652;0.1289433;;
35.907;-2.491652;0.1289433;;
35.908;-2.491652;0.1289433;;
35.9168271;;;0.430475468626663;-0.284661695901732
35.662;-2.499999;-0.0001482451;;
35.664;-2.5;-7.015785E-05;;
35.666;-2.5;-3.740788E-05;;
35.667;-2.5;-3.036575E-05;;
35.667;-2.5;-2.824996E-05;;
35.669;-2.5;-2.53952E-05;;
35.696;-2.499625;0.02725184;;
35.7;-2.499623;0.02740059;;
35.702;-2.499623;0.02744774;;
35.705;-2.499622;0.02749724;;
35.706;-2.499622;0.02750008;;
35.707;-2.499622;0.02750065;;
35.708;-2.499622;0.0275008;;
35.709;-2.499622;0.0275008;;
35.731;-2.499037;0.04386824;;
35.732;-2.499037;0.04386824;;
35.734;-2.499037;0.04386824;;
35.736;-2.499037;0.04386824;;
35.736;-2.499037;0.04386824;;
35.738;-2.499037;0.04386824;;
35.765;-2.498626;0.05239235;;
35.766;-2.498623;0.05245015;;
35.767;-2.498623;0.05246076;;
35.769;-2.498623;0.0524691;;
35.77;-2.498622;0.05247113;;
35.772;-2.498005;0.06300142;;
35.798;-2.497098;0.07609159;;
35.8;-2.497088;0.07625249;;
35.802;-2.497086;0.07628888;;
35.804;-2.497085;0.07629558;;
35.805;-2.497085;0.07629722;;
35.806;-2.497085;0.07629947;;
35.832;-2.495123;0.09861411;;
35.838;-2.494682;0.1029851;;
35.839;-2.494666;0.1031445;;
35.84;-2.494663;0.1031762;;
35.841;-2.494663;0.1031825;;
35.841;-2.494662;0.103184;;
35.867;-2.494031;0.1091003;;
35.87;-2.494031;0.1091003;;
35.871;-2.494031;0.1091003;;
35.873;-2.493279;0.1157154;;
35.874;-2.493184;0.1165602;;
35.874;-2.493184;0.1165602;;
35.901;-2.491652;0.1289433;;
35.902;-2.491652;0.1289433;;
35.905;-2.491652;0.1289433;;
35.906;-2.491652;0.1289433;;
35.907;-2.491652;0.1289433;;
35.908;-2.491652;0.1289433;;
35.935;-2.490183;0.1397735;;
35.936;-2.490169;0.1398734;;
35.937;-2.490169;0.1398734;;
35.941;-2.48855;0.150863;;
35.943;-2.488454;0.1515192;;
35.943;-2.488439;0.1516192;;
35.9464053;;;0.382732517259035;-0.250994920591385
35.696;-2.499625;0.02725184;;
35.7;-2.499623;0.02740059;;
35.702;-2.499623;0.02744774;;
35.705;-2.499622;0.02749724;;
35.706;-2.499622;0.02750008;;
35.707;-2.499622;0.02750065;;
35.708;-2.499622;0.0275008;;
35.709;-2.499622;0.0275008;;
35.731;-2.499037;0.04386824;;
35.732;-2.499037;0.04386824;;
35.734;-2.499037;0.04386824;;
35.736;-2.499037;0.04386824;;
35.736;-2.499037;0.04386824;;
35.738;-2.499037;0.04386824;;
35.765;-2.498626;0.05239235;;
35.766;-2.498623;0.05245015;;
35.767;-2.498623;0.05246076;;
35.769;-2.498623;0.0524691;;
35.77;-2.498622;0.05247113;;
35.772;-2.498005;0.06300142;;
35.798;-2.497098;0.07609159;;
35.8;-2.497088;0.07625249;;
35.802;-2.497086;0.07628888;;
35.804;-2.497085;0.07629558;;
35.805;-2.497085;0.07629722;;
35.806;-2.497085;0.07629947;;
35.832;-2.495123;0.09861411;;
35.838;-2.494682;0.1029851;;
35.839;-2.494666;0.1031445;;
35.84;-2.494663;0.1031762;;
35.841;-2.494663;0.1031825;;
35.841;-2.494662;0.103184;;
35.867;-2.494031;0.1091003;;
35.87;-2.494031;0.1091003;;
35.871;-2.494031;0.1091003;;
35.873;-2.493279;0.1157154;;
35.874;-2.493184;0.1165602;;
35.874;-2.493184;0.1165602;;
35.901;-2.491652;0.1289433;;
35.902;-2.491652;0.1289433;;
35.905;-2.491652;0.1289433;;
35.906;-2.491652;0.1289433;;
35.907;-2.491652;0.1289433;;
35.908;-2.491652;0.1289433;;
35.935;-2.490183;0.1397735;;
35.936;-2.490169;0.1398734;;
35.937;-2.490169;0.1398734;;
35.941;-2.48855;0.150863;;
35.943;-2.488454;0.1515192;;
35.943;-2.488439;0.1516192;;
35.969;-2.485959;0.1669903;;
35.97;-2.485959;0.1669903;;
35.971;-2.485959;0.1669903;;
35.972;-2.485959;0.1669903;;
35.974;-2.484272;0.1766267;;
35.976;-2.484142;0.1773685;;
35.978;-2.484073;0.1777647;;
35.979774;;;0.209506652901902;-0.243987693458416
35.709;-2.499622;0.0275008;;
35.731;-2.499037;0.04386824;;
35.732;-2.499037;0.04386824;;
35.734;-2.499037;0.04386824;;
35.736;-2.499037;0.04386824;;
35.736;-2.499037;0.04386824;;
35.738;-2.499037;0.04386824;;
35.765;-2.498626;0.05239235;;
35.766;-2.498623;0.05245015;;
35.767;-2.498623;0.05246076;;
35.769;-2.498623;0.0524691;;
35.77;-2.498622;0.05247113;;
35.772;-2.498005;0.06300142;;
35.798;-2.497098;0.07609159;;
35.8;-2.497088;0.07625249;;
35.802;-2.497086;0.07628888;;
35.804;-2.497085;0.07629558;;
35.805;-2.497085;0.07629722;;
35.806;-2.497085;0.07629947;;
35.832;-2.495123;0.09861411;;
35.838;-2.494682;0.1029851;;
35.839;-2.494666;0.1031445;;
35.84;-2.494663;0.1031762;;
35.841;-2.494663;0.1031825;;
35.841;-2.494662;0.103184;;
35.867;-2.494031;0.1091003;;
35.87;-2.494031;0.1091003;;
35.871;-2.494031;0.1091003;;
35.873;-2.493279;0.1157154;;
35.874;-2.493184;0.1165602;;
35.874;-2.493184;0.1165602;;
35.901;-2.491652;0.1289433;;
35.902;-2.491652;0.1289433;;
35.905;-2.491652;0.1289433;;
35.906;-2.491652;0.1289433;;
35.907;-2.491652;0.1289433;;
35.908;-2.491652;0.1289433;;
35.935;-2.490183;0.1397735;;
35.936;-2.490169;0.1398734;;
35.937;-2.490169;0.1398734;;
35.941;-2.48855;0.150863;;
35.943;-2.488454;0.1515192;;
35.943;-2.488439;0.1516192;;
35.969;-2.485959;0.1669903;;
35.97;-2.485959;0.1669903;;
35.971;-2.485959;0.1669903;;
35.972;-2.485959;0.1669903;;
35.974;-2.484272;0.1766267;;
35.976;-2.484142;0.1773685;;
35.978;-2.484073;0.1777647;;
36.003;-2.482891;0.1841879;;
36.003;-2.482408;0.1866954;;
36.004;-2.481291;0.1924994;;
36.006;-2.481062;0.193691;;
36.008;-2.481043;0.193788;;
36.0133654;;;0.0783946756903457;-0.254965112932871
35.765;-2.498626;0.05239235;;
35.766;-2.498623;0.05245015;;
35.767;-2.498623;0.05246076;;
35.769;-2.498623;0.0524691;;
35.77;-2.498622;0.05247113;;
35.772;-2.498005;0.06300142;;
35.798;-2.497098;0.07609159;;
35.8;-2.497088;0.07625249;;
35.802;-2.497086;0.07628888;;
35.804;-2.497085;0.07629558;;
35.805;-2.497085;0.07629722;;
35.806;-2.497085;0.07629947;;
35.832;-2.495123;0.09861411;;
35.838;-2.494682;0.1029851;;
35.839;-2.494666;0.1031445;;
35.84;-2.494663;0.1031762;;
35.841;-2.494663;0.1031825;;
35.841;-2.494662;0.103184;;
35.867;-2.494031;0.1091003;;
35.87;-2.494031;0.1091003;;
35.871;-2.494031;0.1091003;;
35.873;-2.493279;0.1157154;;
35.874;-2.493184;0.1165602;;
35.874;-2.493184;0.1165602;;
35.901;-2.491652;0.1289433;;
35.902;-2.491652;0.1289433;;
35.905;-2.491652;0.1289433;;
35.906;-2.491652;0.1289433;;
35.907;-2.491652;0.1289433;;
35.908;-2.491652;0.1289433;;
35.935;-2.490183;0.1397735;;
35.936;-2.490169;0.1398734;;
35.937;-2.490169;0.1398734;;
35.941;-2.48855;0.150863;;
35.943;-2.488454;0.1515192;;
35.943;-2.488439;0.1516192;;
35.969;-2.485959;0.1669903;;
35.97;-2.485959;0.1669903;;
35.971;-2.485959;0.1669903;;
35.972;-2.485959;0.1669903;;
35.974;-2.484272;0.1766267;;
35.976;-2.484142;0.1773685;;
35.978;-2.484073;0.1777647;;
36.003;-2.482891;0.1841879;;
36.003;-2.482408;0.1866954;;
36.004;-2.481291;0.1924994;;
36.006;-2.481062;0.193691;;
36.008;-2.481043;0.193788;;
36.035;-2.479542;0.2012362;;
36.039;-2.479511;0.2013894;;
36.041;-2.478196;0.2076055;;
36.043;-2.477294;0.2118703;;
36.043;-2.477151;0.2125468;;
36.044;-2.477151;0.2125468;;
36.0468424;;;-0.114332129305247;-0.271722644434527
35.798;-2.497098;0.07609159;;
35.8;-2.497088;0.07625249;;
35.802;-2.497086;0.07628888;;
35.804;-2.497085;0.07629558;;
35.805;-2.497085;0.07629722;;
35.806;-2.497085;0.07629947;;
35.832;-2.495123;0.09861411;;
35.838;-2.494682;0.1029851;;
35.839;-2.494666;0.1031445;;
35.84;-2.494663;0.1031762;;
35.841;-2.494663;0.1031825;;
35.841;-2.494662;0.103184;;
35.867;-2.494031;0.1091003;;
35.87;-2.494031;0.1091003;;
35.871;-2.494031;0.1091003;;
35.873;-2.493279;0.1157154;;
35.874;-2.493184;0.1165602;;
35.874;-2.493184;0.1165602;;
35.901;-2.491652;0.1289433;;
35.902;-2.491652;0.1289433;;
35.905;-2.491652;0.1289433;;
35.906;-2.491652;0.1289433;;
35.907;-2.491652;0.1289433;;
35.908;-2.491652;0.1289433;;
35.935;-2.490183;0.1397735;;
35.936;-2.490169;0.1398734;;
35.937;-2.490169;0.1398734;;
35.941;-2.48855;0.150863;;
35.943;-2.488454;0.1515192;;
35.943;-2.488439;0.1516192;;
35.969;-2.485959;0.1669903;;
35.97;-2.485959;0.1669903;;
35.971;-2.485959;0.1669903;;
35.972;-2.485959;0.1669903;;
35.974;-2.484272;0.1766267;;
35.976;-2.484142;0.1773685;;
35.978;-2.484073;0.1777647;;
36.003;-2.482891;0.1841879;;
36.003;-2.482408;0.1866954;;
36.004;-2.481291;0.1924994;;
36.006;-2.481062;0.193691;;
36.008;-2.481043;0.193788;;
36.035;-2.479542;0.2012362;;
36.039;-2.479511;0.2013894;;
36.041;-2.478196;0.2076055;;
36.043;-2.477294;0.2118703;;
36.043;-2.477151;0.2125468;;
36.044;-2.477151;0.2125468;;
36.07;-2.47581;0.2186193;;
36.072;-2.47581;0.2186193;;
36.075;-2.474004;0.226465;;
36.077;-2.473265;0.2296722;;
36.077;-2.47322;0.2298688;;
36.078;-2.473155;0.2301529;;
36.0799305;;;-0.348754917706752;-0.293687751881684
35.832;-2.495123;0.09861411;;
35.838;-2.494682;0.1029851;;
35.839;-2.494666;0.1031445;;
35.84;-2.494663;0.1031762;;
35.841;-2.494663;0.1031825;;
35.841;-2.494662;0.103184;;
35.867;-2.494031;0.1091003;;
35.87;-2.494031;0.1091003;;
35.871;-2.494031;0.1091003;;
35.873;-2.493279;0.1157154;;
35.874;-2.493184;0.1165602;;
35.874;-2.493184;0.1165602;;
35.901;-2.491652;0.1289433;;
35.902;-2.491652;0.1289433;;
35.905;-2.491652;0.1289433;;
35.906;-2.491652;0.1289433;;
35.907;-2.491652;0.1289433;;
35.908;-2.491652;0.1289433;;
35.935;-2.490183;0.1397735;;
35.936;-2.490169;0.1398734;;
35.937;-2.490169;0.1398734;;
35.941;-2.48855;0.150863;;
35.943;-2.488454;0.1515192;;
35.943;-2.488439;0.1516192;;
35.969;-2.485959;0.1669903;;
35.97;-2.485959;0.1669903;;
35.971;-2.485959;0.1669903;;
35.972;-2.485959;0.1669903;;
35.974;-2.484272;0.1766267;;
35.976;-2.484142;0.1773685;;
35.978;-2.484073;0.1777647;;
36.003;-2.482891;0.1841879;;
36.003;-2.482408;0.1866954;;
36.004;-2.481291;0.1924994;;
36.006;-2.481062;0.193691;;
36.008;-2.481043;0.193788;;
36.035;-2.479542;0.2012362;;
36.039;-2.479511;0.2013894;;
36.041;-2.478196;0.2076055;;
36.043;-2.477294;0.2118703;;
36.043;-2.477151;0.2125468;;
36.044;-2.477151;0.2125468;;
36.07;-2.47581;0.2186193;;
36.072;-2.47581;0.2186193;;
36.075;-2.474004;0.226465;;
36.077;-2.473265;0.2296722;;
36.077;-2.47322;0.2298688;;
36.078;-2.473155;0.2301529;;
36.103;-2.471858;0.2355662;;
36.106;-2.471858;0.2355662;;
36.108;-2.471858;0.2355662;;
36.108;-2.471858;0.2355662;;
36.109;-2.471858;0.2355662;;
36.1170293;;;-0.507648862813167;-0.311721223606696
35.867;-2.494031;0.1091003;;
35.87;-2.494031;0.1091003;;
35.871;-2.494031;0.1091003;;
35.873;-2.493279;0.1157154;;
35.874;-2.493184;0.1165602;;
35.874;-2.493184;0.1165602;;
35.901;-2.491652;0.1289433;;
35.902;-2.491652;0.1289433;;
35.905;-2.491652;0.1289433;;
35.906;-2.491652;0.1289433;;
35.907;-2.491652;0.1289433;;
35.908;-2.491652;0.1289433;;
35.935;-2.490183;0.1397735;;
35.936;-2.490169;0.1398734;;
35.937;-2.490169;0.1398734;;
35.941;-2.48855;0.150863;;
35.943;-2.488454;0.1515192;;
35.943;-2.488439;0.1516192;;
35.969;-2.485959;0.1669903;;
35.97;-2.485959;0.1669903;;
35.971;-2.485959;0.1669903;;
35.972;-2.485959;0.1669903;;
35.974;-2.484272;0.1766267;;
35.976;-2.484142;0.1773685;;
35.978;-2.484073;0.1777647;;
36.003;-2.482891;0.1841879;;
36.003;-2.482408;0.1866954;;
36.004;-2.481291;0.1924994;;
36.006;-2.481062;0.193691;;
36.008;-2.481043;0.193788;;
36.035;-2.479542;0.2012362;;
36.039;-2.479511;0.2013894;;
36.041;-2.478196;0.2076055;;
36.043;-2.477294;0.2118703;;
36.043;-2.477151;0.2125468;;
36.044;-2.477151;0.2125468;;
36.07;-2.47581;0.2186193;;
36.072;-2.47581;0.2186193;;
36.075;-2.474004;0.226465;;
36.077;-2.473265;0.2296722;;
36.077;-2.47322;0.2298688;;
36.078;-2.473155;0.2301529;;
36.103;-2.471858;0.2355662;;
36.106;-2.471858;0.2355662;;
36.108;-2.471858;0.2355662;;
36.108;-2.471858;0.2355662;;
36.109;-2.471858;0.2355662;;
36.137;-2.469357;0.2456525;;
36.138;-2.469339;0.2457277;;
36.139;-2.469336;0.2457396;;
36.14;-2.467451;0.2530361;;
36.142;-2.467142;0.2542337;;
36.144;-2.467112;0.2543493;;
36.145;-2.467103;0.2543856;;
36.1616597;;;-0.152390204795964;-0.294357330475416
35.901;-2.491652;0.1289433;;
35.902;-2.491652;0.1289433;;
35.905;-2.491652;0.1289433;;
35.906;-2.491652;0.1289433;;
35.907;-2.491652;0.1289433;;
35.908;-2.491652;0.1289433;;
35.935;-2.490183;0.1397735;;
35.936;-2.490169;0.1398734;;
35.937;-2.490169;0.1398734;;
35.941;-2.48855;0.150863;;
35.943;-2.488454;0.1515192;;
35.943;-2.488439;0.1516192;;
35.969;-2.485959;0.1669903;;
35.97;-2.485959;0.1669903;;
35.971;-2.485959;0.1669903;;
35.972;-2.485959;0.1669903;;
35.974;-2.484272;0.1766267;;
35.976;-2.484142;0.1773685;;
35.978;-2.484073;0.1777647;;
36.003;-2.482891;0.1841879;;
36.003;-2.482408;0.1866954;;
36.004;-2.481291;0.1924994;;
36.006;-2.481062;0.193691;;
36.008;-2.481043;0.193788;;
36.035;-2.479542;0.2012362;;
36.039;-2.479511;0.2013894;;
36.041;-2.478196;0.2076055;;
36.043;-2.477294;0.2118703;;
36.043;-2.477151;0.2125468;;
36.044;-2.477151;0.2125468;;
36.07;-2.47581;0.2186193;;
36.072;-2.47581;0.2186193;;
36.075;-2.474004;0.226465;;
36.077;-2.473265;0.2296722;;
36.077;-2.47322;0.2298688;;
36.078;-2.473155;0.2301529;;
36.103;-2.471858;0.2355662;;
36.106;-2.471858;0.2355662;;
36.108;-2.471858;0.2355662;;
36.108;-2.471858;0.2355662;;
36.109;-2.471858;0.2355662;;
36.137;-2.469357;0.2456525;;
36.138;-2.469339;0.2457277;;
36.139;-2.469336;0.2457396;;
36.14;-2.467451;0.2530361;;
36.142;-2.467142;0.2542337;;
36.144;-2.467112;0.2543493;;
36.145;-2.467103;0.2543856;;
36.171;-2.46404;0.2657559;;
36.172;-2.464016;0.2658426;;
36.18;-2.46401;0.2658651;;
36.181;-2.46401;0.2658657;;
36.182;-2.46401;0.2658658;;
36.1882377;;;-0.0632192750041855;-0.265225561024906
35.935;-2.490183;0.1397735;;
35.936;-2.490169;0.1398734;;
35.937;-2.490169;0.1398734;;
35.941;-2.48855;0.150863;;
35.943;-2.488454;0.1515192;;
35.943;-2.488439;0.1516192;;
35.969;-2.485959;0.1669903;;
35.97;-2.485959;0.1669903;;
35.971;-2.485959;0.1669903;;
35.972;-2.485959;0.1669903;;
35.974;-2.484272;0.1766267;;
35.976;-2.484142;0.1773685;;
35.978;-2.484073;0.1777647;;
36.003;-2.482891;0.1841879;;
36.003;-2.482408;0.1866954;;
36.004;-2.481291;0.1924994;;
36.006;-2.481062;0.193691;;
36.008;-2.481043;0.193788;;
36.035;-2.479542;0.2012362;;
36.039;-2.479511;0.2013894;;
36.041;-2.478196;0.2076055;;
36.043;-2.477294;0.2118703;;
36.043;-2.477151;0.2125468;;
36.044;-2.477151;0.2125468;;
36.07;-2.47581;0.2186193;;
36.072;-2.47581;0.2186193;;
36.075;-2.474004;0.226465;;
36.077;-2.473265;0.2296722;;
36.077;-2.47322;0.2298688;;
36.078;-2.473155;0.2301529;;
36.103;-2.471858;0.2355662;;
36.106;-2.471858;0.2355662;;
36.108;-2.471858;0.2355662;;
36.108;-2.471858;0.2355662;;
36.109;-2.471858;0.2355662;;
36.137;-2.469357;0.2456525;;
36.138;-2.469339;0.2457277;;
36.139;-2.469336;0.2457396;;
36.14;-2.467451;0.2530361;;
36.142;-2.467142;0.2542337;;
36.144;-2.467112;0.2543493;;
36.145;-2.467103;0.2543856;;
36.171;-2.46404;0.2657559;;
36.172;-2.464016;0.2658426;;
36.18;-2.46401;0.2658651;;
36.181;-2.46401;0.2658657;;
36.182;-2.46401;0.2658658;;
36.205;-2.460892;0.2769233;;
36.206;-2.460892;0.2769233;;
36.208;-2.460892;0.2769233;;
36.209;-2.459244;0.2824962;;
36.211;-2.457776;0.2874611;;
36.217;-2.454517;0.2981139;;
36.218;-2.454264;0.2989389;;
36.219;-2.453955;0.2999504;;
36.2253362;;;-0.0237046278248406;-0.230723933700311
35.969;-2.485959;0.1669903;;
35.97;-2.485959;0.1669903;;
35.971;-2.485959;0.1669903;;
35.972;-2.485959;0.1669903;;
35.974;-2.484272;0.1766267;;
35.976;-2.484142;0.1773685;;
35.978;-2.484073;0.1777647;;
36.003;-2.482891;0.1841879;;
36.003;-2.482408;0.1866954;;
36.004;-2.481291;0.1924994;;
36.006;-2.481062;0.193691;;
36.008;-2.481043;0.193788;;
36.035;-2.479542;0.2012362;;
36.039;-2.479511;0.2013894;;
36.041;-2.478196;0.2076055;;
36.043;-2.477294;0.2118703;;
36.043;-2.477151;0.2125468;;
36.044;-2.477151;0.2125468;;
36.07;-2.47581;0.2186193;;
36.072;-2.47581;0.2186193;;
36.075;-2.474004;0.226465;;
36.077;-2.473265;0.2296722;;
36.077;-2.47322;0.2298688;;
36.078;-2.473155;0.2301529;;
36.103;-2.471858;0.2355662;;
36.106;-2.471858;0.2355662;;
36.108;-2.471858;0.2355662;;
36.108;-2.471858;0.2355662;;
36.109;-2.471858;0.2355662;;
36.137;-2.469357;0.2456525;;
36.138;-2.469339;0.2457277;;
36.139;-2.469336;0.2457396;;
36.14;-2.467451;0.2530361;;
36.142;-2.467142;0.2542337;;
36.144;-2.467112;0.2543493;;
36.145;-2.467103;0.2543856;;
36.171;-2.46404;0.2657559;;
36.172;-2.464016;0.2658426;;
36.18;-2.46401;0.2658651;;
36.181;-2.46401;0.2658657;;
36.182;-2.46401;0.2658658;;
36.205;-2.460892;0.2769233;;
36.206;-2.460892;0.2769233;;
36.208;-2.460892;0.2769233;;
36.209;-2.459244;0.2824962;;
36.211;-2.457776;0.2874611;;
36.217;-2.454517;0.2981139;;
36.218;-2.454264;0.2989389;;
36.219;-2.453955;0.2999504;;
36.24;-2.452877;0.3033564;;
36.241;-2.452877;0.3033564;;
36.243;-2.452877;0.3033564;;
36.245;-2.452877;0.3033564;;
36.2621537;;;-0.0189876437264936;-0.19578333313782
36.003;-2.482891;0.1841879;;
36.003;-2.482408;0.1866954;;
36.004;-2.481291;0.1924994;;
36.006;-2.481062;0.193691;;
36.008;-2.481043;0.193788;;
36.035;-2.479542;0.2012362;;
36.039;-2.479511;0.2013894;;
36.041;-2.478196;0.2076055;;
36.043;-2.477294;0.2118703;;
36.043;-2.477151;0.2125468;;
36.044;-2.477151;0.2125468;;
36.07;-2.47581;0.2186193;;
36.072;-2.47581;0.2186193;;
36.075;-2.474004;0.226465;;
36.077;-2.473265;0.2296722;;
36.077;-2.47322;0.2298688;;
36.078;-2.473155;0.2301529;;
36.103;-2.471858;0.2355662;;
36.106;-2.471858;0.2355662;;
36.108;-2.471858;0.2355662;;
36.108;-2.471858;0.2355662;;
36.109;-2.471858;0.2355662;;
36.137;-2.469357;0.2456525;;
36.138;-2.469339;0.2457277;;
36.139;-2.469336;0.2457396;;
36.14;-2.467451;0.2530361;;
36.142;-2.467142;0.2542337;;
36.144;-2.467112;0.2543493;;
36.145;-2.467103;0.2543856;;
36.171;-2.46404;0.2657559;;
36.172;-2.464016;0.2658426;;
36.18;-2.46401;0.2658651;;
36.181;-2.46401;0.2658657;;
36.182;-2.46401;0.2658658;;
36.205;-2.460892;0.2769233;;
36.206;-2.460892;0.2769233;;
36.208;-2.460892;0.2769233;;
36.209;-2.459244;0.2824962;;
36.211;-2.457776;0.2874611;;
36.217;-2.454517;0.2981139;;
36.218;-2.454264;0.2989389;;
36.219;-2.453955;0.2999504;;
36.24;-2.452877;0.3033564;;
36.241;-2.452877;0.3033564;;
36.243;-2.452877;0.3033564;;
36.245;-2.452877;0.3033564;;
36.273;-2.447478;0.3198197;;
36.274;-2.447478;0.3198197;;
36.276;-2.447478;0.3198197;;
36.278;-2.447478;0.3198197;;
36.279;-2.447478;0.3198197;;
36.28;-2.447478;0.3198197;;
36.3072815;;;-0.0289627521386404;-0.160635459308157
36.035;-2.479542;0.2012362;;
36.039;-2.479511;0.2013894;;
36.041;-2.478196;0.2076055;;
36.043;-2.477294;0.2118703;;
36.043;-2.477151;0.2125468;;
36.044;-2.477151;0.2125468;;
36.07;-2.47581;0.2186193;;
36.072;-2.47581;0.2186193;;
36.075;-2.474004;0.226465;;
36.077;-2.473265;0.2296722;;
36.077;-2.47322;0.2298688;;
36.078;-2.473155;0.2301529;;
36.103;-2.471858;0.2355662;;
36.106;-2.471858;0.2355662;;
36.108;-2.471858;0.2355662;;
36.108;-2.471858;0.2355662;;
36.109;-2.471858;0.2355662;;
36.137;-2.469357;0.2456525;;
36.138;-2.469339;0.2457277;;
36.139;-2.469336;0.2457396;;
36.14;-2.467451;0.2530361;;
36.142;-2.467142;0.2542337;;
36.144;-2.467112;0.2543493;;
36.145;-2.467103;0.2543856;;
36.171;-2.46404;0.2657559;;
36.172;-2.464016;0.2658426;;
36.18;-2.46401;0.2658651;;
36.181;-2.46401;0.2658657;;
36.182;-2.46401;0.2658658;;
36.205;-2.460892;0.2769233;;
36.206;-2.460892;0.2769233;;
36.208;-2.460892;0.2769233;;
36.209;-2.459244;0.2824962;;
36.211;-2.457776;0.2874611;;
36.217;-2.454517;0.2981139;;
36.218;-2.454264;0.2989389;;
36.219;-2.453955;0.2999504;;
36.24;-2.452877;0.3033564;;
36.241;-2.452877;0.3033564;;
36.243;-2.452877;0.3033564;;
36.245;-2.452877;0.3033564;;
36.273;-2.447478;0.3198197;;
36.274;-2.447478;0.3198197;;
36.276;-2.447478;0.3198197;;
36.278;-2.447478;0.3198197;;
36.279;-2.447478;0.3198197;;
36.28;-2.447478;0.3198197;;
36.308;-2.441102;0.3381232;;
36.309;-2.441102;0.3381232;;
36.311;-2.441102;0.3381232;;
36.312;-2.441297;0.3375637;;
36.313;-2.441211;0.3378114;;
36.314;-2.441123;0.3380632;;
36.315;-2.441102;0.3381232;;
36.3278364;;;-0.0508029591643737;-0.126274442562088
36.07;-2.47581;0.2186193;;
36.072;-2.47581;0.2186193;;
36.075;-2.474004;0.226465;;
36.077;-2.473265;0.2296722;;
36.077;-2.47322;0.2298688;;
36.078;-2.473155;0.2301529;;
36.103;-2.471858;0.2355662;;
36.106;-2.471858;0.2355662;;
36.108;-2.471858;0.2355662;;
36.108;-2.471858;0.2355662;;
36.109;-2.471858;0.2355662;;
36.137;-2.469357;0.2456525;;
36.138;-2.469339;0.2457277;;
36.139;-2.469336;0.2457396;;
36.14;-2.467451;0.2530361;;
36.142;-2.467142;0.2542337;;
36.144;-2.467112;0.2543493;;
36.145;-2.467103;0.2543856;;
36.171;-2.46404;0.2657559;;
36.172;-2.464016;0.2658426;;
36.18;-2.46401;0.2658651;;
36.181;-2.46401;0.2658657;;
36.182;-2.46401;0.2658658;;
36.205;-2.460892;0.2769233;;
36.206;-2.460892;0.2769233;;
36.208;-2.460892;0.2769233;;
36.209;-2.459244;0.2824962;;
36.211;-2.457776;0.2874611;;
36.217;-2.454517;0.2981139;;
36.218;-2.454264;0.2989389;;
36.219;-2.453955;0.2999504;;
36.24;-2.452877;0.3033564;;
36.241;-2.452877;0.3033564;;
36.243;-2.452877;0.3033564;;
36.245;-2.452877;0.3033564;;
36.273;-2.447478;0.3198197;;
36.274;-2.447478;0.3198197;;
36.276;-2.447478;0.3198197;;
36.278;-2.447478;0.3198197;;
36.279;-2.447478;0.3198197;;
36.28;-2.447478;0.3198197;;
36.308;-2.441102;0.3381232;;
36.309;-2.441102;0.3381232;;
36.311;-2.441102;0.3381232;;
36.312;-2.441297;0.3375637;;
36.313;-2.441211;0.3378114;;
36.314;-2.441123;0.3380632;;
36.315;-2.441102;0.3381232;;
36.34;-2.43704;0.3492212;;
36.343;-2.43704;0.3492212;;
36.344;-2.43704;0.3492212;;
36.346;-2.43704;0.3492212;;
36.346;-2.43704;0.3492212;;
36.3738949;;;-0.0793907484653434;-0.0931482173578231
36.103;-2.471858;0.2355662;;
36.106;-2.471858;0.2355662;;
36.108;-2.471858;0.2355662;;
36.108;-2.471858;0.2355662;;
36.109;-2.471858;0.2355662;;
36.137;-2.469357;0.2456525;;
36.138;-2.469339;0.2457277;;
36.139;-2.469336;0.2457396;;
36.14;-2.467451;0.2530361;;
36.142;-2.467142;0.2542337;;
36.144;-2.467112;0.2543493;;
36.145;-2.467103;0.2543856;;
36.171;-2.46404;0.2657559;;
36.172;-2.464016;0.2658426;;
36.18;-2.46401;0.2658651;;
36.181;-2.46401;0.2658657;;
36.182;-2.46401;0.2658658;;
36.205;-2.460892;0.2769233;;
36.206;-2.460892;0.2769233;;
36.208;-2.460892;0.2769233;;
36.209;-2.459244;0.2824962;;
36.211;-2.457776;0.2874611;;
36.217;-2.454517;0.2981139;;
36.218;-2.454264;0.2989389;;
36.219;-2.453955;0.2999504;;
36.24;-2.452877;0.3033564;;
36.241;-2.452877;0.3033564;;
36.243;-2.452877;0.3033564;;
36.245;-2.452877;0.3033564;;
36.273;-2.447478;0.3198197;;
36.274;-2.447478;0.3198197;;
36.276;-2.447478;0.3198197;;
36.278;-2.447478;0.3198197;;
36.279;-2.447478;0.3198197;;
36.28;-2.447478;0.3198197;;
36.308;-2.441102;0.3381232;;
36.309;-2.441102;0.3381232;;
36.311;-2.441102;0.3381232;;
36.312;-2.441297;0.3375637;;
36.313;-2.441211;0.3378114;;
36.314;-2.441123;0.3380632;;
36.315;-2.441102;0.3381232;;
36.34;-2.43704;0.3492212;;
36.343;-2.43704;0.3492212;;
36.344;-2.43704;0.3492212;;
36.346;-2.43704;0.3492212;;
36.346;-2.43704;0.3492212;;
36.377;-2.427238;0.3744644;;
36.377;-2.427237;0.3744675;;
36.379;-2.427232;0.3744797;;
36.381;-2.427183;0.3746051;;
36.383;-2.427161;0.3746622;;
36.383;-2.42716;0.3746657;;
36.384;-2.427158;0.3746699;;
36.385;-2.427158;0.3746708;;
36.3959551;;;-0.243974679657351;-0.0663419109874724
36.137;-2.469357;0.2456525;;
36.138;-2.469339;0.2457277;;
36.139;-2.469336;0.2457396;;
36.14;-2.467451;0.2530361;;
36.142;-2.467142;0.2542337;;
36.144;-2.467112;0.2543493;;
36.145;-2.467103;0.2543856;;
36.171;-2.46404;0.2657559;;
36.172;-2.464016;0.2658426;;
36.18;-2.46401;0.2658651;;
36.181;-2.46401;0.2658657;;
36.182;-2.46401;0.2658658;;
36.205;-2.460892;0.2769233;;
36.206;-2.460892;0.2769233;;
36.208;-2.460892;0.2769233;;
36.209;-2.459244;0.2824962;;
36.211;-2.457776;0.2874611;;
36.217;-2.454517;0.2981139;;
36.218;-2.454264;0.2989389;;
36.219;-2.453955;0.2999504;;
36.24;-2.452877;0.3033564;;
36.241;-2.452877;0.3033564;;
36.243;-2.452877;0.3033564;;
36.245;-2.452877;0.3033564;;
36.273;-2.447478;0.3198197;;
36.274;-2.447478;0.3198197;;
36.276;-2.447478;0.3198197;;
36.278;-2.447478;0.3198197;;
36.279;-2.447478;0.3198197;;
36.28;-2.447478;0.3198197;;
36.308;-2.441102;0.3381232;;
36.309;-2.441102;0.3381232;;
36.311;-2.441102;0.3381232;;
36.312;-2.441297;0.3375637;;
36.313;-2.441211;0.3378114;;
36.314;-2.441123;0.3380632;;
36.315;-2.441102;0.3381232;;
36.34;-2.43704;0.3492212;;
36.343;-2.43704;0.3492212;;
36.344;-2.43704;0.3492212;;
36.346;-2.43704;0.3492212;;
36.346;-2.43704;0.3492212;;
36.377;-2.427238;0.3744644;;
36.377;-2.427237;0.3744675;;
36.379;-2.427232;0.3744797;;
36.381;-2.427183;0.3746051;;
36.383;-2.427161;0.3746622;;
36.383;-2.42716;0.3746657;;
36.384;-2.427158;0.3746699;;
36.385;-2.427158;0.3746708;;
36.41;-2.424241;0.3818097;;
36.41;-2.424241;0.3818097;;
36.412;-2.424241;0.3818097;;
36.413;-2.424241;0.3818097;;
36.414;-2.424241;0.3818097;;
36.4411215;;;-0.530888170402729;-0.0491095135224652
36.171;-2.46404;0.2657559;;
36.172;-2.464016;0.2658426;;
36.18;-2.46401;0.2658651;;
36.181;-2.46401;0.2658657;;
36.182;-2.46401;0.2658658;;
36.205;-2.460892;0.2769233;;
36.206;-2.460892;0.2769233;;
36.208;-2.460892;0.2769233;;
36.209;-2.459244;0.2824962;;
36.211;-2.457776;0.2874611;;
36.217;-2.454517;0.2981139;;
36.218;-2.454264;0.2989389;;
36.219;-2.453955;0.2999504;;
36.24;-2.452877;0.3033564;;
36.241;-2.452877;0.3033564;;
36.243;-2.452877;0.3033564;;
36.245;-2.452877;0.3033564;;
36.273;-2.447478;0.3198197;;
36.274;-2.447478;0.3198197;;
36.276;-2.447478;0.3198197;;
36.278;-2.447478;0.3198197;;
36.279;-2.447478;0.3198197;;
36.28;-2.447478;0.3198197;;
36.308;-2.441102;0.3381232;;
36.309;-2.441102;0.3381232;;
36.311;-2.441102;0.3381232;;
36.312;-2.441297;0.3375637;;
36.313;-2.441211;0.3378114;;
36.314;-2.441123;0.3380632;;
36.315;-2.441102;0.3381232;;
36.34;-2.43704;0.3492212;;
36.343;-2.43704;0.3492212;;
36.344;-2.43704;0.3492212;;
36.346;-2.43704;0.3492212;;
36.346;-2.43704;0.3492212;;
36.377;-2.427238;0.3744644;;
36.377;-2.427237;0.3744675;;
36.379;-2.427232;0.3744797;;
36.381;-2.427183;0.3746051;;
36.383;-2.427161;0.3746622;;
36.383;-2.42716;0.3746657;;
36.384;-2.427158;0.3746699;;
36.385;-2.427158;0.3746708;;
36.41;-2.424241;0.3818097;;
36.41;-2.424241;0.3818097;;
36.412;-2.424241;0.3818097;;
36.413;-2.424241;0.3818097;;
36.414;-2.424241;0.3818097;;
36.444;-2.415292;0.4027747;;
36.45;-2.415129;0.4031558;;
36.451;-2.415076;0.4032805;;
36.452;-2.415069;0.403298;;
36.452;-2.415066;0.4033028;;
36.453;-2.415066;0.4033028;;
36.454;-2.415066;0.4033028;;
36.465195;;;-0.7901633828268;-0.0493485745939693
36.182;-2.46401;0.2658658;;
36.205;-2.460892;0.2769233;;
36.206;-2.460892;0.2769233;;
36.208;-2.460892;0.2769233;;
36.209;-2.459244;0.2824962;;
36.211;-2.457776;0.2874611;;
36.217;-2.454517;0.2981139;;
36.218;-2.454264;0.2989389;;
36.219;-2.453955;0.2999504;;
36.24;-2.452877;0.3033564;;
36.241;-2.452877;0.3033564;;
36.243;-2.452877;0.3033564;;
36.245;-2.452877;0.3033564;;
36.273;-2.447478;0.3198197;;
36.274;-2.447478;0.3198197;;
36.276;-2.447478;0.3198197;;
36.278;-2.447478;0.3198197;;
36.279;-2.447478;0.3198197;;
36.28;-2.447478;0.3198197;;
36.308;-2.441102;0.3381232;;
36.309;-2.441102;0.3381232;;
36.311;-2.441102;0.3381232;;
36.312;-2.441297;0.3375637;;
36.313;-2.441211;0.3378114;;
36.314;-2.441123;0.3380632;;
36.315;-2.441102;0.3381232;;
36.34;-2.43704;0.3492212;;
36.343;-2.43704;0.3492212;;
36.344;-2.43704;0.3492212;;
36.346;-2.43704;0.3492212;;
36.346;-2.43704;0.3492212;;
36.377;-2.427238;0.3744644;;
36.377;-2.427237;0.3744675;;
36.379;-2.427232;0.3744797;;
36.381;-2.427183;0.3746051;;
36.383;-2.427161;0.3746622;;
36.383;-2.42716;0.3746657;;
36.384;-2.427158;0.3746699;;
36.385;-2.427158;0.3746708;;
36.41;-2.424241;0.3818097;;
36.41;-2.424241;0.3818097;;
36.412;-2.424241;0.3818097;;
36.413;-2.424241;0.3818097;;
36.414;-2.424241;0.3818097;;
36.444;-2.415292;0.4027747;;
36.45;-2.415129;0.4031558;;
36.451;-2.415076;0.4032805;;
36.452;-2.415069;0.403298;;
36.452;-2.415066;0.4033028;;
36.453;-2.415066;0.4033028;;
36.454;-2.415066;0.4033028;;
36.479;-2.410272;0.4140109;;
36.48;-2.410272;0.4140109;;
36.5041479;;;-0.749186236169987;-0.0619595226990984
36.24;-2.452877;0.3033564;;
36.241;-2.452877;0.3033564;;
36.243;-2.452877;0.3033564;;
36.245;-2.452877;0.3033564;;
36.273;-2.447478;0.3198197;;
36.274;-2.447478;0.3198197;;
36.276;-2.447478;0.3198197;;
36.278;-2.447478;0.3198197;;
36.279;-2.447478;0.3198197;;
36.28;-2.447478;0.3198197;;
36.308;-2.441102;0.3381232;;
36.309;-2.441102;0.3381232;;
36.311;-2.441102;0.3381232;;
36.312;-2.441297;0.3375637;;
36.313;-2.441211;0.3378114;;
36.314;-2.441123;0.3380632;;
36.315;-2.441102;0.3381232;;
36.34;-2.43704;0.3492212;;
36.343;-2.43704;0.3492212;;
36.344;-2.43704;0.3492212;;
36.346;-2.43704;0.3492212;;
36.346;-2.43704;0.3492212;;
36.377;-2.427238;0.3744644;;
36.377;-2.427237;0.3744675;;
36.379;-2.427232;0.3744797;;
36.381;-2.427183;0.3746051;;
36.383;-2.427161;0.3746622;;
36.383;-2.42716;0.3746657;;
36.384;-2.427158;0.3746699;;
36.385;-2.427158;0.3746708;;
36.41;-2.424241;0.3818097;;
36.41;-2.424241;0.3818097;;
36.412;-2.424241;0.3818097;;
36.413;-2.424241;0.3818097;;
36.414;-2.424241;0.3818097;;
36.444;-2.415292;0.4027747;;
36.45;-2.415129;0.4031558;;
36.451;-2.415076;0.4032805;;
36.452;-2.415069;0.403298;;
36.452;-2.415066;0.4033028;;
36.453;-2.415066;0.4033028;;
36.454;-2.415066;0.4033028;;
36.479;-2.410272;0.4140109;;
36.48;-2.410272;0.4140109;;
36.51;-2.398917;0.4380999;;
36.512;-2.398668;0.4386267;;
36.514;-2.39864;0.4386876;;
36.516;-2.398637;0.4386925;;
36.516;-2.398637;0.438693;;
36.518;-2.398636;0.4386952;;
36.518;-2.398636;0.4386954;;
36.519;-2.398636;0.4386955;;
36.52;-2.398636;0.4386955;;
36.5417495;;;-0.679162571898627;-0.0810639751879085
36.308;-2.441102;0.3381232;;
36.309;-2.441102;0.3381232;;
36.311;-2.441102;0.3381232;;
36.312;-2.441297;0.3375637;;
36.313;-2.441211;0.3378114;;
36.314;-2.441123;0.3380632;;
36.315;-2.441102;0.3381232;;
36.34;-2.43704;0.3492212;;
36.343;-2.43704;0.3492212;;
36.344;-2.43704;0.3492212;;
36.346;-2.43704;0.3492212;;
36.346;-2.43704;0.3492212;;
36.377;-2.427238;0.3744644;;
36.377;-2.427237;0.3744675;;
36.379;-2.427232;0.3744797;;
36.381;-2.427183;0.3746051;;
36.383;-2.427161;0.3746622;;
36.383;-2.42716;0.3746657;;
36.384;-2.427158;0.3746699;;
36.385;-2.427158;0.3746708;;
36.41;-2.424241;0.3818097;;
36.41;-2.424241;0.3818097;;
36.412;-2.424241;0.3818097;;
36.413;-2.424241;0.3818097;;
36.414;-2.424241;0.3818097;;
36.444;-2.415292;0.4027747;;
36.45;-2.415129;0.4031558;;
36.451;-2.415076;0.4032805;;
36.452;-2.415069;0.403298;;
36.452;-2.415066;0.4033028;;
36.453;-2.415066;0.4033028;;
36.454;-2.415066;0.4033028;;
36.479;-2.410272;0.4140109;;
36.48;-2.410272;0.4140109;;
36.51;-2.398917;0.4380999;;
36.512;-2.398668;0.4386267;;
36.514;-2.39864;0.4386876;;
36.516;-2.398637;0.4386925;;
36.516;-2.398637;0.438693;;
36.518;-2.398636;0.4386952;;
36.518;-2.398636;0.4386954;;
36.519;-2.398636;0.4386955;;
36.52;-2.398636;0.4386955;;
36.545;-2.391588;0.4528466;;
36.546;-2.391588;0.4528466;;
36.548;-2.391588;0.4528466;;
36.549;-2.391588;0.4528466;;
36.551;-2.391588;0.4528466;;
36.579;-2.387258;0.4612729;;
36.58;-2.387258;0.4612729;;
36.581;-2.387258;0.4612729;;
36.583;-2.387258;0.4612729;;
36.584;-2.387258;0.4612729;;
36.584;-2.387258;0.4612729;;
36.5861243;;;-0.626625719880463;-0.105628902185963
36.34;-2.43704;0.3492212;;
36.343;-2.43704;0.3492212;;
36.344;-2.43704;0.3492212;;
36.346;-2.43704;0.3492212;;
36.346;-2.43704;0.3492212;;
36.377;-2.427238;0.3744644;;
36.377;-2.427237;0.3744675;;
36.379;-2.427232;0.3744797;;
36.381;-2.427183;0.3746051;;
36.383;-2.427161;0.3746622;;
36.383;-2.42716;0.3746657;;
36.384;-2.427158;0.3746699;;
36.385;-2.427158;0.3746708;;
36.41;-2.424241;0.3818097;;
36.41;-2.424241;0.3818097;;
36.412;-2.424241;0.3818097;;
36.413;-2.424241;0.3818097;;
36.414;-2.424241;0.3818097;;
36.444;-2.415292;0.4027747;;
36.45;-2.415129;0.4031558;;
36.451;-2.415076;0.4032805;;
36.452;-2.415069;0.403298;;
36.452;-2.415066;0.4033028;;
36.453;-2.415066;0.4033028;;
36.454;-2.415066;0.4033028;;
36.479;-2.410272;0.4140109;;
36.48;-2.410272;0.4140109;;
36.51;-2.398917;0.4380999;;
36.512;-2.398668;0.4386267;;
36.514;-2.39864;0.4386876;;
36.516;-2.398637;0.4386925;;
36.516;-2.398637;0.438693;;
36.518;-2.398636;0.4386952;;
36.518;-2.398636;0.4386954;;
36.519;-2.398636;0.4386955;;
36.52;-2.398636;0.4386955;;
36.545;-2.391588;0.4528466;;
36.546;-2.391588;0.4528466;;
36.548;-2.391588;0.4528466;;
36.549;-2.391588;0.4528466;;
36.551;-2.391588;0.4528466;;
36.579;-2.387258;0.4612729;;
36.58;-2.387258;0.4612729;;
36.581;-2.387258;0.4612729;;
36.583;-2.387258;0.4612729;;
36.584;-2.387258;0.4612729;;
36.584;-2.387258;0.4612729;;
36.613;-2.376405;0.481566;;
36.615;-2.376261;0.4818344;;
36.6166829;;;-0.588349526841641;-0.134891706942142
36.377;-2.427238;0.3744644;;
36.377;-2.427237;0.3744675;;
36.379;-2.427232;0.3744797;;
36.381;-2.427183;0.3746051;;
36.383;-2.427161;0.3746622;;
36.383;-2.42716;0.3746657;;
36.384;-2.427158;0.3746699;;
36.385;-2.427158;0.3746708;;
36.41;-2.424241;0.3818097;;
36.41;-2.424241;0.3818097;;
36.412;-2.424241;0.3818097;;
36.413;-2.424241;0.3818097;;
36.414;-2.424241;0.3818097;;
36.444;-2.415292;0.4027747;;
36.45;-2.415129;0.4031558;;
36.451;-2.415076;0.4032805;;
36.452;-2.415069;0.403298;;
36.452;-2.415066;0.4033028;;
36.453;-2.415066;0.4033028;;
36.454;-2.415066;0.4033028;;
36.479;-2.410272;0.4140109;;
36.48;-2.410272;0.4140109;;
36.51;-2.398917;0.4380999;;
36.512;-2.398668;0.4386267;;
36.514;-2.39864;0.4386876;;
36.516;-2.398637;0.4386925;;
36.516;-2.398637;0.438693;;
36.518;-2.398636;0.4386952;;
36.518;-2.398636;0.4386954;;
36.519;-2.398636;0.4386955;;
36.52;-2.398636;0.4386955;;
36.545;-2.391588;0.4528466;;
36.546;-2.391588;0.4528466;;
36.548;-2.391588;0.4528466;;
36.549;-2.391588;0.4528466;;
36.551;-2.391588;0.4528466;;
36.579;-2.387258;0.4612729;;
36.58;-2.387258;0.4612729;;
36.581;-2.387258;0.4612729;;
36.583;-2.387258;0.4612729;;
36.584;-2.387258;0.4612729;;
36.584;-2.387258;0.4612729;;
36.613;-2.376405;0.481566;;
36.615;-2.376261;0.4818344;;
36.616;-2.372869;0.4879337;;
36.617;-2.371881;0.4897088;;
36.618;-2.37181;0.4898363;;
36.619;-2.37143;0.4905195;;
36.647;-2.364454;0.502707;;
36.649;-2.364372;0.5028523;;
36.651;-2.363308;0.5046742;;
36.652;-2.362708;0.5057027;;
36.653;-2.362708;0.5057027;;
36.6608025;;;-0.587961938342462;-0.165253321511035
36.41;-2.424241;0.3818097;;
36.41;-2.424241;0.3818097;;
36.412;-2.424241;0.3818097;;
36.413;-2.424241;0.3818097;;
36.414;-2.424241;0.3818097;;
36.444;-2.415292;0.4027747;;
36.45;-2.415129;0.4031558;;
36.451;-2.415076;0.4032805;;
36.452;-2.415069;0.403298;;
36.452;-2.415066;0.4033028;;
36.453;-2.415066;0.4033028;;
36.454;-2.415066;0.4033028;;
36.479;-2.410272;0.4140109;;
36.48;-2.410272;0.4140109;;
36.51;-2.398917;0.4380999;;
36.512;-2.398668;0.4386267;;
36.514;-2.39864;0.4386876;;
36.516;-2.398637;0.4386925;;
36.516;-2.398637;0.438693;;
36.518;-2.398636;0.4386952;;
36.518;-2.398636;0.4386954;;
36.519;-2.398636;0.4386955;;
36.52;-2.398636;0.4386955;;
36.545;-2.391588;0.4528466;;
36.546;-2.391588;0.4528466;;
36.548;-2.391588;0.4528466;;
36.549;-2.391588;0.4528466;;
36.551;-2.391588;0.4528466;;
36.579;-2.387258;0.4612729;;
36.58;-2.387258;0.4612729;;
36.581;-2.387258;0.4612729;;
36.583;-2.387258;0.4612729;;
36.584;-2.387258;0.4612729;;
36.584;-2.387258;0.4612729;;
36.613;-2.376405;0.481566;;
36.615;-2.376261;0.4818344;;
36.616;-2.372869;0.4879337;;
36.617;-2.371881;0.4897088;;
36.618;-2.37181;0.4898363;;
36.619;-2.37143;0.4905195;;
36.647;-2.364454;0.502707;;
36.649;-2.364372;0.5028523;;
36.651;-2.363308;0.5046742;;
36.652;-2.362708;0.5057027;;
36.653;-2.362708;0.5057027;;
36.681;-2.356657;0.515886;;
36.682;-2.356657;0.515886;;
36.684;-2.353276;0.5214466;;
36.686;-2.352325;0.5230112;;
36.686;-2.352249;0.5231355;;
36.6946333;;;-0.422438041095927;-0.187367562902723
36.444;-2.415292;0.4027747;;
36.45;-2.415129;0.4031558;;
36.451;-2.415076;0.4032805;;
36.452;-2.415069;0.403298;;
36.452;-2.415066;0.4033028;;
36.453;-2.415066;0.4033028;;
36.454;-2.415066;0.4033028;;
36.479;-2.410272;0.4140109;;
36.48;-2.410272;0.4140109;;
36.51;-2.398917;0.4380999;;
36.512;-2.398668;0.4386267;;
36.514;-2.39864;0.4386876;;
36.516;-2.398637;0.4386925;;
36.516;-2.398637;0.438693;;
36.518;-2.398636;0.4386952;;
36.518;-2.398636;0.4386954;;
36.519;-2.398636;0.4386955;;
36.52;-2.398636;0.4386955;;
36.545;-2.391588;0.4528466;;
36.546;-2.391588;0.4528466;;
36.548;-2.391588;0.4528466;;
36.549;-2.391588;0.4528466;;
36.551;-2.391588;0.4528466;;
36.579;-2.387258;0.4612729;;
36.58;-2.387258;0.4612729;;
36.581;-2.387258;0.4612729;;
36.583;-2.387258;0.4612729;;
36.584;-2.387258;0.4612729;;
36.584;-2.387258;0.4612729;;
36.613;-2.376405;0.481566;;
36.615;-2.376261;0.4818344;;
36.616;-2.372869;0.4879337;;
36.617;-2.371881;0.4897088;;
36.618;-2.37181;0.4898363;;
36.619;-2.37143;0.4905195;;
36.647;-2.364454;0.502707;;
36.649;-2.364372;0.5028523;;
36.651;-2.363308;0.5046742;;
36.652;-2.362708;0.5057027;;
36.653;-2.362708;0.5057027;;
36.681;-2.356657;0.515886;;
36.682;-2.356657;0.515886;;
36.684;-2.353276;0.5214466;;
36.686;-2.352325;0.5230112;;
36.686;-2.352249;0.5231355;;
36.715;-2.347534;0.5307406;;
36.716;-2.34505;0.5346707;;
36.718;-2.343436;0.5372242;;
36.719;-2.343222;0.5375634;;
36.72;-2.343132;0.5377052;;
36.726;-2.343071;0.5378023;;
36.7391094;;;-0.573149827953934;-0.215278411481258
36.479;-2.410272;0.4140109;;
36.48;-2.410272;0.4140109;;
36.51;-2.398917;0.4380999;;
36.512;-2.398668;0.4386267;;
36.514;-2.39864;0.4386876;;
36.516;-2.398637;0.4386925;;
36.516;-2.398637;0.438693;;
36.518;-2.398636;0.4386952;;
36.518;-2.398636;0.4386954;;
36.519;-2.398636;0.4386955;;
36.52;-2.398636;0.4386955;;
36.545;-2.391588;0.4528466;;
36.546;-2.391588;0.4528466;;
36.548;-2.391588;0.4528466;;
36.549;-2.391588;0.4528466;;
36.551;-2.391588;0.4528466;;
36.579;-2.387258;0.4612729;;
36.58;-2.387258;0.4612729;;
36.581;-2.387258;0.4612729;;
36.583;-2.387258;0.4612729;;
36.584;-2.387258;0.4612729;;
36.584;-2.387258;0.4612729;;
36.613;-2.376405;0.481566;;
36.615;-2.376261;0.4818344;;
36.616;-2.372869;0.4879337;;
36.617;-2.371881;0.4897088;;
36.618;-2.37181;0.4898363;;
36.619;-2.37143;0.4905195;;
36.647;-2.364454;0.502707;;
36.649;-2.364372;0.5028523;;
36.651;-2.363308;0.5046742;;
36.652;-2.362708;0.5057027;;
36.653;-2.362708;0.5057027;;
36.681;-2.356657;0.515886;;
36.682;-2.356657;0.515886;;
36.684;-2.353276;0.5214466;;
36.686;-2.352325;0.5230112;;
36.686;-2.352249;0.5231355;;
36.715;-2.347534;0.5307406;;
36.716;-2.34505;0.5346707;;
36.718;-2.343436;0.5372242;;
36.719;-2.343222;0.5375634;;
36.72;-2.343132;0.5377052;;
36.726;-2.343071;0.5378023;;
36.749;-2.338121;0.5454828;;
36.75;-2.338084;0.5455412;;
36.753;-2.33807;0.5455627;;
36.754;-2.338068;0.5455659;;
36.7656624;;;-0.682566283826824;-0.248177927502823
36.51;-2.398917;0.4380999;;
36.512;-2.398668;0.4386267;;
36.514;-2.39864;0.4386876;;
36.516;-2.398637;0.4386925;;
36.516;-2.398637;0.438693;;
36.518;-2.398636;0.4386952;;
36.518;-2.398636;0.4386954;;
36.519;-2.398636;0.4386955;;
36.52;-2.398636;0.4386955;;
36.545;-2.391588;0.4528466;;
36.546;-2.391588;0.4528466;;
36.548;-2.391588;0.4528466;;
36.549;-2.391588;0.4528466;;
36.551;-2.391588;0.4528466;;
36.579;-2.387258;0.4612729;;
36.58;-2.387258;0.4612729;;
36.581;-2.387258;0.4612729;;
36.583;-2.387258;0.4612729;;
36.584;-2.387258;0.4612729;;
36.584;-2.387258;0.4612729;;
36.613;-2.376405;0.481566;;
36.615;-2.376261;0.4818344;;
36.616;-2.372869;0.4879337;;
36.617;-2.371881;0.4897088;;
36.618;-2.37181;0.4898363;;
36.619;-2.37143;0.4905195;;
36.647;-2.364454;0.502707;;
36.649;-2.364372;0.5028523;;
36.651;-2.363308;0.5046742;;
36.652;-2.362708;0.5057027;;
36.653;-2.362708;0.5057027;;
36.681;-2.356657;0.515886;;
36.682;-2.356657;0.515886;;
36.684;-2.353276;0.5214466;;
36.686;-2.352325;0.5230112;;
36.686;-2.352249;0.5231355;;
36.715;-2.347534;0.5307406;;
36.716;-2.34505;0.5346707;;
36.718;-2.343436;0.5372242;;
36.719;-2.343222;0.5375634;;
36.72;-2.343132;0.5377052;;
36.726;-2.343071;0.5378023;;
36.749;-2.338121;0.5454828;;
36.75;-2.338084;0.5455412;;
36.753;-2.33807;0.5455627;;
36.754;-2.338068;0.5455659;;
36.782;-2.327232;0.5618576;;
36.783;-2.327155;0.5619727;;
36.784;-2.327138;0.5619992;;
36.786;-2.323996;0.5665831;;
36.788;-2.322555;0.5686856;;
36.8062409;;;-0.772033758244535;-0.289753267061859
36.545;-2.391588;0.4528466;;
36.546;-2.391588;0.4528466;;
36.548;-2.391588;0.4528466;;
36.549;-2.391588;0.4528466;;
36.551;-2.391588;0.4528466;;
36.579;-2.387258;0.4612729;;
36.58;-2.387258;0.4612729;;
36.581;-2.387258;0.4612729;;
36.583;-2.387258;0.4612729;;
36.584;-2.387258;0.4612729;;
36.584;-2.387258;0.4612729;;
36.613;-2.376405;0.481566;;
36.615;-2.376261;0.4818344;;
36.616;-2.372869;0.4879337;;
36.617;-2.371881;0.4897088;;
36.618;-2.37181;0.4898363;;
36.619;-2.37143;0.4905195;;
36.647;-2.364454;0.502707;;
36.649;-2.364372;0.5028523;;
36.651;-2.363308;0.5046742;;
36.652;-2.362708;0.5057027;;
36.653;-2.362708;0.5057027;;
36.681;-2.356657;0.515886;;
36.682;-2.356657;0.515886;;
36.684;-2.353276;0.5214466;;
36.686;-2.352325;0.5230112;;
36.686;-2.352249;0.5231355;;
36.715;-2.347534;0.5307406;;
36.716;-2.34505;0.5346707;;
36.718;-2.343436;0.5372242;;
36.719;-2.343222;0.5375634;;
36.72;-2.343132;0.5377052;;
36.726;-2.343071;0.5378023;;
36.749;-2.338121;0.5454828;;
36.75;-2.338084;0.5455412;;
36.753;-2.33807;0.5455627;;
36.754;-2.338068;0.5455659;;
36.782;-2.327232;0.5618576;;
36.783;-2.327155;0.5619727;;
36.784;-2.327138;0.5619992;;
36.786;-2.323996;0.5665831;;
36.788;-2.322555;0.5686856;;
36.816;-2.318402;0.5746461;;
36.817;-2.318402;0.5746461;;
36.819;-2.318402;0.5746461;;
36.82;-2.318402;0.5746461;;
36.822;-2.318402;0.5746461;;
36.823;-2.318402;0.5746461;;
36.8393293;;;-0.892147395099699;-0.340623377205181
36.579;-2.387258;0.4612729;;
36.58;-2.387258;0.4612729;;
36.581;-2.387258;0.4612729;;
36.583;-2.387258;0.4612729;;
36.584;-2.387258;0.4612729;;
36.584;-2.387258;0.4612729;;
36.613;-2.376405;0.481566;;
36.615;-2.376261;0.4818344;;
36.616;-2.372869;0.4879337;;
36.617;-2.371881;0.4897088;;
36.618;-2.37181;0.4898363;;
36.619;-2.37143;0.4905195;;
36.647;-2.364454;0.502707;;
36.649;-2.364372;0.5028523;;
36.651;-2.363308;0.5046742;;
36.652;-2.362708;0.5057027;;
36.653;-2.362708;0.5057027;;
36.681;-2.356657;0.515886;;
36.682;-2.356657;0.515886;;
36.684;-2.353276;0.5214466;;
36.686;-2.352325;0.5230112;;
36.686;-2.352249;0.5231355;;
36.715;-2.347534;0.5307406;;
36.716;-2.34505;0.5346707;;
36.718;-2.343436;0.5372242;;
36.719;-2.343222;0.5375634;;
36.72;-2.343132;0.5377052;;
36.726;-2.343071;0.5378023;;
36.749;-2.338121;0.5454828;;
36.75;-2.338084;0.5455412;;
36.753;-2.33807;0.5455627;;
36.754;-2.338068;0.5455659;;
36.782;-2.327232;0.5618576;;
36.783;-2.327155;0.5619727;;
36.784;-2.327138;0.5619992;;
36.786;-2.323996;0.5665831;;
36.788;-2.322555;0.5686856;;
36.816;-2.318402;0.5746461;;
36.817;-2.318402;0.5746461;;
36.819;-2.318402;0.5746461;;
36.82;-2.318402;0.5746461;;
36.822;-2.318402;0.5746461;;
36.823;-2.318402;0.5746461;;
36.85;-2.308336;0.5887187;;
36.851;-2.30827;0.5888108;;
36.853;-2.305857;0.5921039;;
36.854;-2.305256;0.5929236;;
36.855;-2.304827;0.5935082;;
36.8842893;;;-0.958443479763081;-0.392207069398339
36.613;-2.376405;0.481566;;
36.615;-2.376261;0.4818344;;
36.616;-2.372869;0.4879337;;
36.617;-2.371881;0.4897088;;
36.618;-2.37181;0.4898363;;
36.619;-2.37143;0.4905195;;
36.647;-2.364454;0.502707;;
36.649;-2.364372;0.5028523;;
36.651;-2.363308;0.5046742;;
36.652;-2.362708;0.5057027;;
36.653;-2.362708;0.5057027;;
36.681;-2.356657;0.515886;;
36.682;-2.356657;0.515886;;
36.684;-2.353276;0.5214466;;
36.686;-2.352325;0.5230112;;
36.686;-2.352249;0.5231355;;
36.715;-2.347534;0.5307406;;
36.716;-2.34505;0.5346707;;
36.718;-2.343436;0.5372242;;
36.719;-2.343222;0.5375634;;
36.72;-2.343132;0.5377052;;
36.726;-2.343071;0.5378023;;
36.749;-2.338121;0.5454828;;
36.75;-2.338084;0.5455412;;
36.753;-2.33807;0.5455627;;
36.754;-2.338068;0.5455659;;
36.782;-2.327232;0.5618576;;
36.783;-2.327155;0.5619727;;
36.784;-2.327138;0.5619992;;
36.786;-2.323996;0.5665831;;
36.788;-2.322555;0.5686856;;
36.816;-2.318402;0.5746461;;
36.817;-2.318402;0.5746461;;
36.819;-2.318402;0.5746461;;
36.82;-2.318402;0.5746461;;
36.822;-2.318402;0.5746461;;
36.823;-2.318402;0.5746461;;
36.85;-2.308336;0.5887187;;
36.851;-2.30827;0.5888108;;
36.853;-2.305857;0.5921039;;
36.854;-2.305256;0.5929236;;
36.855;-2.304827;0.5935082;;
36.884;-2.294333;0.6074809;;
36.886;-2.294576;0.6071572;;
36.888;-2.294551;0.6071897;;
36.889;-2.294414;0.6073726;;
36.891;-2.294266;0.6075697;;
36.9182261;;;-0.980416437393412;-0.437973342102005
36.681;-2.356657;0.515886;;
36.682;-2.356657;0.515886;;
36.684;-2.353276;0.5214466;;
36.686;-2.352325;0.5230112;;
36.686;-2.352249;0.5231355;;
36.715;-2.347534;0.5307406;;
36.716;-2.34505;0.5346707;;
36.718;-2.343436;0.5372242;;
36.719;-2.343222;0.5375634;;
36.72;-2.343132;0.5377052;;
36.726;-2.343071;0.5378023;;
36.749;-2.338121;0.5454828;;
36.75;-2.338084;0.5455412;;
36.753;-2.33807;0.5455627;;
36.754;-2.338068;0.5455659;;
36.782;-2.327232;0.5618576;;
36.783;-2.327155;0.5619727;;
36.784;-2.327138;0.5619992;;
36.786;-2.323996;0.5665831;;
36.788;-2.322555;0.5686856;;
36.816;-2.318402;0.5746461;;
36.817;-2.318402;0.5746461;;
36.819;-2.318402;0.5746461;;
36.82;-2.318402;0.5746461;;
36.822;-2.318402;0.5746461;;
36.823;-2.318402;0.5746461;;
36.85;-2.308336;0.5887187;;
36.851;-2.30827;0.5888108;;
36.853;-2.305857;0.5921039;;
36.854;-2.305256;0.5929236;;
36.855;-2.304827;0.5935082;;
36.884;-2.294333;0.6074809;;
36.886;-2.294576;0.6071572;;
36.888;-2.294551;0.6071897;;
36.889;-2.294414;0.6073726;;
36.891;-2.294266;0.6075697;;
36.918;-2.283544;0.6213344;;
36.92;-2.283805;0.6209993;;
36.922;-2.283577;0.6212912;;
36.923;-2.283446;0.62146;;
36.924;-2.283446;0.62146;;
36.952;-2.272557;0.6349435;;
36.953;-2.272479;0.6350404;;
36.954;-2.272468;0.6350536;;
36.956;-2.272462;0.6350608;;
36.958;-2.27246;0.6350629;;
36.96;-2.27246;0.6350638;;
36.9628056;;;-0.966386766019801;-0.478157243706241
36.715;-2.347534;0.5307406;;
36.716;-2.34505;0.5346707;;
36.718;-2.343436;0.5372242;;
36.719;-2.343222;0.5375634;;
36.72;-2.343132;0.5377052;;
36.726;-2.343071;0.5378023;;
36.749;-2.338121;0.5454828;;
36.75;-2.338084;0.5455412;;
36.753;-2.33807;0.5455627;;
36.754;-2.338068;0.5455659;;
36.782;-2.327232;0.5618576;;
36.783;-2.327155;0.5619727;;
36.784;-2.327138;0.5619992;;
36.786;-2.323996;0.5665831;;
36.788;-2.322555;0.5686856;;
36.816;-2.318402;0.5746461;;
36.817;-2.318402;0.5746461;;
36.819;-2.318402;0.5746461;;
36.82;-2.318402;0.5746461;;
36.822;-2.318402;0.5746461;;
36.823;-2.318402;0.5746461;;
36.85;-2.308336;0.5887187;;
36.851;-2.30827;0.5888108;;
36.853;-2.305857;0.5921039;;
36.854;-2.305256;0.5929236;;
36.855;-2.304827;0.5935082;;
36.884;-2.294333;0.6074809;;
36.886;-2.294576;0.6071572;;
36.888;-2.294551;0.6071897;;
36.889;-2.294414;0.6073726;;
36.891;-2.294266;0.6075697;;
36.918;-2.283544;0.6213344;;
36.92;-2.283805;0.6209993;;
36.922;-2.283577;0.6212912;;
36.923;-2.283446;0.62146;;
36.924;-2.283446;0.62146;;
36.952;-2.272557;0.6349435;;
36.953;-2.272479;0.6350404;;
36.954;-2.272468;0.6350536;;
36.956;-2.272462;0.6350608;;
36.958;-2.27246;0.6350629;;
36.96;-2.27246;0.6350638;;
36.986;-2.260205;0.6496837;;
36.988;-2.260205;0.6496837;;
36.99;-2.260205;0.6496837;;
36.992;-2.260205;0.6496837;;
36.992;-2.260205;0.6496837;;
36.99565;;;-0.919409321524569;-0.509121751099292
36.749;-2.338121;0.5454828;;
36.75;-2.338084;0.5455412;;
36.753;-2.33807;0.5455627;;
36.754;-2.338068;0.5455659;;
36.782;-2.327232;0.5618576;;
36.783;-2.327155;0.5619727;;
36.784;-2.327138;0.5619992;;
36.786;-2.323996;0.5665831;;
36.788;-2.322555;0.5686856;;
36.816;-2.318402;0.5746461;;
36.817;-2.318402;0.5746461;;
36.819;-2.318402;0.5746461;;
36.82;-2.318402;0.5746461;;
36.822;-2.318402;0.5746461;;
36.823;-2.318402;0.5746461;;
36.85;-2.308336;0.5887187;;
36.851;-2.30827;0.5888108;;
36.853;-2.305857;0.5921039;;
36.854;-2.305256;0.5929236;;
36.855;-2.304827;0.5935082;;
36.884;-2.294333;0.6074809;;
36.886;-2.294576;0.6071572;;
36.888;-2.294551;0.6071897;;
36.889;-2.294414;0.6073726;;
36.891;-2.294266;0.6075697;;
36.918;-2.283544;0.6213344;;
36.92;-2.283805;0.6209993;;
36.922;-2.283577;0.6212912;;
36.923;-2.283446;0.62146;;
36.924;-2.283446;0.62146;;
36.952;-2.272557;0.6349435;;
36.953;-2.272479;0.6350404;;
36.954;-2.272468;0.6350536;;
36.956;-2.272462;0.6350608;;
36.958;-2.27246;0.6350629;;
36.96;-2.27246;0.6350638;;
36.986;-2.260205;0.6496837;;
36.988;-2.260205;0.6496837;;
36.99;-2.260205;0.6496837;;
36.992;-2.260205;0.6496837;;
36.992;-2.260205;0.6496837;;
37.026;-2.248948;0.6626275;;
37.027;-2.248878;0.6627081;;
37.028;-2.248868;0.6627197;;
37.029;-2.248866;0.6627217;;
37.03;-2.246254;0.6656588;;
37.040273;;;-0.903503323754029;-0.530458228254957
36.782;-2.327232;0.5618576;;
36.783;-2.327155;0.5619727;;
36.784;-2.327138;0.5619992;;
36.786;-2.323996;0.5665831;;
36.788;-2.322555;0.5686856;;
36.816;-2.318402;0.5746461;;
36.817;-2.318402;0.5746461;;
36.819;-2.318402;0.5746461;;
36.82;-2.318402;0.5746461;;
36.822;-2.318402;0.5746461;;
36.823;-2.318402;0.5746461;;
36.85;-2.308336;0.5887187;;
36.851;-2.30827;0.5888108;;
36.853;-2.305857;0.5921039;;
36.854;-2.305256;0.5929236;;
36.855;-2.304827;0.5935082;;
36.884;-2.294333;0.6074809;;
36.886;-2.294576;0.6071572;;
36.888;-2.294551;0.6071897;;
36.889;-2.294414;0.6073726;;
36.891;-2.294266;0.6075697;;
36.918;-2.283544;0.6213344;;
36.92;-2.283805;0.6209993;;
36.922;-2.283577;0.6212912;;
36.923;-2.283446;0.62146;;
36.924;-2.283446;0.62146;;
36.952;-2.272557;0.6349435;;
36.953;-2.272479;0.6350404;;
36.954;-2.272468;0.6350536;;
36.956;-2.272462;0.6350608;;
36.958;-2.27246;0.6350629;;
36.96;-2.27246;0.6350638;;
36.986;-2.260205;0.6496837;;
36.988;-2.260205;0.6496837;;
36.99;-2.260205;0.6496837;;
36.992;-2.260205;0.6496837;;
36.992;-2.260205;0.6496837;;
37.026;-2.248948;0.6626275;;
37.027;-2.248878;0.6627081;;
37.028;-2.248868;0.6627197;;
37.029;-2.248866;0.6627217;;
37.03;-2.246254;0.6656588;;
37.054;-2.241854;0.6705611;;
37.055;-2.241854;0.6705611;;
37.056;-2.239154;0.6735312;;
37.057;-2.238283;0.6744889;;
37.0737252;;;-0.893328685741414;-0.545292067598351
36.816;-2.318402;0.5746461;;
36.817;-2.318402;0.5746461;;
36.819;-2.318402;0.5746461;;
36.82;-2.318402;0.5746461;;
36.822;-2.318402;0.5746461;;
36.823;-2.318402;0.5746461;;
36.85;-2.308336;0.5887187;;
36.851;-2.30827;0.5888108;;
36.853;-2.305857;0.5921039;;
36.854;-2.305256;0.5929236;;
36.855;-2.304827;0.5935082;;
36.884;-2.294333;0.6074809;;
36.886;-2.294576;0.6071572;;
36.888;-2.294551;0.6071897;;
36.889;-2.294414;0.6073726;;
36.891;-2.294266;0.6075697;;
36.918;-2.283544;0.6213344;;
36.92;-2.283805;0.6209993;;
36.922;-2.283577;0.6212912;;
36.923;-2.283446;0.62146;;
36.924;-2.283446;0.62146;;
36.952;-2.272557;0.6349435;;
36.953;-2.272479;0.6350404;;
36.954;-2.272468;0.6350536;;
36.956;-2.272462;0.6350608;;
36.958;-2.27246;0.6350629;;
36.96;-2.27246;0.6350638;;
36.986;-2.260205;0.6496837;;
36.988;-2.260205;0.6496837;;
36.99;-2.260205;0.6496837;;
36.992;-2.260205;0.6496837;;
36.992;-2.260205;0.6496837;;
37.026;-2.248948;0.6626275;;
37.027;-2.248878;0.6627081;;
37.028;-2.248868;0.6627197;;
37.029;-2.248866;0.6627217;;
37.03;-2.246254;0.6656588;;
37.054;-2.241854;0.6705611;;
37.055;-2.241854;0.6705611;;
37.056;-2.239154;0.6735312;;
37.057;-2.238283;0.6744889;;
37.089;-2.226197;0.6874825;;
37.09;-2.226063;0.6876271;;
37.091;-2.226015;0.6876791;;
37.093;-2.226009;0.6876848;;
37.094;-2.226008;0.6876861;;
37.1187327;;;-0.782129938284733;-0.569512826578688
36.85;-2.308336;0.5887187;;
36.851;-2.30827;0.5888108;;
36.853;-2.305857;0.5921039;;
36.854;-2.305256;0.5929236;;
36.855;-2.304827;0.5935082;;
36.884;-2.294333;0.6074809;;
36.886;-2.294576;0.6071572;;
36.888;-2.294551;0.6071897;;
36.889;-2.294414;0.6073726;;
36.891;-2.294266;0.6075697;;
36.918;-2.283544;0.6213344;;
36.92;-2.283805;0.6209993;;
36.922;-2.283577;0.6212912;;
36.923;-2.283446;0.62146;;
36.924;-2.283446;0.62146;;
36.952;-2.272557;0.6349435;;
36.953;-2.272479;0.6350404;;
36.954;-2.272468;0.6350536;;
36.956;-2.272462;0.6350608;;
36.958;-2.27246;0.6350629;;
36.96;-2.27246;0.6350638;;
36.986;-2.260205;0.6496837;;
36.988;-2.260205;0.6496837;;
36.99;-2.260205;0.6496837;;
36.992;-2.260205;0.6496837;;
36.992;-2.260205;0.6496837;;
37.026;-2.248948;0.6626275;;
37.027;-2.248878;0.6627081;;
37.028;-2.248868;0.6627197;;
37.029;-2.248866;0.6627217;;
37.03;-2.246254;0.6656588;;
37.054;-2.241854;0.6705611;;
37.055;-2.241854;0.6705611;;
37.056;-2.239154;0.6735312;;
37.057;-2.238283;0.6744889;;
37.089;-2.226197;0.6874825;;
37.09;-2.226063;0.6876271;;
37.091;-2.226015;0.6876791;;
37.093;-2.226009;0.6876848;;
37.094;-2.226008;0.6876861;;
37.122;-2.213902;0.7002436;;
37.123;-2.213816;0.7003334;;
37.125;-2.213796;0.7003536;;
37.127;-2.213794;0.7003553;;
37.129;-2.213794;0.7003559;;
37.13;-2.213794;0.700356;;
37.1516486;;;-0.371853664746258;-0.581383380030306
36.918;-2.283544;0.6213344;;
36.92;-2.283805;0.6209993;;
36.922;-2.283577;0.6212912;;
36.923;-2.283446;0.62146;;
36.924;-2.283446;0.62146;;
36.952;-2.272557;0.6349435;;
36.953;-2.272479;0.6350404;;
36.954;-2.272468;0.6350536;;
36.956;-2.272462;0.6350608;;
36.958;-2.27246;0.6350629;;
36.96;-2.27246;0.6350638;;
36.986;-2.260205;0.6496837;;
36.988;-2.260205;0.6496837;;
36.99;-2.260205;0.6496837;;
36.992;-2.260205;0.6496837;;
36.992;-2.260205;0.6496837;;
37.026;-2.248948;0.6626275;;
37.027;-2.248878;0.6627081;;
37.028;-2.248868;0.6627197;;
37.029;-2.248866;0.6627217;;
37.03;-2.246254;0.6656588;;
37.054;-2.241854;0.6705611;;
37.055;-2.241854;0.6705611;;
37.056;-2.239154;0.6735312;;
37.057;-2.238283;0.6744889;;
37.089;-2.226197;0.6874825;;
37.09;-2.226063;0.6876271;;
37.091;-2.226015;0.6876791;;
37.093;-2.226009;0.6876848;;
37.094;-2.226008;0.6876861;;
37.122;-2.213902;0.7002436;;
37.123;-2.213816;0.7003334;;
37.125;-2.213796;0.7003536;;
37.127;-2.213794;0.7003553;;
37.129;-2.213794;0.7003559;;
37.13;-2.213794;0.700356;;
37.156;-2.201517;0.7126504;;
37.158;-2.201434;0.7127337;;
37.16;-2.201409;0.7127593;;
37.161;-2.201404;0.7127637;;
37.19;-2.188861;0.7248918;;
37.191;-2.18877;0.7249799;;
37.193;-2.188756;0.7249936;;
37.195;-2.188755;0.7249945;;
37.197;-2.188754;0.7249949;;
37.1972383;;;-0.0907682931068217;-0.583962751771921
36.952;-2.272557;0.6349435;;
36.953;-2.272479;0.6350404;;
36.954;-2.272468;0.6350536;;
36.956;-2.272462;0.6350608;;
36.958;-2.27246;0.6350629;;
36.96;-2.27246;0.6350638;;
36.986;-2.260205;0.6496837;;
36.988;-2.260205;0.6496837;;
36.99;-2.260205;0.6496837;;
36.992;-2.260205;0.6496837;;
36.992;-2.260205;0.6496837;;
37.026;-2.248948;0.6626275;;
37.027;-2.248878;0.6627081;;
37.028;-2.248868;0.6627197;;
37.029;-2.248866;0.6627217;;
37.03;-2.246254;0.6656588;;
37.054;-2.241854;0.6705611;;
37.055;-2.241854;0.6705611;;
37.056;-2.239154;0.6735312;;
37.057;-2.238283;0.6744889;;
37.089;-2.226197;0.6874825;;
37.09;-2.226063;0.6876271;;
37.091;-2.226015;0.6876791;;
37.093;-2.226009;0.6876848;;
37.094;-2.226008;0.6876861;;
37.122;-2.213902;0.7002436;;
37.123;-2.213816;0.7003334;;
37.125;-2.213796;0.7003536;;
37.127;-2.213794;0.7003553;;
37.129;-2.213794;0.7003559;;
37.13;-2.213794;0.700356;;
37.156;-2.201517;0.7126504;;
37.158;-2.201434;0.7127337;;
37.16;-2.201409;0.7127593;;
37.161;-2.201404;0.7127637;;
37.19;-2.188861;0.7248918;;
37.191;-2.18877;0.7249799;;
37.193;-2.188756;0.7249936;;
37.195;-2.188755;0.7249945;;
37.197;-2.188754;0.7249949;;
37.225;-2.174243;0.7385075;;
37.226;-2.174165;0.7385796;;
37.228;-2.174128;0.738614;;
37.228;-2.174127;0.7386154;;
37.229;-2.174117;0.7386242;;
37.23;-2.174111;0.7386304;;
37.2308295;;;-0.0509659133491467;-0.585192685218946
36.986;-2.260205;0.6496837;;
36.988;-2.260205;0.6496837;;
36.99;-2.260205;0.6496837;;
36.992;-2.260205;0.6496837;;
36.992;-2.260205;0.6496837;;
37.026;-2.248948;0.6626275;;
37.027;-2.248878;0.6627081;;
37.028;-2.248868;0.6627197;;
37.029;-2.248866;0.6627217;;
37.03;-2.246254;0.6656588;;
37.054;-2.241854;0.6705611;;
37.055;-2.241854;0.6705611;;
37.056;-2.239154;0.6735312;;
37.057;-2.238283;0.6744889;;
37.089;-2.226197;0.6874825;;
37.09;-2.226063;0.6876271;;
37.091;-2.226015;0.6876791;;
37.093;-2.226009;0.6876848;;
37.094;-2.226008;0.6876861;;
37.122;-2.213902;0.7002436;;
37.123;-2.213816;0.7003334;;
37.125;-2.213796;0.7003536;;
37.127;-2.213794;0.7003553;;
37.129;-2.213794;0.7003559;;
37.13;-2.213794;0.700356;;
37.156;-2.201517;0.7126504;;
37.158;-2.201434;0.7127337;;
37.16;-2.201409;0.7127593;;
37.161;-2.201404;0.7127637;;
37.19;-2.188861;0.7248918;;
37.191;-2.18877;0.7249799;;
37.193;-2.188756;0.7249936;;
37.195;-2.188755;0.7249945;;
37.197;-2.188754;0.7249949;;
37.225;-2.174243;0.7385075;;
37.226;-2.174165;0.7385796;;
37.228;-2.174128;0.738614;;
37.228;-2.174127;0.7386154;;
37.229;-2.174117;0.7386242;;
37.23;-2.174111;0.7386304;;
37.259;-2.161286;0.7501339;;
37.261;-2.161286;0.7501339;;
37.263;-2.161286;0.7501339;;
37.265;-2.158968;0.7521701;;
37.266;-2.15871;0.752397;;
37.2753107;;;-0.0240561315787899;-0.585003969043567
37.026;-2.248948;0.6626275;;
37.027;-2.248878;0.6627081;;
37.028;-2.248868;0.6627197;;
37.029;-2.248866;0.6627217;;
37.03;-2.246254;0.6656588;;
37.054;-2.241854;0.6705611;;
37.055;-2.241854;0.6705611;;
37.056;-2.239154;0.6735312;;
37.057;-2.238283;0.6744889;;
37.089;-2.226197;0.6874825;;
37.09;-2.226063;0.6876271;;
37.091;-2.226015;0.6876791;;
37.093;-2.226009;0.6876848;;
37.094;-2.226008;0.6876861;;
37.122;-2.213902;0.7002436;;
37.123;-2.213816;0.7003334;;
37.125;-2.213796;0.7003536;;
37.127;-2.213794;0.7003553;;
37.129;-2.213794;0.7003559;;
37.13;-2.213794;0.700356;;
37.156;-2.201517;0.7126504;;
37.158;-2.201434;0.7127337;;
37.16;-2.201409;0.7127593;;
37.161;-2.201404;0.7127637;;
37.19;-2.188861;0.7248918;;
37.191;-2.18877;0.7249799;;
37.193;-2.188756;0.7249936;;
37.195;-2.188755;0.7249945;;
37.197;-2.188754;0.7249949;;
37.225;-2.174243;0.7385075;;
37.226;-2.174165;0.7385796;;
37.228;-2.174128;0.738614;;
37.228;-2.174127;0.7386154;;
37.229;-2.174117;0.7386242;;
37.23;-2.174111;0.7386304;;
37.259;-2.161286;0.7501339;;
37.261;-2.161286;0.7501339;;
37.263;-2.161286;0.7501339;;
37.265;-2.158968;0.7521701;;
37.266;-2.15871;0.752397;;
37.293;-2.149783;0.7601191;;
37.295;-2.14972;0.7601732;;
37.297;-2.149705;0.760186;;
37.298;-2.146486;0.7629168;;
37.299;-2.143938;0.7650774;;
37.3086175;;;-0.0229528201745479;-0.583932809851651
37.054;-2.241854;0.6705611;;
37.055;-2.241854;0.6705611;;
37.056;-2.239154;0.6735312;;
37.057;-2.238283;0.6744889;;
37.089;-2.226197;0.6874825;;
37.09;-2.226063;0.6876271;;
37.091;-2.226015;0.6876791;;
37.093;-2.226009;0.6876848;;
37.094;-2.226008;0.6876861;;
37.122;-2.213902;0.7002436;;
37.123;-2.213816;0.7003334;;
37.125;-2.213796;0.7003536;;
37.127;-2.213794;0.7003553;;
37.129;-2.213794;0.7003559;;
37.13;-2.213794;0.700356;;
37.156;-2.201517;0.7126504;;
37.158;-2.201434;0.7127337;;
37.16;-2.201409;0.7127593;;
37.161;-2.201404;0.7127637;;
37.19;-2.188861;0.7248918;;
37.191;-2.18877;0.7249799;;
37.193;-2.188756;0.7249936;;
37.195;-2.188755;0.7249945;;
37.197;-2.188754;0.7249949;;
37.225;-2.174243;0.7385075;;
37.226;-2.174165;0.7385796;;
37.228;-2.174128;0.738614;;
37.228;-2.174127;0.7386154;;
37.229;-2.174117;0.7386242;;
37.23;-2.174111;0.7386304;;
37.259;-2.161286;0.7501339;;
37.261;-2.161286;0.7501339;;
37.263;-2.161286;0.7501339;;
37.265;-2.158968;0.7521701;;
37.266;-2.15871;0.752397;;
37.293;-2.149783;0.7601191;;
37.295;-2.14972;0.7601732;;
37.297;-2.149705;0.760186;;
37.298;-2.146486;0.7629168;;
37.299;-2.143938;0.7650774;;
37.33;-2.136376;0.7713776;;
37.331;-2.133075;0.7740847;;
37.332;-2.13167;0.7752373;;
37.333;-2.13167;0.7752373;;
37.333;-2.13167;0.7752373;;
37.334;-2.13167;0.7752373;;
37.353615;;;-0.150641129997225;-0.586673209141338
37.089;-2.226197;0.6874825;;
37.09;-2.226063;0.6876271;;
37.091;-2.226015;0.6876791;;
37.093;-2.226009;0.6876848;;
37.094;-2.226008;0.6876861;;
37.122;-2.213902;0.7002436;;
37.123;-2.213816;0.7003334;;
37.125;-2.213796;0.7003536;;
37.127;-2.213794;0.7003553;;
37.129;-2.213794;0.7003559;;
37.13;-2.213794;0.700356;;
37.156;-2.201517;0.7126504;;
37.158;-2.201434;0.7127337;;
37.16;-2.201409;0.7127593;;
37.161;-2.201404;0.7127637;;
37.19;-2.188861;0.7248918;;
37.191;-2.18877;0.7249799;;
37.193;-2.188756;0.7249936;;
37.195;-2.188755;0.7249945;;
37.197;-2.188754;0.7249949;;
37.225;-2.174243;0.7385075;;
37.226;-2.174165;0.7385796;;
37.228;-2.174128;0.738614;;
37.228;-2.174127;0.7386154;;
37.229;-2.174117;0.7386242;;
37.23;-2.174111;0.7386304;;
37.259;-2.161286;0.7501339;;
37.261;-2.161286;0.7501339;;
37.263;-2.161286;0.7501339;;
37.265;-2.158968;0.7521701;;
37.266;-2.15871;0.752397;;
37.293;-2.149783;0.7601191;;
37.295;-2.14972;0.7601732;;
37.297;-2.149705;0.760186;;
37.298;-2.146486;0.7629168;;
37.299;-2.143938;0.7650774;;
37.33;-2.136376;0.7713776;;
37.331;-2.133075;0.7740847;;
37.332;-2.13167;0.7752373;;
37.333;-2.13167;0.7752373;;
37.333;-2.13167;0.7752373;;
37.334;-2.13167;0.7752373;;
37.362;-2.122727;0.7824386;;
37.362;-2.122793;0.7823855;;
37.364;-2.122693;0.7824658;;
37.366;-2.122661;0.7824914;;
37.368;-2.122648;0.782502;;
37.3866106;;;-0.33544071211691;-0.590191133466706
37.156;-2.201517;0.7126504;;
37.158;-2.201434;0.7127337;;
37.16;-2.201409;0.7127593;;
37.161;-2.201404;0.7127637;;
37.19;-2.188861;0.7248918;;
37.191;-2.18877;0.7249799;;
37.193;-2.188756;0.7249936;;
37.195;-2.188755;0.7249945;;
37.197;-2.188754;0.7249949;;
37.225;-2.174243;0.7385075;;
37.226;-2.174165;0.7385796;;
37.228;-2.174128;0.738614;;
37.228;-2.174127;0.7386154;;
37.229;-2.174117;0.7386242;;
37.23;-2.174111;0.7386304;;
37.259;-2.161286;0.7501339;;
37.261;-2.161286;0.7501339;;
37.263;-2.161286;0.7501339;;
37.265;-2.158968;0.7521701;;
37.266;-2.15871;0.752397;;
37.293;-2.149783;0.7601191;;
37.295;-2.14972;0.7601732;;
37.297;-2.149705;0.760186;;
37.298;-2.146486;0.7629168;;
37.299;-2.143938;0.7650774;;
37.33;-2.136376;0.7713776;;
37.331;-2.133075;0.7740847;;
37.332;-2.13167;0.7752373;;
37.333;-2.13167;0.7752373;;
37.333;-2.13167;0.7752373;;
37.334;-2.13167;0.7752373;;
37.362;-2.122727;0.7824386;;
37.362;-2.122793;0.7823855;;
37.364;-2.122693;0.7824658;;
37.366;-2.122661;0.7824914;;
37.368;-2.122648;0.782502;;
37.396;-2.108818;0.7933083;;
37.397;-2.108721;0.7933841;;
37.4;-2.104566;0.7965535;;
37.402;-2.104342;0.7967243;;
37.403;-2.104288;0.7967653;;
37.43;-2.094764;0.8038995;;
37.4322371;;;-0.826750713208647;-0.601570462036165
37.19;-2.188861;0.7248918;;
37.191;-2.18877;0.7249799;;
37.193;-2.188756;0.7249936;;
37.195;-2.188755;0.7249945;;
37.197;-2.188754;0.7249949;;
37.225;-2.174243;0.7385075;;
37.226;-2.174165;0.7385796;;
37.228;-2.174128;0.738614;;
37.228;-2.174127;0.7386154;;
37.229;-2.174117;0.7386242;;
37.23;-2.174111;0.7386304;;
37.259;-2.161286;0.7501339;;
37.261;-2.161286;0.7501339;;
37.263;-2.161286;0.7501339;;
37.265;-2.158968;0.7521701;;
37.266;-2.15871;0.752397;;
37.293;-2.149783;0.7601191;;
37.295;-2.14972;0.7601732;;
37.297;-2.149705;0.760186;;
37.298;-2.146486;0.7629168;;
37.299;-2.143938;0.7650774;;
37.33;-2.136376;0.7713776;;
37.331;-2.133075;0.7740847;;
37.332;-2.13167;0.7752373;;
37.333;-2.13167;0.7752373;;
37.333;-2.13167;0.7752373;;
37.334;-2.13167;0.7752373;;
37.362;-2.122727;0.7824386;;
37.362;-2.122793;0.7823855;;
37.364;-2.122693;0.7824658;;
37.366;-2.122661;0.7824914;;
37.368;-2.122648;0.782502;;
37.396;-2.108818;0.7933083;;
37.397;-2.108721;0.7933841;;
37.4;-2.104566;0.7965535;;
37.402;-2.104342;0.7967243;;
37.403;-2.104288;0.7967653;;
37.43;-2.094764;0.8038995;;
37.432;-2.090554;0.8069959;;
37.433;-2.09039;0.8071164;;
37.435;-2.09025;0.8072196;;
37.436;-2.090149;0.8072934;;
37.464;-2.079;0.8153225;;
37.4657591;;;-0.639208378143673;-0.595764500317583
37.225;-2.174243;0.7385075;;
37.226;-2.174165;0.7385796;;
37.228;-2.174128;0.738614;;
37.228;-2.174127;0.7386154;;
37.229;-2.174117;0.7386242;;
37.23;-2.174111;0.7386304;;
37.259;-2.161286;0.7501339;;
37.261;-2.161286;0.7501339;;
37.263;-2.161286;0.7501339;;
37.265;-2.158968;0.7521701;;
37.266;-2.15871;0.752397;;
37.293;-2.149783;0.7601191;;
37.295;-2.14972;0.7601732;;
37.297;-2.149705;0.760186;;
37.298;-2.146486;0.7629168;;
37.299;-2.143938;0.7650774;;
37.33;-2.136376;0.7713776;;
37.331;-2.133075;0.7740847;;
37.332;-2.13167;0.7752373;;
37.333;-2.13167;0.7752373;;
37.333;-2.13167;0.7752373;;
37.334;-2.13167;0.7752373;;
37.362;-2.122727;0.7824386;;
37.362;-2.122793;0.7823855;;
37.364;-2.122693;0.7824658;;
37.366;-2.122661;0.7824914;;
37.368;-2.122648;0.782502;;
37.396;-2.108818;0.7933083;;
37.397;-2.108721;0.7933841;;
37.4;-2.104566;0.7965535;;
37.402;-2.104342;0.7967243;;
37.403;-2.104288;0.7967653;;
37.43;-2.094764;0.8038995;;
37.432;-2.090554;0.8069959;;
37.433;-2.09039;0.8071164;;
37.435;-2.09025;0.8072196;;
37.436;-2.090149;0.8072934;;
37.464;-2.079;0.8153225;;
37.466;-2.075782;0.8176033;;
37.467;-2.076074;0.8173964;;
37.469;-2.075951;0.8174832;;
37.471;-2.075806;0.8175863;;
37.501;-2.06149;0.8274824;;
37.502;-2.061393;0.8275489;;
37.504;-2.061379;0.8275589;;
37.506;-2.061373;0.8275627;;
37.508;-2.06137;0.8275648;;
37.5098011;;;0.0519849652464571;-0.564950223340027
37.259;-2.161286;0.7501339;;
37.261;-2.161286;0.7501339;;
37.263;-2.161286;0.7501339;;
37.265;-2.158968;0.7521701;;
37.266;-2.15871;0.752397;;
37.293;-2.149783;0.7601191;;
37.295;-2.14972;0.7601732;;
37.297;-2.149705;0.760186;;
37.298;-2.146486;0.7629168;;
37.299;-2.143938;0.7650774;;
37.33;-2.136376;0.7713776;;
37.331;-2.133075;0.7740847;;
37.332;-2.13167;0.7752373;;
37.333;-2.13167;0.7752373;;
37.333;-2.13167;0.7752373;;
37.334;-2.13167;0.7752373;;
37.362;-2.122727;0.7824386;;
37.362;-2.122793;0.7823855;;
37.364;-2.122693;0.7824658;;
37.366;-2.122661;0.7824914;;
37.368;-2.122648;0.782502;;
37.396;-2.108818;0.7933083;;
37.397;-2.108721;0.7933841;;
37.4;-2.104566;0.7965535;;
37.402;-2.104342;0.7967243;;
37.403;-2.104288;0.7967653;;
37.43;-2.094764;0.8038995;;
37.432;-2.090554;0.8069959;;
37.433;-2.09039;0.8071164;;
37.435;-2.09025;0.8072196;;
37.436;-2.090149;0.8072934;;
37.464;-2.079;0.8153225;;
37.466;-2.075782;0.8176033;;
37.467;-2.076074;0.8173964;;
37.469;-2.075951;0.8174832;;
37.471;-2.075806;0.8175863;;
37.501;-2.06149;0.8274824;;
37.502;-2.061393;0.8275489;;
37.504;-2.061379;0.8275589;;
37.506;-2.061373;0.8275627;;
37.508;-2.06137;0.8275648;;
37.533;-2.045295;0.8382374;;
37.535;-2.044908;0.8384945;;
37.537;-2.044826;0.8385489;;
37.538;-2.044812;0.8385582;;
37.539;-2.044806;0.838562;;
37.5431352;;;0.301913695915798;-0.52721652073178
37.293;-2.149783;0.7601191;;
37.295;-2.14972;0.7601732;;
37.297;-2.149705;0.760186;;
37.298;-2.146486;0.7629168;;
37.299;-2.143938;0.7650774;;
37.33;-2.136376;0.7713776;;
37.331;-2.133075;0.7740847;;
37.332;-2.13167;0.7752373;;
37.333;-2.13167;0.7752373;;
37.333;-2.13167;0.7752373;;
37.334;-2.13167;0.7752373;;
37.362;-2.122727;0.7824386;;
37.362;-2.122793;0.7823855;;
37.364;-2.122693;0.7824658;;
37.366;-2.122661;0.7824914;;
37.368;-2.122648;0.782502;;
37.396;-2.108818;0.7933083;;
37.397;-2.108721;0.7933841;;
37.4;-2.104566;0.7965535;;
37.402;-2.104342;0.7967243;;
37.403;-2.104288;0.7967653;;
37.43;-2.094764;0.8038995;;
37.432;-2.090554;0.8069959;;
37.433;-2.09039;0.8071164;;
37.435;-2.09025;0.8072196;;
37.436;-2.090149;0.8072934;;
37.464;-2.079;0.8153225;;
37.466;-2.075782;0.8176033;;
37.467;-2.076074;0.8173964;;
37.469;-2.075951;0.8174832;;
37.471;-2.075806;0.8175863;;
37.501;-2.06149;0.8274824;;
37.502;-2.061393;0.8275489;;
37.504;-2.061379;0.8275589;;
37.506;-2.061373;0.8275627;;
37.508;-2.06137;0.8275648;;
37.533;-2.045295;0.8382374;;
37.535;-2.044908;0.8384945;;
37.537;-2.044826;0.8385489;;
37.538;-2.044812;0.8385582;;
37.539;-2.044806;0.838562;;
37.567;-2.031087;0.8473157;;
37.568;-2.03099;0.847378;;
37.569;-2.030968;0.8473918;;
37.571;-2.030965;0.8473936;;
37.572;-2.030965;0.847394;;
37.574;-2.030964;0.8473942;;
37.5881915;;;0.26460233871463;-0.492938518478123
37.33;-2.136376;0.7713776;;
37.331;-2.133075;0.7740847;;
37.332;-2.13167;0.7752373;;
37.333;-2.13167;0.7752373;;
37.333;-2.13167;0.7752373;;
37.334;-2.13167;0.7752373;;
37.362;-2.122727;0.7824386;;
37.362;-2.122793;0.7823855;;
37.364;-2.122693;0.7824658;;
37.366;-2.122661;0.7824914;;
37.368;-2.122648;0.782502;;
37.396;-2.108818;0.7933083;;
37.397;-2.108721;0.7933841;;
37.4;-2.104566;0.7965535;;
37.402;-2.104342;0.7967243;;
37.403;-2.104288;0.7967653;;
37.43;-2.094764;0.8038995;;
37.432;-2.090554;0.8069959;;
37.433;-2.09039;0.8071164;;
37.435;-2.09025;0.8072196;;
37.436;-2.090149;0.8072934;;
37.464;-2.079;0.8153225;;
37.466;-2.075782;0.8176033;;
37.467;-2.076074;0.8173964;;
37.469;-2.075951;0.8174832;;
37.471;-2.075806;0.8175863;;
37.501;-2.06149;0.8274824;;
37.502;-2.061393;0.8275489;;
37.504;-2.061379;0.8275589;;
37.506;-2.061373;0.8275627;;
37.508;-2.06137;0.8275648;;
37.533;-2.045295;0.8382374;;
37.535;-2.044908;0.8384945;;
37.537;-2.044826;0.8385489;;
37.538;-2.044812;0.8385582;;
37.539;-2.044806;0.838562;;
37.567;-2.031087;0.8473157;;
37.568;-2.03099;0.847378;;
37.569;-2.030968;0.8473918;;
37.571;-2.030965;0.8473936;;
37.572;-2.030965;0.847394;;
37.574;-2.030964;0.8473942;;
37.601;-2.022067;0.852904;;
37.602;-2.022018;0.8529343;;
37.602;-2.01693;0.8560277;;
37.604;-2.01693;0.8560277;;
37.605;-2.01693;0.8560277;;
37.608;-2.01693;0.8560277;;
37.6217901;;;0.122572654505547;-0.465595357657077
37.362;-2.122727;0.7824386;;
37.362;-2.122793;0.7823855;;
37.364;-2.122693;0.7824658;;
37.366;-2.122661;0.7824914;;
37.368;-2.122648;0.782502;;
37.396;-2.108818;0.7933083;;
37.397;-2.108721;0.7933841;;
37.4;-2.104566;0.7965535;;
37.402;-2.104342;0.7967243;;
37.403;-2.104288;0.7967653;;
37.43;-2.094764;0.8038995;;
37.432;-2.090554;0.8069959;;
37.433;-2.09039;0.8071164;;
37.435;-2.09025;0.8072196;;
37.436;-2.090149;0.8072934;;
37.464;-2.079;0.8153225;;
37.466;-2.075782;0.8176033;;
37.467;-2.076074;0.8173964;;
37.469;-2.075951;0.8174832;;
37.471;-2.075806;0.8175863;;
37.501;-2.06149;0.8274824;;
37.502;-2.061393;0.8275489;;
37.504;-2.061379;0.8275589;;
37.506;-2.061373;0.8275627;;
37.508;-2.06137;0.8275648;;
37.533;-2.045295;0.8382374;;
37.535;-2.044908;0.8384945;;
37.537;-2.044826;0.8385489;;
37.538;-2.044812;0.8385582;;
37.539;-2.044806;0.838562;;
37.567;-2.031087;0.8473157;;
37.568;-2.03099;0.847378;;
37.569;-2.030968;0.8473918;;
37.571;-2.030965;0.8473936;;
37.572;-2.030965;0.847394;;
37.574;-2.030964;0.8473942;;
37.601;-2.022067;0.852904;;
37.602;-2.022018;0.8529343;;
37.602;-2.01693;0.8560277;;
37.604;-2.01693;0.8560277;;
37.605;-2.01693;0.8560277;;
37.608;-2.01693;0.8560277;;
37.634;-2.007274;0.861782;;
37.637;-2.007003;0.8619437;;
37.639;-2.006935;0.8619838;;
37.641;-2.00691;0.8619992;;
37.643;-2.006907;0.8620008;;
37.6659079;;;-0.110396207581572;-0.447227444935504
37.396;-2.108818;0.7933083;;
37.397;-2.108721;0.7933841;;
37.4;-2.104566;0.7965535;;
37.402;-2.104342;0.7967243;;
37.403;-2.104288;0.7967653;;
37.43;-2.094764;0.8038995;;
37.432;-2.090554;0.8069959;;
37.433;-2.09039;0.8071164;;
37.435;-2.09025;0.8072196;;
37.436;-2.090149;0.8072934;;
37.464;-2.079;0.8153225;;
37.466;-2.075782;0.8176033;;
37.467;-2.076074;0.8173964;;
37.469;-2.075951;0.8174832;;
37.471;-2.075806;0.8175863;;
37.501;-2.06149;0.8274824;;
37.502;-2.061393;0.8275489;;
37.504;-2.061379;0.8275589;;
37.506;-2.061373;0.8275627;;
37.508;-2.06137;0.8275648;;
37.533;-2.045295;0.8382374;;
37.535;-2.044908;0.8384945;;
37.537;-2.044826;0.8385489;;
37.538;-2.044812;0.8385582;;
37.539;-2.044806;0.838562;;
37.567;-2.031087;0.8473157;;
37.568;-2.03099;0.847378;;
37.569;-2.030968;0.8473918;;
37.571;-2.030965;0.8473936;;
37.572;-2.030965;0.847394;;
37.574;-2.030964;0.8473942;;
37.601;-2.022067;0.852904;;
37.602;-2.022018;0.8529343;;
37.602;-2.01693;0.8560277;;
37.604;-2.01693;0.8560277;;
37.605;-2.01693;0.8560277;;
37.608;-2.01693;0.8560277;;
37.634;-2.007274;0.861782;;
37.637;-2.007003;0.8619437;;
37.639;-2.006935;0.8619838;;
37.641;-2.00691;0.8619992;;
37.643;-2.006907;0.8620008;;
37.669;-1.986982;0.8734062;;
37.671;-1.986696;0.8735701;;
37.674;-1.986618;0.8736144;;
37.675;-1.986608;0.8736203;;
37.6894699;;;-0.481070541014382;-0.449482541086214
37.43;-2.094764;0.8038995;;
37.432;-2.090554;0.8069959;;
37.433;-2.09039;0.8071164;;
37.435;-2.09025;0.8072196;;
37.436;-2.090149;0.8072934;;
37.464;-2.079;0.8153225;;
37.466;-2.075782;0.8176033;;
37.467;-2.076074;0.8173964;;
37.469;-2.075951;0.8174832;;
37.471;-2.075806;0.8175863;;
37.501;-2.06149;0.8274824;;
37.502;-2.061393;0.8275489;;
37.504;-2.061379;0.8275589;;
37.506;-2.061373;0.8275627;;
37.508;-2.06137;0.8275648;;
37.533;-2.045295;0.8382374;;
37.535;-2.044908;0.8384945;;
37.537;-2.044826;0.8385489;;
37.538;-2.044812;0.8385582;;
37.539;-2.044806;0.838562;;
37.567;-2.031087;0.8473157;;
37.568;-2.03099;0.847378;;
37.569;-2.030968;0.8473918;;
37.571;-2.030965;0.8473936;;
37.572;-2.030965;0.847394;;
37.574;-2.030964;0.8473942;;
37.601;-2.022067;0.852904;;
37.602;-2.022018;0.8529343;;
37.602;-2.01693;0.8560277;;
37.604;-2.01693;0.8560277;;
37.605;-2.01693;0.8560277;;
37.608;-2.01693;0.8560277;;
37.634;-2.007274;0.861782;;
37.637;-2.007003;0.8619437;;
37.639;-2.006935;0.8619838;;
37.641;-2.00691;0.8619992;;
37.643;-2.006907;0.8620008;;
37.669;-1.986982;0.8734062;;
37.671;-1.986696;0.8735701;;
37.674;-1.986618;0.8736144;;
37.675;-1.986608;0.8736203;;
37.702;-1.973336;0.8808783;;
37.703;-1.973102;0.881006;;
37.705;-1.972977;0.8810748;;
37.709;-1.970974;0.8821469;;
37.7337554;;;-0.597044792361322;-0.450401578178806
37.464;-2.079;0.8153225;;
37.466;-2.075782;0.8176033;;
37.467;-2.076074;0.8173964;;
37.469;-2.075951;0.8174832;;
37.471;-2.075806;0.8175863;;
37.501;-2.06149;0.8274824;;
37.502;-2.061393;0.8275489;;
37.504;-2.061379;0.8275589;;
37.506;-2.061373;0.8275627;;
37.508;-2.06137;0.8275648;;
37.533;-2.045295;0.8382374;;
37.535;-2.044908;0.8384945;;
37.537;-2.044826;0.8385489;;
37.538;-2.044812;0.8385582;;
37.539;-2.044806;0.838562;;
37.567;-2.031087;0.8473157;;
37.568;-2.03099;0.847378;;
37.569;-2.030968;0.8473918;;
37.571;-2.030965;0.8473936;;
37.572;-2.030965;0.847394;;
37.574;-2.030964;0.8473942;;
37.601;-2.022067;0.852904;;
37.602;-2.022018;0.8529343;;
37.602;-2.01693;0.8560277;;
37.604;-2.01693;0.8560277;;
37.605;-2.01693;0.8560277;;
37.608;-2.01693;0.8560277;;
37.634;-2.007274;0.861782;;
37.637;-2.007003;0.8619437;;
37.639;-2.006935;0.8619838;;
37.641;-2.00691;0.8619992;;
37.643;-2.006907;0.8620008;;
37.669;-1.986982;0.8734062;;
37.671;-1.986696;0.8735701;;
37.674;-1.986618;0.8736144;;
37.675;-1.986608;0.8736203;;
37.702;-1.973336;0.8808783;;
37.703;-1.973102;0.881006;;
37.705;-1.972977;0.8810748;;
37.709;-1.970974;0.8821469;;
37.736;-1.955899;0.8900297;;
37.737;-1.955895;0.8900324;;
37.739;-1.955779;0.8900928;;
37.74;-1.955768;0.8900985;;
37.741;-1.955763;0.8901009;;
37.743;-1.95576;0.8901026;;
37.7668443;;;-0.46755670639619;-0.442131979046859
37.533;-2.045295;0.8382374;;
37.535;-2.044908;0.8384945;;
37.537;-2.044826;0.8385489;;
37.538;-2.044812;0.8385582;;
37.539;-2.044806;0.838562;;
37.567;-2.031087;0.8473157;;
37.568;-2.03099;0.847378;;
37.569;-2.030968;0.8473918;;
37.571;-2.030965;0.8473936;;
37.572;-2.030965;0.847394;;
37.574;-2.030964;0.8473942;;
37.601;-2.022067;0.852904;;
37.602;-2.022018;0.8529343;;
37.602;-2.01693;0.8560277;;
37.604;-2.01693;0.8560277;;
37.605;-2.01693;0.8560277;;
37.608;-2.01693;0.8560277;;
37.634;-2.007274;0.861782;;
37.637;-2.007003;0.8619437;;
37.639;-2.006935;0.8619838;;
37.641;-2.00691;0.8619992;;
37.643;-2.006907;0.8620008;;
37.669;-1.986982;0.8734062;;
37.671;-1.986696;0.8735701;;
37.674;-1.986618;0.8736144;;
37.675;-1.986608;0.8736203;;
37.702;-1.973336;0.8808783;;
37.703;-1.973102;0.881006;;
37.705;-1.972977;0.8810748;;
37.709;-1.970974;0.8821469;;
37.736;-1.955899;0.8900297;;
37.737;-1.955895;0.8900324;;
37.739;-1.955779;0.8900928;;
37.74;-1.955768;0.8900985;;
37.741;-1.955763;0.8901009;;
37.743;-1.95576;0.8901026;;
37.771;-1.940194;0.8979012;;
37.772;-1.94011;0.8979434;;
37.775;-1.940065;0.8979657;;
37.776;-1.940053;0.897972;;
37.777;-1.940053;0.897972;;
37.777;-1.940053;0.897972;;
37.805;-1.924386;0.9054798;;
37.806;-1.924277;0.9055323;;
37.808;-1.924249;0.9055455;;
37.809;-1.924247;0.9055467;;
37.811;-1.924246;0.9055472;;
37.812144;;;-0.143423139108576;-0.417954647541629
38.3367021;;;0;-0.383641286191641
38.351;-1.650951;0.9885412;;
37.812;-1.92055;0.9072654;;
38.352;-1.650951;0.9885412;;
38.386;-1.633757;0.9910119;;
38.388;-1.633575;0.9910381;;
38.389;-1.633536;0.9910437;;
38.421;-1.616519;0.9931849;;
38.423;-1.616246;0.9932193;;
38.424;-1.616139;0.9932327;;
38.4263233;;;-0.0149577419290729;-0.347353373198025
38.351;-1.650951;0.9885412;;
37.812;-1.92055;0.9072654;;
38.352;-1.650951;0.9885412;;
38.386;-1.633757;0.9910119;;
38.388;-1.633575;0.9910381;;
38.389;-1.633536;0.9910437;;
38.421;-1.616519;0.9931849;;
38.423;-1.616246;0.9932193;;
38.424;-1.616139;0.9932327;;
38.453;-1.599014;0.9950834;;
38.455;-1.598798;0.9951068;;
38.457;-1.59873;0.9951141;;
38.487;-1.581422;0.9966772;;
38.488;-1.581212;0.9966961;;
38.491;-1.581143;0.9967023;;
38.492;-1.581131;0.9967034;;
38.5157169;;;-0.0455327970291007;-0.31139631010709
38.351;-1.650951;0.9885412;;
37.812;-1.92055;0.9072654;;
38.352;-1.650951;0.9885412;;
38.386;-1.633757;0.9910119;;
38.388;-1.633575;0.9910381;;
38.389;-1.633536;0.9910437;;
38.421;-1.616519;0.9931849;;
38.423;-1.616246;0.9932193;;
38.424;-1.616139;0.9932327;;
38.453;-1.599014;0.9950834;;
38.455;-1.598798;0.9951068;;
38.457;-1.59873;0.9951141;;
38.487;-1.581422;0.9966772;;
38.488;-1.581212;0.9966961;;
38.491;-1.581143;0.9967023;;
38.492;-1.581131;0.9967034;;
38.521;-1.563743;0.9979663;;
38.522;-1.563743;0.9979663;;
38.524;-1.563743;0.9979663;;
38.525;-1.563743;0.9979663;;
38.527;-1.563743;0.9979663;;
38.528;-1.558973;0.9982567;;
38.556;-1.546707;0.9989051;;
38.559;-1.546276;0.9989278;;
38.56;-1.54615;0.9989345;;
38.589;-1.528732;0.9995858;;
38.59;-1.528625;0.9995898;;
38.592;-1.528591;0.9995911;;
38.5937297;;;-0.0798085759613724;-0.277297148950997
38.386;-1.633757;0.9910119;;
38.388;-1.633575;0.9910381;;
38.389;-1.633536;0.9910437;;
38.421;-1.616519;0.9931849;;
38.423;-1.616246;0.9932193;;
38.424;-1.616139;0.9932327;;
38.453;-1.599014;0.9950834;;
38.455;-1.598798;0.9951068;;
38.457;-1.59873;0.9951141;;
38.487;-1.581422;0.9966772;;
38.488;-1.581212;0.9966961;;
38.491;-1.581143;0.9967023;;
38.492;-1.581131;0.9967034;;
38.521;-1.563743;0.9979663;;
38.522;-1.563743;0.9979663;;
38.524;-1.563743;0.9979663;;
38.525;-1.563743;0.9979663;;
38.527;-1.563743;0.9979663;;
38.528;-1.558973;0.9982567;;
38.556;-1.546707;0.9989051;;
38.559;-1.546276;0.9989278;;
38.56;-1.54615;0.9989345;;
38.589;-1.528732;0.9995858;;
38.59;-1.528625;0.9995898;;
38.592;-1.528591;0.9995911;;
38.593;-1.524783;0.9996891;;
38.623;-1.511265;0.9999353;;
38.625;-1.511175;0.9999371;;
38.628;-1.506711;0.9999744;;
38.664;-1.493609;0.999979;;
38.665;-1.493532;0.999979;;
38.666;-1.488625;0.9999332;;
38.667;-1.487781;0.9999254;;
38.6717231;;;-0.156421321455944;-0.247951456640665
38.421;-1.616519;0.9931849;;
38.423;-1.616246;0.9932193;;
38.424;-1.616139;0.9932327;;
38.453;-1.599014;0.9950834;;
38.455;-1.598798;0.9951068;;
38.457;-1.59873;0.9951141;;
38.487;-1.581422;0.9966772;;
38.488;-1.581212;0.9966961;;
38.491;-1.581143;0.9967023;;
38.492;-1.581131;0.9967034;;
38.521;-1.563743;0.9979663;;
38.522;-1.563743;0.9979663;;
38.524;-1.563743;0.9979663;;
38.525;-1.563743;0.9979663;;
38.527;-1.563743;0.9979663;;
38.528;-1.558973;0.9982567;;
38.556;-1.546707;0.9989051;;
38.559;-1.546276;0.9989278;;
38.56;-1.54615;0.9989345;;
38.589;-1.528732;0.9995858;;
38.59;-1.528625;0.9995898;;
38.592;-1.528591;0.9995911;;
38.593;-1.524783;0.9996891;;
38.623;-1.511265;0.9999353;;
38.625;-1.511175;0.9999371;;
38.628;-1.506711;0.9999744;;
38.664;-1.493609;0.999979;;
38.665;-1.493532;0.999979;;
38.666;-1.488625;0.9999332;;
38.667;-1.487781;0.9999254;;
38.692;-1.476065;0.9997128;;
38.695;-1.470558;0.9995651;;
38.697;-1.470262;0.9995572;;
38.7498187;;;-0.529892827820997;-0.233581822181702
38.528;-1.558973;0.9982567;;
38.556;-1.546707;0.9989051;;
38.559;-1.546276;0.9989278;;
38.56;-1.54615;0.9989345;;
38.589;-1.528732;0.9995858;;
38.59;-1.528625;0.9995898;;
38.592;-1.528591;0.9995911;;
38.593;-1.524783;0.9996891;;
38.623;-1.511265;0.9999353;;
38.625;-1.511175;0.9999371;;
38.628;-1.506711;0.9999744;;
38.664;-1.493609;0.999979;;
38.665;-1.493532;0.999979;;
38.666;-1.488625;0.9999332;;
38.667;-1.487781;0.9999254;;
38.692;-1.476065;0.9997128;;
38.695;-1.470558;0.9995651;;
38.697;-1.470262;0.9995572;;
38.759;-1.4414;0.9982748;;
38.763;-1.436235;0.997961;;
38.792;-1.423591;0.9970759;;
38.794;-1.423497;0.9970692;;
38.795;-1.419955;0.9967872;;
38.826;-1.40603;0.9955742;;
38.827;-1.405935;0.995566;;
38.8285293;;;-0.812355579844445;-0.230467471954896
38.623;-1.511265;0.9999353;;
38.625;-1.511175;0.9999371;;
38.628;-1.506711;0.9999744;;
38.664;-1.493609;0.999979;;
38.665;-1.493532;0.999979;;
38.666;-1.488625;0.9999332;;
38.667;-1.487781;0.9999254;;
38.692;-1.476065;0.9997128;;
38.695;-1.470558;0.9995651;;
38.697;-1.470262;0.9995572;;
38.759;-1.4414;0.9982748;;
38.763;-1.436235;0.997961;;
38.792;-1.423591;0.9970759;;
38.794;-1.423497;0.9970692;;
38.795;-1.419955;0.9967872;;
38.826;-1.40603;0.9955742;;
38.827;-1.405935;0.995566;;
38.829;-1.40204;0.9951864;;
38.831;-1.400307;0.9950177;;
38.861;-1.388558;0.9937702;;
38.861;-1.384811;0.9933395;;
38.895;-1.371025;0.9916478;;
38.897;-1.365394;0.9908991;;
38.898;-1.365394;0.9908991;;
38.899;-1.365394;0.9908991;;
38.901;-1.365394;0.9908991;;
38.906176;;;-0.661810600177884;-0.225839805104632
38.692;-1.476065;0.9997128;;
38.695;-1.470558;0.9995651;;
38.697;-1.470262;0.9995572;;
38.759;-1.4414;0.9982748;;
38.763;-1.436235;0.997961;;
38.792;-1.423591;0.9970759;;
38.794;-1.423497;0.9970692;;
38.795;-1.419955;0.9967872;;
38.826;-1.40603;0.9955742;;
38.827;-1.405935;0.995566;;
38.829;-1.40204;0.9951864;;
38.831;-1.400307;0.9950177;;
38.861;-1.388558;0.9937702;;
38.861;-1.384811;0.9933395;;
38.895;-1.371025;0.9916478;;
38.897;-1.365394;0.9908991;;
38.898;-1.365394;0.9908991;;
38.899;-1.365394;0.9908991;;
38.901;-1.365394;0.9908991;;
38.929;-1.348278;0.9884205;;
38.93;-1.348073;0.9883907;;
38.961;-1.336524;0.9865462;;
38.964;-1.332663;0.9858951;;
38.966;-1.331398;0.9856819;;
38.969;-1.330636;0.9855533;;
38.969;-1.330627;0.9855518;;
38.97;-1.330573;0.9855427;;
38.9846635;;;-0.729670346226524;-0.239601985161566
38.759;-1.4414;0.9982748;;
38.763;-1.436235;0.997961;;
38.792;-1.423591;0.9970759;;
38.794;-1.423497;0.9970692;;
38.795;-1.419955;0.9967872;;
38.826;-1.40603;0.9955742;;
38.827;-1.405935;0.995566;;
38.829;-1.40204;0.9951864;;
38.831;-1.400307;0.9950177;;
38.861;-1.388558;0.9937702;;
38.861;-1.384811;0.9933395;;
38.895;-1.371025;0.9916478;;
38.897;-1.365394;0.9908991;;
38.898;-1.365394;0.9908991;;
38.899;-1.365394;0.9908991;;
38.901;-1.365394;0.9908991;;
38.929;-1.348278;0.9884205;;
38.93;-1.348073;0.9883907;;
38.961;-1.336524;0.9865462;;
38.964;-1.332663;0.9858951;;
38.966;-1.331398;0.9856819;;
38.969;-1.330636;0.9855533;;
38.969;-1.330627;0.9855518;;
38.97;-1.330573;0.9855427;;
38.996;-1.313381;0.9824325;;
38.997;-1.313381;0.9824325;;
38.999;-1.313381;0.9824325;;
39.031;-1.29629;0.9790301;;
39.032;-1.296178;0.9790077;;
39.034;-1.296163;0.9790047;;
39.0619735;;;-0.423052831983291;-0.252382159733738
38.826;-1.40603;0.9955742;;
38.827;-1.405935;0.995566;;
38.829;-1.40204;0.9951864;;
38.831;-1.400307;0.9950177;;
38.861;-1.388558;0.9937702;;
38.861;-1.384811;0.9933395;;
38.895;-1.371025;0.9916478;;
38.897;-1.365394;0.9908991;;
38.898;-1.365394;0.9908991;;
38.899;-1.365394;0.9908991;;
38.901;-1.365394;0.9908991;;
38.929;-1.348278;0.9884205;;
38.93;-1.348073;0.9883907;;
38.961;-1.336524;0.9865462;;
38.964;-1.332663;0.9858951;;
38.966;-1.331398;0.9856819;;
38.969;-1.330636;0.9855533;;
38.969;-1.330627;0.9855518;;
38.97;-1.330573;0.9855427;;
38.996;-1.313381;0.9824325;;
38.997;-1.313381;0.9824325;;
38.999;-1.313381;0.9824325;;
39.031;-1.29629;0.9790301;;
39.032;-1.296178;0.9790077;;
39.034;-1.296163;0.9790047;;
39.064;-1.279117;0.975299;;
39.066;-1.278989;0.9752713;;
39.067;-1.278981;0.9752694;;
39.068;-1.278978;0.9752688;;
39.069;-1.278977;0.9752685;;
39.099;-1.262072;0.9712816;;
39.1413943;;;-0.0918948907015867;-0.25395635117037
38.929;-1.348278;0.9884205;;
38.93;-1.348073;0.9883907;;
38.961;-1.336524;0.9865462;;
38.964;-1.332663;0.9858951;;
38.966;-1.331398;0.9856819;;
38.969;-1.330636;0.9855533;;
38.969;-1.330627;0.9855518;;
38.97;-1.330573;0.9855427;;
38.996;-1.313381;0.9824325;;
38.997;-1.313381;0.9824325;;
38.999;-1.313381;0.9824325;;
39.031;-1.29629;0.9790301;;
39.032;-1.296178;0.9790077;;
39.034;-1.296163;0.9790047;;
39.064;-1.279117;0.975299;;
39.066;-1.278989;0.9752713;;
39.067;-1.278981;0.9752694;;
39.068;-1.278978;0.9752688;;
39.069;-1.278977;0.9752685;;
39.099;-1.262072;0.9712816;;
39.165;-1.224632;0.9613389;;
39.168;-1.224632;0.9613389;;
39.2;-1.211348;0.9574326;;
39.202;-1.211191;0.9573864;;
39.203;-1.211158;0.9573767;;
39.2188808;;;-0.262771138682876;-0.26313769759745
38.996;-1.313381;0.9824325;;
38.997;-1.313381;0.9824325;;
38.999;-1.313381;0.9824325;;
39.031;-1.29629;0.9790301;;
39.032;-1.296178;0.9790077;;
39.034;-1.296163;0.9790047;;
39.064;-1.279117;0.975299;;
39.066;-1.278989;0.9752713;;
39.067;-1.278981;0.9752694;;
39.068;-1.278978;0.9752688;;
39.069;-1.278977;0.9752685;;
39.099;-1.262072;0.9712816;;
39.165;-1.224632;0.9613389;;
39.168;-1.224632;0.9613389;;
39.2;-1.211348;0.9574326;;
39.202;-1.211191;0.9573864;;
39.203;-1.211158;0.9573767;;
39.234;-1.194626;0.9522312;;
39.236;-1.194519;0.9521979;;
39.269;-1.17818;0.9467962;;
39.2973895;;;-0.660260720903765;-0.287649539933189
39.099;-1.262072;0.9712816;;
39.165;-1.224632;0.9613389;;
39.168;-1.224632;0.9613389;;
39.2;-1.211348;0.9574326;;
39.202;-1.211191;0.9573864;;
39.203;-1.211158;0.9573767;;
39.234;-1.194626;0.9522312;;
39.236;-1.194519;0.9521979;;
39.269;-1.17818;0.9467962;;
39.302;-1.161189;0.9408532;;
39.303;-1.161103;0.9408232;;
39.335;-1.144833;0.9348017;;
39.336;-1.144724;0.9347613;;
39.338;-1.144711;0.9347566;;
39.369;-1.128677;0.9285011;;
39.372;-1.128478;0.9284236;;
39.374;-1.128439;0.9284083;;
39.3758372;;;-0.577683927650743;-0.304074262919863
39.165;-1.224632;0.9613389;;
39.168;-1.224632;0.9613389;;
39.2;-1.211348;0.9574326;;
39.202;-1.211191;0.9573864;;
39.203;-1.211158;0.9573767;;
39.234;-1.194626;0.9522312;;
39.236;-1.194519;0.9521979;;
39.269;-1.17818;0.9467962;;
39.302;-1.161189;0.9408532;;
39.303;-1.161103;0.9408232;;
39.335;-1.144833;0.9348017;;
39.336;-1.144724;0.9347613;;
39.338;-1.144711;0.9347566;;
39.369;-1.128677;0.9285011;;
39.372;-1.128478;0.9284236;;
39.374;-1.128439;0.9284083;;
39.403;-1.112255;0.9217654;;
39.406;-1.112155;0.9217241;;
39.408;-1.108421;0.9201405;;
39.438;-1.096125;0.9148131;;
39.439;-1.09604;0.9147764;;
39.441;-1.096025;0.9147698;;
39.4538837;;;-0.290918938283394;-0.302361887003189
39.234;-1.194626;0.9522312;;
39.236;-1.194519;0.9521979;;
39.269;-1.17818;0.9467962;;
39.302;-1.161189;0.9408532;;
39.303;-1.161103;0.9408232;;
39.335;-1.144833;0.9348017;;
39.336;-1.144724;0.9347613;;
39.338;-1.144711;0.9347566;;
39.369;-1.128677;0.9285011;;
39.372;-1.128478;0.9284236;;
39.374;-1.128439;0.9284083;;
39.403;-1.112255;0.9217654;;
39.406;-1.112155;0.9217241;;
39.408;-1.108421;0.9201405;;
39.438;-1.096125;0.9148131;;
39.439;-1.09604;0.9147764;;
39.441;-1.096025;0.9147698;;
39.471;-1.080116;0.9075764;;
39.473;-1.080015;0.9075305;;
39.475;-1.079993;0.9075209;;
39.506;-1.06427;0.9000759;;
39.508;-1.061;0.8984817;;
39.511;-1.059387;0.8976954;;
39.5319116;;;-0.120627350382986;-0.275203296125279
39.335;-1.144833;0.9348017;;
39.336;-1.144724;0.9347613;;
39.338;-1.144711;0.9347566;;
39.369;-1.128677;0.9285011;;
39.372;-1.128478;0.9284236;;
39.374;-1.128439;0.9284083;;
39.403;-1.112255;0.9217654;;
39.406;-1.112155;0.9217241;;
39.408;-1.108421;0.9201405;;
39.438;-1.096125;0.9148131;;
39.439;-1.09604;0.9147764;;
39.441;-1.096025;0.9147698;;
39.471;-1.080116;0.9075764;;
39.473;-1.080015;0.9075305;;
39.475;-1.079993;0.9075209;;
39.506;-1.06427;0.9000759;;
39.508;-1.061;0.8984817;;
39.511;-1.059387;0.8976954;;
39.54;-1.048539;0.89229;;
39.542;-1.048474;0.8922579;;
39.544;-1.044578;0.890272;;
39.573;-1.033154;0.8843359;;
39.575;-1.0329;0.8842039;;
39.577;-1.030107;0.882718;;
39.58;-1.027997;0.8815956;;
39.608;-1.017589;0.8759435;;
39.609;-1.017452;0.8758692;;
39.6103582;;;-0.262531636506168;-0.260715729139222
39.403;-1.112255;0.9217654;;
39.406;-1.112155;0.9217241;;
39.408;-1.108421;0.9201405;;
39.438;-1.096125;0.9148131;;
39.439;-1.09604;0.9147764;;
39.441;-1.096025;0.9147698;;
39.471;-1.080116;0.9075764;;
39.473;-1.080015;0.9075305;;
39.475;-1.079993;0.9075209;;
39.506;-1.06427;0.9000759;;
39.508;-1.061;0.8984817;;
39.511;-1.059387;0.8976954;;
39.54;-1.048539;0.89229;;
39.542;-1.048474;0.8922579;;
39.544;-1.044578;0.890272;;
39.573;-1.033154;0.8843359;;
39.575;-1.0329;0.8842039;;
39.577;-1.030107;0.882718;;
39.58;-1.027997;0.8815956;;
39.608;-1.017589;0.8759435;;
39.609;-1.017452;0.8758692;;
39.612;-1.013643;0.8737562;;
39.642;-1.002249;0.8673191;;
39.644;-0.998122;0.8649349;;
39.646;-0.9974201;0.8645294;;
39.675;-0.9871533;0.8584796;;
39.685;-0.9870682;0.8584294;;
39.684762;;;-0.127575869048982;-0.267621915073661
39.471;-1.080116;0.9075764;;
39.473;-1.080015;0.9075305;;
39.475;-1.079993;0.9075209;;
39.506;-1.06427;0.9000759;;
39.508;-1.061;0.8984817;;
39.511;-1.059387;0.8976954;;
39.54;-1.048539;0.89229;;
39.542;-1.048474;0.8922579;;
39.544;-1.044578;0.890272;;
39.573;-1.033154;0.8843359;;
39.575;-1.0329;0.8842039;;
39.577;-1.030107;0.882718;;
39.58;-1.027997;0.8815956;;
39.608;-1.017589;0.8759435;;
39.609;-1.017452;0.8758692;;
39.612;-1.013643;0.8737562;;
39.642;-1.002249;0.8673191;;
39.644;-0.998122;0.8649349;;
39.646;-0.9974201;0.8645294;;
39.675;-0.9871533;0.8584796;;
39.685;-0.9870682;0.8584294;;
39.686;-0.9837126;0.856411;;
39.71;-0.968482;0.8470442;;
39.711;-0.9667232;0.8459398;;
39.713;-0.9664388;0.8457612;;
39.744;-0.9524478;0.8367689;;
39.746;-0.9522816;0.8366621;;
39.748;-0.952242;0.8366366;;
39.749;-0.9522243;0.8366252;;
39.7661767;;;-0.136217111156536;-0.284473099961059
39.54;-1.048539;0.89229;;
39.542;-1.048474;0.8922579;;
39.544;-1.044578;0.890272;;
39.573;-1.033154;0.8843359;;
39.575;-1.0329;0.8842039;;
39.577;-1.030107;0.882718;;
39.58;-1.027997;0.8815956;;
39.608;-1.017589;0.8759435;;
39.609;-1.017452;0.8758692;;
39.612;-1.013643;0.8737562;;
39.642;-1.002249;0.8673191;;
39.644;-0.998122;0.8649349;;
39.646;-0.9974201;0.8645294;;
39.675;-0.9871533;0.8584796;;
39.685;-0.9870682;0.8584294;;
39.686;-0.9837126;0.856411;;
39.71;-0.968482;0.8470442;;
39.711;-0.9667232;0.8459398;;
39.713;-0.9664388;0.8457612;;
39.744;-0.9524478;0.8367689;;
39.746;-0.9522816;0.8366621;;
39.748;-0.952242;0.8366366;;
39.749;-0.9522243;0.8366252;;
39.778;-0.937969;0.8271146;;
39.779;-0.9378653;0.8270455;;
39.781;-0.9378524;0.8270369;;
39.783;-0.9378486;0.8270344;;
39.784;-0.9378478;0.8270338;;
39.813;-0.9233544;0.8169944;;
39.815;-0.9233544;0.8169944;;
39.8447477;;;-0.255592850732251;-0.304480607247477
39.642;-1.002249;0.8673191;;
39.644;-0.998122;0.8649349;;
39.646;-0.9974201;0.8645294;;
39.675;-0.9871533;0.8584796;;
39.685;-0.9870682;0.8584294;;
39.686;-0.9837126;0.856411;;
39.71;-0.968482;0.8470442;;
39.711;-0.9667232;0.8459398;;
39.713;-0.9664388;0.8457612;;
39.744;-0.9524478;0.8367689;;
39.746;-0.9522816;0.8366621;;
39.748;-0.952242;0.8366366;;
39.749;-0.9522243;0.8366252;;
39.778;-0.937969;0.8271146;;
39.779;-0.9378653;0.8270455;;
39.781;-0.9378524;0.8270369;;
39.783;-0.9378486;0.8270344;;
39.784;-0.9378478;0.8270338;;
39.813;-0.9233544;0.8169944;;
39.815;-0.9233544;0.8169944;;
39.847;-0.9091767;0.8067995;;
39.848;-0.9090878;0.8067355;;
39.849;-0.9090751;0.8067264;;
39.851;-0.9090682;0.8067214;;
39.852;-0.9090672;0.8067207;;
39.852;-0.9090656;0.8067196;;
39.881;-0.8954961;0.796596;;
39.884;-0.8951026;0.7963024;;
39.916;-0.8814281;0.7857236;;
39.918;-0.8811481;0.785507;;
39.919;-0.881111;0.7854782;;
39.92;-0.8811018;0.7854712;;
39.9222795;;;-0.88218185981717;-0.343125011644505
39.71;-0.968482;0.8470442;;
39.711;-0.9667232;0.8459398;;
39.713;-0.9664388;0.8457612;;
39.744;-0.9524478;0.8367689;;
39.746;-0.9522816;0.8366621;;
39.748;-0.952242;0.8366366;;
39.749;-0.9522243;0.8366252;;
39.778;-0.937969;0.8271146;;
39.779;-0.9378653;0.8270455;;
39.781;-0.9378524;0.8270369;;
39.783;-0.9378486;0.8270344;;
39.784;-0.9378478;0.8270338;;
39.813;-0.9233544;0.8169944;;
39.815;-0.9233544;0.8169944;;
39.847;-0.9091767;0.8067995;;
39.848;-0.9090878;0.8067355;;
39.849;-0.9090751;0.8067264;;
39.851;-0.9090682;0.8067214;;
39.852;-0.9090672;0.8067207;;
39.852;-0.9090656;0.8067196;;
39.881;-0.8954961;0.796596;;
39.884;-0.8951026;0.7963024;;
39.916;-0.8814281;0.7857236;;
39.918;-0.8811481;0.785507;;
39.919;-0.881111;0.7854782;;
39.92;-0.8811018;0.7854712;;
39.949;-0.8676922;0.774714;;
39.95;-0.8675221;0.7745775;;
39.952;-0.8674678;0.7745339;;
39.952;-0.8674439;0.7745148;;
39.953;-0.867457;0.7745253;;
39.984;-0.8540524;0.7633801;;
39.985;-0.8539594;0.7633028;;
39.986;-0.8539481;0.7632934;;
39.988;-0.8539447;0.7632906;;
39.989;-0.8514816;0.7611937;;
39.99;-0.850412;0.7602831;;
39.991;-0.8495951;0.7595878;;
40.0007665;;;-0.535745416356255;-0.359484596597377
39.778;-0.937969;0.8271146;;
39.779;-0.9378653;0.8270455;;
39.781;-0.9378524;0.8270369;;
39.783;-0.9378486;0.8270344;;
39.784;-0.9378478;0.8270338;;
39.813;-0.9233544;0.8169944;;
39.815;-0.9233544;0.8169944;;
39.847;-0.9091767;0.8067995;;
39.848;-0.9090878;0.8067355;;
39.849;-0.9090751;0.8067264;;
39.851;-0.9090682;0.8067214;;
39.852;-0.9090672;0.8067207;;
39.852;-0.9090656;0.8067196;;
39.881;-0.8954961;0.796596;;
39.884;-0.8951026;0.7963024;;
39.916;-0.8814281;0.7857236;;
39.918;-0.8811481;0.785507;;
39.919;-0.881111;0.7854782;;
39.92;-0.8811018;0.7854712;;
39.949;-0.8676922;0.774714;;
39.95;-0.8675221;0.7745775;;
39.952;-0.8674678;0.7745339;;
39.952;-0.8674439;0.7745148;;
39.953;-0.867457;0.7745253;;
39.984;-0.8540524;0.7633801;;
39.985;-0.8539594;0.7633028;;
39.986;-0.8539481;0.7632934;;
39.988;-0.8539447;0.7632906;;
39.989;-0.8514816;0.7611937;;
39.99;-0.850412;0.7602831;;
39.991;-0.8495951;0.7595878;;
40.017;-0.8406698;0.7518535;;
40.018;-0.8406698;0.7518535;;
40.021;-0.8406698;0.7518535;;
40.022;-0.8406698;0.7518535;;
40.051;-0.8277138;0.7402896;;
40.053;-0.8276504;0.740233;;
40.055;-0.8276174;0.7402036;;
40.056;-0.8276104;0.7401973;;
40.057;-0.8244545;0.7373136;;
40.0789819;;;-0.30647868204715;-0.352769525098638
39.881;-0.8954961;0.796596;;
39.884;-0.8951026;0.7963024;;
39.916;-0.8814281;0.7857236;;
39.918;-0.8811481;0.785507;;
39.919;-0.881111;0.7854782;;
39.92;-0.8811018;0.7854712;;
39.949;-0.8676922;0.774714;;
39.95;-0.8675221;0.7745775;;
39.952;-0.8674678;0.7745339;;
39.952;-0.8674439;0.7745148;;
39.953;-0.867457;0.7745253;;
39.984;-0.8540524;0.7633801;;
39.985;-0.8539594;0.7633028;;
39.986;-0.8539481;0.7632934;;
39.988;-0.8539447;0.7632906;;
39.989;-0.8514816;0.7611937;;
39.99;-0.850412;0.7602831;;
39.991;-0.8495951;0.7595878;;
40.017;-0.8406698;0.7518535;;
40.018;-0.8406698;0.7518535;;
40.021;-0.8406698;0.7518535;;
40.022;-0.8406698;0.7518535;;
40.051;-0.8277138;0.7402896;;
40.053;-0.8276504;0.740233;;
40.055;-0.8276174;0.7402036;;
40.056;-0.8276104;0.7401973;;
40.057;-0.8244545;0.7373136;;
40.085;-0.8147439;0.7283011;;
40.087;-0.8146686;0.7282312;;
40.089;-0.8146592;0.7282224;;
40.09;-0.8146582;0.7282215;;
40.091;-0.8146579;0.7282212;;
40.091;-0.8146578;0.7282212;;
40.119;-0.8022739;0.716361;;
40.121;-0.8021015;0.7161959;;
40.122;-0.8020747;0.7161703;;
40.124;-0.7993321;0.7134819;;
40.125;-0.7981278;0.7123014;;
40.126;-0.7979357;0.712113;;
40.153;-0.7896548;0.7038516;;
40.155;-0.7895277;0.7037249;;
40.1572344;;;-0.0209270733240976;-0.330611151289514
39.949;-0.8676922;0.774714;;
39.95;-0.8675221;0.7745775;;
39.952;-0.8674678;0.7745339;;
39.952;-0.8674439;0.7745148;;
39.953;-0.867457;0.7745253;;
39.984;-0.8540524;0.7633801;;
39.985;-0.8539594;0.7633028;;
39.986;-0.8539481;0.7632934;;
39.988;-0.8539447;0.7632906;;
39.989;-0.8514816;0.7611937;;
39.99;-0.850412;0.7602831;;
39.991;-0.8495951;0.7595878;;
40.017;-0.8406698;0.7518535;;
40.018;-0.8406698;0.7518535;;
40.021;-0.8406698;0.7518535;;
40.022;-0.8406698;0.7518535;;
40.051;-0.8277138;0.7402896;;
40.053;-0.8276504;0.740233;;
40.055;-0.8276174;0.7402036;;
40.056;-0.8276104;0.7401973;;
40.057;-0.8244545;0.7373136;;
40.085;-0.8147439;0.7283011;;
40.087;-0.8146686;0.7282312;;
40.089;-0.8146592;0.7282224;;
40.09;-0.8146582;0.7282215;;
40.091;-0.8146579;0.7282212;;
40.091;-0.8146578;0.7282212;;
40.119;-0.8022739;0.716361;;
40.121;-0.8021015;0.7161959;;
40.122;-0.8020747;0.7161703;;
40.124;-0.7993321;0.7134819;;
40.125;-0.7981278;0.7123014;;
40.126;-0.7979357;0.712113;;
40.153;-0.7896548;0.7038516;;
40.155;-0.7895277;0.7037249;;
40.157;-0.7861995;0.7003453;;
40.158;-0.7857233;0.6998619;;
40.159;-0.78545;0.6995844;;
40.187;-0.7767791;0.6906167;;
40.188;-0.7767791;0.6906167;;
40.19;-0.7767791;0.6906167;;
40.191;-0.7739608;0.6876503;;
40.192;-0.7734095;0.6870701;;
40.192;-0.7733935;0.6870531;;
40.194;-0.7732924;0.6869468;;
40.22;-0.7654267;0.6785284;;
40.222;-0.7653612;0.6784583;;
40.224;-0.7653525;0.6784489;;
40.224;-0.765352;0.6784484;;
40.225;-0.7621396;0.6749496;;
40.226;-0.7616298;0.6743944;;
40.2354094;;;0.189120253097662;-0.305354345155135
40.017;-0.8406698;0.7518535;;
40.018;-0.8406698;0.7518535;;
40.021;-0.8406698;0.7518535;;
40.022;-0.8406698;0.7518535;;
40.051;-0.8277138;0.7402896;;
40.053;-0.8276504;0.740233;;
40.055;-0.8276174;0.7402036;;
40.056;-0.8276104;0.7401973;;
40.057;-0.8244545;0.7373136;;
40.085;-0.8147439;0.7283011;;
40.087;-0.8146686;0.7282312;;
40.089;-0.8146592;0.7282224;;
40.09;-0.8146582;0.7282215;;
40.091;-0.8146579;0.7282212;;
40.091;-0.8146578;0.7282212;;
40.119;-0.8022739;0.716361;;
40.121;-0.8021015;0.7161959;;
40.122;-0.8020747;0.7161703;;
40.124;-0.7993321;0.7134819;;
40.125;-0.7981278;0.7123014;;
40.126;-0.7979357;0.712113;;
40.153;-0.7896548;0.7038516;;
40.155;-0.7895277;0.7037249;;
40.157;-0.7861995;0.7003453;;
40.158;-0.7857233;0.6998619;;
40.159;-0.78545;0.6995844;;
40.187;-0.7767791;0.6906167;;
40.188;-0.7767791;0.6906167;;
40.19;-0.7767791;0.6906167;;
40.191;-0.7739608;0.6876503;;
40.192;-0.7734095;0.6870701;;
40.192;-0.7733935;0.6870531;;
40.194;-0.7732924;0.6869468;;
40.22;-0.7654267;0.6785284;;
40.222;-0.7653612;0.6784583;;
40.224;-0.7653525;0.6784489;;
40.224;-0.765352;0.6784484;;
40.225;-0.7621396;0.6749496;;
40.226;-0.7616298;0.6743944;;
40.255;-0.7535231;0.6654103;;
40.257;-0.7534628;0.6653435;;
40.259;-0.7483947;0.6596061;;
40.26;-0.7478341;0.6589714;;
40.26;-0.7477691;0.6588979;;
40.261;-0.7475972;0.6587033;;
40.289;-0.7419659;0.652215;;
40.292;-0.7397529;0.6496277;;
40.296;-0.7384498;0.6481043;;
40.296;-0.7383955;0.6480407;;
40.298;-0.7382116;0.6478258;;
40.298;-0.7381997;0.6478118;;
40.3134899;;;0.689893532124492;-0.273303703953863
40.119;-0.8022739;0.716361;;
40.121;-0.8021015;0.7161959;;
40.122;-0.8020747;0.7161703;;
40.124;-0.7993321;0.7134819;;
40.125;-0.7981278;0.7123014;;
40.126;-0.7979357;0.712113;;
40.153;-0.7896548;0.7038516;;
40.155;-0.7895277;0.7037249;;
40.157;-0.7861995;0.7003453;;
40.158;-0.7857233;0.6998619;;
40.159;-0.78545;0.6995844;;
40.187;-0.7767791;0.6906167;;
40.188;-0.7767791;0.6906167;;
40.19;-0.7767791;0.6906167;;
40.191;-0.7739608;0.6876503;;
40.192;-0.7734095;0.6870701;;
40.192;-0.7733935;0.6870531;;
40.194;-0.7732924;0.6869468;;
40.22;-0.7654267;0.6785284;;
40.222;-0.7653612;0.6784583;;
40.224;-0.7653525;0.6784489;;
40.224;-0.765352;0.6784484;;
40.225;-0.7621396;0.6749496;;
40.226;-0.7616298;0.6743944;;
40.255;-0.7535231;0.6654103;;
40.257;-0.7534628;0.6653435;;
40.259;-0.7483947;0.6596061;;
40.26;-0.7478341;0.6589714;;
40.26;-0.7477691;0.6588979;;
40.261;-0.7475972;0.6587033;;
40.289;-0.7419659;0.652215;;
40.292;-0.7397529;0.6496277;;
40.296;-0.7384498;0.6481043;;
40.296;-0.7383955;0.6480407;;
40.298;-0.7382116;0.6478258;;
40.298;-0.7381997;0.6478118;;
40.323;-0.7307078;0.638896;;
40.324;-0.7306506;0.638828;;
40.326;-0.7306343;0.6388085;;
40.328;-0.7306328;0.6388068;;
40.329;-0.7306321;0.6388059;;
40.357;-0.7196713;0.6253674;;
40.358;-0.7195732;0.6252472;;
40.361;-0.7171402;0.6221921;;
40.391;-0.708829;0.6115937;;
40.392;-0.7087598;0.6115054;;
40.3923686;;;0.846816884106158;-0.240733823795934
40.187;-0.7767791;0.6906167;;
40.188;-0.7767791;0.6906167;;
40.19;-0.7767791;0.6906167;;
40.191;-0.7739608;0.6876503;;
40.192;-0.7734095;0.6870701;;
40.192;-0.7733935;0.6870531;;
40.194;-0.7732924;0.6869468;;
40.22;-0.7654267;0.6785284;;
40.222;-0.7653612;0.6784583;;
40.224;-0.7653525;0.6784489;;
40.224;-0.765352;0.6784484;;
40.225;-0.7621396;0.6749496;;
40.226;-0.7616298;0.6743944;;
40.255;-0.7535231;0.6654103;;
40.257;-0.7534628;0.6653435;;
40.259;-0.7483947;0.6596061;;
40.26;-0.7478341;0.6589714;;
40.26;-0.7477691;0.6588979;;
40.261;-0.7475972;0.6587033;;
40.289;-0.7419659;0.652215;;
40.292;-0.7397529;0.6496277;;
40.296;-0.7384498;0.6481043;;
40.296;-0.7383955;0.6480407;;
40.298;-0.7382116;0.6478258;;
40.298;-0.7381997;0.6478118;;
40.323;-0.7307078;0.638896;;
40.324;-0.7306506;0.638828;;
40.326;-0.7306343;0.6388085;;
40.328;-0.7306328;0.6388068;;
40.329;-0.7306321;0.6388059;;
40.357;-0.7196713;0.6253674;;
40.358;-0.7195732;0.6252472;;
40.361;-0.7171402;0.6221921;;
40.391;-0.708829;0.6115937;;
40.392;-0.7087598;0.6115054;;
40.394;-0.7060947;0.6080359;;
40.425;-0.6966149;0.5954573;;
40.426;-0.6954942;0.5939416;;
40.429;-0.6949064;0.5931466;;
40.458;-0.687776;0.5833445;;
40.461;-0.6854239;0.5800498;;
40.464;-0.684574;0.5788594;;
40.4699938;;;0.152012387118563;-0.23431189575564
40.255;-0.7535231;0.6654103;;
40.257;-0.7534628;0.6653435;;
40.259;-0.7483947;0.6596061;;
40.26;-0.7478341;0.6589714;;
40.26;-0.7477691;0.6588979;;
40.261;-0.7475972;0.6587033;;
40.289;-0.7419659;0.652215;;
40.292;-0.7397529;0.6496277;;
40.296;-0.7384498;0.6481043;;
40.296;-0.7383955;0.6480407;;
40.298;-0.7382116;0.6478258;;
40.298;-0.7381997;0.6478118;;
40.323;-0.7307078;0.638896;;
40.324;-0.7306506;0.638828;;
40.326;-0.7306343;0.6388085;;
40.328;-0.7306328;0.6388068;;
40.329;-0.7306321;0.6388059;;
40.357;-0.7196713;0.6253674;;
40.358;-0.7195732;0.6252472;;
40.361;-0.7171402;0.6221921;;
40.391;-0.708829;0.6115937;;
40.392;-0.7087598;0.6115054;;
40.394;-0.7060947;0.6080359;;
40.425;-0.6966149;0.5954573;;
40.426;-0.6954942;0.5939416;;
40.429;-0.6949064;0.5931466;;
40.458;-0.687776;0.5833445;;
40.461;-0.6854239;0.5800498;;
40.464;-0.684574;0.5788594;;
40.492;-0.6776912;0.5690414;;
40.492;-0.6764494;0.5672336;;
40.495;-0.6743196;0.5641332;;
40.526;-0.6646034;0.5496452;;
40.528;-0.6645543;0.5495721;;
40.531;-0.6645294;0.5495349;;
40.5477486;;;-0.364803854582818;-0.246591551815398
40.323;-0.7307078;0.638896;;
40.324;-0.7306506;0.638828;;
40.326;-0.7306343;0.6388085;;
40.328;-0.7306328;0.6388068;;
40.329;-0.7306321;0.6388059;;
40.357;-0.7196713;0.6253674;;
40.358;-0.7195732;0.6252472;;
40.361;-0.7171402;0.6221921;;
40.391;-0.708829;0.6115937;;
40.392;-0.7087598;0.6115054;;
40.394;-0.7060947;0.6080359;;
40.425;-0.6966149;0.5954573;;
40.426;-0.6954942;0.5939416;;
40.429;-0.6949064;0.5931466;;
40.458;-0.687776;0.5833445;;
40.461;-0.6854239;0.5800498;;
40.464;-0.684574;0.5788594;;
40.492;-0.6776912;0.5690414;;
40.492;-0.6764494;0.5672336;;
40.495;-0.6743196;0.5641332;;
40.526;-0.6646034;0.5496452;;
40.528;-0.6645543;0.5495721;;
40.531;-0.6645294;0.5495349;;
40.561;-0.6582386;0.5398476;;
40.563;-0.6581707;0.5397431;;
40.565;-0.6560207;0.536369;;
40.566;-0.6556041;0.5357152;;
40.595;-0.645881;0.5200748;;
40.598;-0.6458163;0.5199707;;
40.599;-0.6458024;0.5199484;;
40.6;-0.6457992;0.5199431;;
40.6148221;;;-0.883096715624753;-0.277487249494759
40.391;-0.708829;0.6115937;;
40.392;-0.7087598;0.6115054;;
40.394;-0.7060947;0.6080359;;
40.425;-0.6966149;0.5954573;;
40.426;-0.6954942;0.5939416;;
40.429;-0.6949064;0.5931466;;
40.458;-0.687776;0.5833445;;
40.461;-0.6854239;0.5800498;;
40.464;-0.684574;0.5788594;;
40.492;-0.6776912;0.5690414;;
40.492;-0.6764494;0.5672336;;
40.495;-0.6743196;0.5641332;;
40.526;-0.6646034;0.5496452;;
40.528;-0.6645543;0.5495721;;
40.531;-0.6645294;0.5495349;;
40.561;-0.6582386;0.5398476;;
40.563;-0.6581707;0.5397431;;
40.565;-0.6560207;0.536369;;
40.566;-0.6556041;0.5357152;;
40.595;-0.645881;0.5200748;;
40.598;-0.6458163;0.5199707;;
40.599;-0.6458024;0.5199484;;
40.6;-0.6457992;0.5199431;;
40.629;-0.6369755;0.505157;;
40.631;-0.6368567;0.5049579;;
40.632;-0.6368333;0.5049188;;
40.634;-0.6368259;0.5049063;;
40.664;-0.6282377;0.489924;;
40.666;-0.6281251;0.4897274;;
40.668;-0.6281045;0.4896915;;
40.67;-0.6280944;0.489674;;
40.6932064;;;-0.859233346370285;-0.304518481222234
40.492;-0.6776912;0.5690414;;
40.492;-0.6764494;0.5672336;;
40.495;-0.6743196;0.5641332;;
40.526;-0.6646034;0.5496452;;
40.528;-0.6645543;0.5495721;;
40.531;-0.6645294;0.5495349;;
40.561;-0.6582386;0.5398476;;
40.563;-0.6581707;0.5397431;;
40.565;-0.6560207;0.536369;;
40.566;-0.6556041;0.5357152;;
40.595;-0.645881;0.5200748;;
40.598;-0.6458163;0.5199707;;
40.599;-0.6458024;0.5199484;;
40.6;-0.6457992;0.5199431;;
40.629;-0.6369755;0.505157;;
40.631;-0.6368567;0.5049579;;
40.632;-0.6368333;0.5049188;;
40.634;-0.6368259;0.5049063;;
40.664;-0.6282377;0.489924;;
40.666;-0.6281251;0.4897274;;
40.668;-0.6281045;0.4896915;;
40.67;-0.6280944;0.489674;;
40.699;-0.6197153;0.4744402;;
40.7;-0.6196115;0.4742515;;
40.702;-0.6195738;0.4741831;;
40.703;-0.6195698;0.4741757;;
40.734;-0.6115683;0.4590037;;
40.736;-0.6114783;0.458833;;
40.738;-0.6093859;0.4547525;;
40.766;-0.6036192;0.4432797;;
40.767;-0.6035288;0.4430998;;
40.769;-0.6034841;0.4430108;;
40.7723253;;;-0.95697727683634;-0.320944806184363
40.561;-0.6582386;0.5398476;;
40.563;-0.6581707;0.5397431;;
40.565;-0.6560207;0.536369;;
40.566;-0.6556041;0.5357152;;
40.595;-0.645881;0.5200748;;
40.598;-0.6458163;0.5199707;;
40.599;-0.6458024;0.5199484;;
40.6;-0.6457992;0.5199431;;
40.629;-0.6369755;0.505157;;
40.631;-0.6368567;0.5049579;;
40.632;-0.6368333;0.5049188;;
40.634;-0.6368259;0.5049063;;
40.664;-0.6282377;0.489924;;
40.666;-0.6281251;0.4897274;;
40.668;-0.6281045;0.4896915;;
40.67;-0.6280944;0.489674;;
40.699;-0.6197153;0.4744402;;
40.7;-0.6196115;0.4742515;;
40.702;-0.6195738;0.4741831;;
40.703;-0.6195698;0.4741757;;
40.734;-0.6115683;0.4590037;;
40.736;-0.6114783;0.458833;;
40.738;-0.6093859;0.4547525;;
40.766;-0.6036192;0.4432797;;
40.767;-0.6035288;0.4430998;;
40.769;-0.6034841;0.4430108;;
40.771;-0.6016141;0.4391977;;
40.773;-0.6009615;0.4378672;;
40.774;-0.6008065;0.4375511;;
40.774;-0.6008065;0.4375511;;
40.802;-0.5955071;0.4264887;;
40.803;-0.5955071;0.4264887;;
40.806;-0.5938919;0.4230403;;
40.807;-0.5936264;0.4224735;;
40.808;-0.5933874;0.4219631;;
40.834;-0.5884991;0.4112966;;
40.836;-0.5884623;0.4112161;;
40.838;-0.5884554;0.4112011;;
40.8498534;;;-0.926453927185539;-0.32533320415902
40.629;-0.6369755;0.505157;;
40.631;-0.6368567;0.5049579;;
40.632;-0.6368333;0.5049188;;
40.634;-0.6368259;0.5049063;;
40.664;-0.6282377;0.489924;;
40.666;-0.6281251;0.4897274;;
40.668;-0.6281045;0.4896915;;
40.67;-0.6280944;0.489674;;
40.699;-0.6197153;0.4744402;;
40.7;-0.6196115;0.4742515;;
40.702;-0.6195738;0.4741831;;
40.703;-0.6195698;0.4741757;;
40.734;-0.6115683;0.4590037;;
40.736;-0.6114783;0.458833;;
40.738;-0.6093859;0.4547525;;
40.766;-0.6036192;0.4432797;;
40.767;-0.6035288;0.4430998;;
40.769;-0.6034841;0.4430108;;
40.771;-0.6016141;0.4391977;;
40.773;-0.6009615;0.4378672;;
40.774;-0.6008065;0.4375511;;
40.774;-0.6008065;0.4375511;;
40.802;-0.5955071;0.4264887;;
40.803;-0.5955071;0.4264887;;
40.806;-0.5938919;0.4230403;;
40.807;-0.5936264;0.4224735;;
40.808;-0.5933874;0.4219631;;
40.834;-0.5884991;0.4112966;;
40.836;-0.5884623;0.4112161;;
40.838;-0.5884554;0.4112011;;
40.868;-0.5815903;0.3956213;;
40.87;-0.5814705;0.3953495;;
40.872;-0.5796477;0.3910768;;
40.874;-0.5789307;0.3893964;;
40.902;-0.5747307;0.3793066;;
40.904;-0.5746469;0.3791053;;
40.907;-0.5729001;0.374806;;
40.909;-0.5724232;0.3736324;;
40.9277439;;;-0.898220675750725;-0.33442589937336
40.734;-0.6115683;0.4590037;;
40.736;-0.6114783;0.458833;;
40.738;-0.6093859;0.4547525;;
40.766;-0.6036192;0.4432797;;
40.767;-0.6035288;0.4430998;;
40.769;-0.6034841;0.4430108;;
40.771;-0.6016141;0.4391977;;
40.773;-0.6009615;0.4378672;;
40.774;-0.6008065;0.4375511;;
40.774;-0.6008065;0.4375511;;
40.802;-0.5955071;0.4264887;;
40.803;-0.5955071;0.4264887;;
40.806;-0.5938919;0.4230403;;
40.807;-0.5936264;0.4224735;;
40.808;-0.5933874;0.4219631;;
40.834;-0.5884991;0.4112966;;
40.836;-0.5884623;0.4112161;;
40.838;-0.5884554;0.4112011;;
40.868;-0.5815903;0.3956213;;
40.87;-0.5814705;0.3953495;;
40.872;-0.5796477;0.3910768;;
40.874;-0.5789307;0.3893964;;
40.902;-0.5747307;0.3793066;;
40.904;-0.5746469;0.3791053;;
40.907;-0.5729001;0.374806;;
40.909;-0.5724232;0.3736324;;
40.936;-0.5681548;0.3628542;;
40.938;-0.5681278;0.362786;;
40.94;-0.568118;0.3627614;;
40.97;-0.5621549;0.3470369;;
40.972;-0.5605883;0.342773;;
40.975;-0.5599822;0.3411236;;
41.003;-0.5559855;0.3299022;;
41.005;-0.5559561;0.3298195;;
41.0064567;;;-0.89517245612868;-0.340791365138828
40.773;-0.6009615;0.4378672;;
40.774;-0.6008065;0.4375511;;
40.774;-0.6008065;0.4375511;;
40.802;-0.5955071;0.4264887;;
40.803;-0.5955071;0.4264887;;
40.806;-0.5938919;0.4230403;;
40.807;-0.5936264;0.4224735;;
40.808;-0.5933874;0.4219631;;
40.834;-0.5884991;0.4112966;;
40.836;-0.5884623;0.4112161;;
40.838;-0.5884554;0.4112011;;
40.868;-0.5815903;0.3956213;;
40.87;-0.5814705;0.3953495;;
40.872;-0.5796477;0.3910768;;
40.874;-0.5789307;0.3893964;;
40.902;-0.5747307;0.3793066;;
40.904;-0.5746469;0.3791053;;
40.907;-0.5729001;0.374806;;
40.909;-0.5724232;0.3736324;;
40.936;-0.5681548;0.3628542;;
40.938;-0.5681278;0.362786;;
40.94;-0.568118;0.3627614;;
40.97;-0.5621549;0.3470369;;
40.972;-0.5605883;0.342773;;
40.975;-0.5599822;0.3411236;;
41.003;-0.5559855;0.3299022;;
41.005;-0.5559561;0.3298195;;
41.007;-0.5545996;0.3259005;;
41.037;-0.5487663;0.3084649;;
41.039;-0.5487215;0.3083317;;
41.041;-0.5482093;0.3067456;;
41.072;-0.5449923;0.2965793;;
41.073308;;;-0.943081405690963;-0.360792464127584
40.868;-0.5815903;0.3956213;;
40.87;-0.5814705;0.3953495;;
40.872;-0.5796477;0.3910768;;
40.874;-0.5789307;0.3893964;;
40.902;-0.5747307;0.3793066;;
40.904;-0.5746469;0.3791053;;
40.907;-0.5729001;0.374806;;
40.909;-0.5724232;0.3736324;;
40.936;-0.5681548;0.3628542;;
40.938;-0.5681278;0.362786;;
40.94;-0.568118;0.3627614;;
40.97;-0.5621549;0.3470369;;
40.972;-0.5605883;0.342773;;
40.975;-0.5599822;0.3411236;;
41.003;-0.5559855;0.3299022;;
41.005;-0.5559561;0.3298195;;
41.007;-0.5545996;0.3259005;;
41.037;-0.5487663;0.3084649;;
41.039;-0.5487215;0.3083317;;
41.041;-0.5482093;0.3067456;;
41.072;-0.5449923;0.2965793;;
41.073;-0.5440379;0.2934756;;
41.076;-0.5435676;0.2919461;;
41.106;-0.5399047;0.2796704;;
41.107;-0.5398735;0.2795662;;
41.109;-0.5386504;0.2753206;;
41.139;-0.5351805;0.2629106;;
41.14;-0.5336418;0.2571999;;
41.142;-0.5336418;0.2571999;;
41.1513995;;;-0.9708173935492;-0.394597175775569
40.936;-0.5681548;0.3628542;;
40.938;-0.5681278;0.362786;;
40.94;-0.568118;0.3627614;;
40.97;-0.5621549;0.3470369;;
40.972;-0.5605883;0.342773;;
40.975;-0.5599822;0.3411236;;
41.003;-0.5559855;0.3299022;;
41.005;-0.5559561;0.3298195;;
41.007;-0.5545996;0.3259005;;
41.037;-0.5487663;0.3084649;;
41.039;-0.5487215;0.3083317;;
41.041;-0.5482093;0.3067456;;
41.072;-0.5449923;0.2965793;;
41.073;-0.5440379;0.2934756;;
41.076;-0.5435676;0.2919461;;
41.106;-0.5399047;0.2796704;;
41.107;-0.5398735;0.2795662;;
41.109;-0.5386504;0.2753206;;
41.139;-0.5351805;0.2629106;;
41.14;-0.5336418;0.2571999;;
41.142;-0.5336418;0.2571999;;
41.174;-0.5293219;0.2403734;;
41.176;-0.5292745;0.2401887;;
41.178;-0.5292574;0.2401218;;
41.208;-0.5252442;0.2232682;;
41.209;-0.5252165;0.2231518;;
41.211;-0.5252119;0.2231324;;
41.2294128;;;-0.984910818585313;-0.42237177884874
41.003;-0.5559855;0.3299022;;
41.005;-0.5559561;0.3298195;;
41.007;-0.5545996;0.3259005;;
41.037;-0.5487663;0.3084649;;
41.039;-0.5487215;0.3083317;;
41.041;-0.5482093;0.3067456;;
41.072;-0.5449923;0.2965793;;
41.073;-0.5440379;0.2934756;;
41.076;-0.5435676;0.2919461;;
41.106;-0.5399047;0.2796704;;
41.107;-0.5398735;0.2795662;;
41.109;-0.5386504;0.2753206;;
41.139;-0.5351805;0.2629106;;
41.14;-0.5336418;0.2571999;;
41.142;-0.5336418;0.2571999;;
41.174;-0.5293219;0.2403734;;
41.176;-0.5292745;0.2401887;;
41.178;-0.5292574;0.2401218;;
41.208;-0.5252442;0.2232682;;
41.209;-0.5252165;0.2231518;;
41.211;-0.5252119;0.2231324;;
41.242;-0.5214787;0.2061396;;
41.244;-0.5214575;0.2060433;;
41.246;-0.521451;0.2060137;;
41.276;-0.518015;0.188959;;
41.278;-0.518015;0.188959;;
41.28;-0.518015;0.188959;;
41.3074877;;;-0.980335406613433;-0.434682343683727
41.106;-0.5399047;0.2796704;;
41.107;-0.5398735;0.2795662;;
41.109;-0.5386504;0.2753206;;
41.139;-0.5351805;0.2629106;;
41.14;-0.5336418;0.2571999;;
41.142;-0.5336418;0.2571999;;
41.174;-0.5293219;0.2403734;;
41.176;-0.5292745;0.2401887;;
41.178;-0.5292574;0.2401218;;
41.208;-0.5252442;0.2232682;;
41.209;-0.5252165;0.2231518;;
41.211;-0.5252119;0.2231324;;
41.242;-0.5214787;0.2061396;;
41.244;-0.5214575;0.2060433;;
41.246;-0.521451;0.2060137;;
41.276;-0.518015;0.188959;;
41.278;-0.518015;0.188959;;
41.28;-0.518015;0.188959;;
41.31;-0.5148484;0.1716789;;
41.31;-0.5148352;0.1716069;;
41.312;-0.514825;0.1715516;;
41.344;-0.5120103;0.1545046;;
41.346;-0.511979;0.1543155;;
41.348;-0.5119687;0.1542531;;
41.378;-0.5094345;0.1370307;;
41.38;-0.5094199;0.1369319;;
41.381;-0.5094149;0.1368976;;
41.3857496;;;-0.958531732288156;-0.449330336169782
41.174;-0.5293219;0.2403734;;
41.176;-0.5292745;0.2401887;;
41.178;-0.5292574;0.2401218;;
41.208;-0.5252442;0.2232682;;
41.209;-0.5252165;0.2231518;;
41.211;-0.5252119;0.2231324;;
41.242;-0.5214787;0.2061396;;
41.244;-0.5214575;0.2060433;;
41.246;-0.521451;0.2060137;;
41.276;-0.518015;0.188959;;
41.278;-0.518015;0.188959;;
41.28;-0.518015;0.188959;;
41.31;-0.5148484;0.1716789;;
41.31;-0.5148352;0.1716069;;
41.312;-0.514825;0.1715516;;
41.344;-0.5120103;0.1545046;;
41.346;-0.511979;0.1543155;;
41.348;-0.5119687;0.1542531;;
41.378;-0.5094345;0.1370307;;
41.38;-0.5094199;0.1369319;;
41.381;-0.5094149;0.1368976;;
41.413;-0.5072085;0.119835;;
41.414;-0.5071802;0.1196161;;
41.415;-0.5071755;0.1195794;;
41.447;-0.5052485;0.1023096;;
41.448;-0.5052376;0.1022116;;
41.451;-0.5052341;0.1021803;;
41.4637929;;;-0.974779771361282;-0.475632675903546
41.242;-0.5214787;0.2061396;;
41.244;-0.5214575;0.2060433;;
41.246;-0.521451;0.2060137;;
41.276;-0.518015;0.188959;;
41.278;-0.518015;0.188959;;
41.28;-0.518015;0.188959;;
41.31;-0.5148484;0.1716789;;
41.31;-0.5148352;0.1716069;;
41.312;-0.514825;0.1715516;;
41.344;-0.5120103;0.1545046;;
41.346;-0.511979;0.1543155;;
41.348;-0.5119687;0.1542531;;
41.378;-0.5094345;0.1370307;;
41.38;-0.5094199;0.1369319;;
41.381;-0.5094149;0.1368976;;
41.413;-0.5072085;0.119835;;
41.414;-0.5071802;0.1196161;;
41.415;-0.5071755;0.1195794;;
41.447;-0.5052485;0.1023096;;
41.448;-0.5052376;0.1022116;;
41.451;-0.5052341;0.1021803;;
41.482;-0.5036032;0.08479909;;
41.483;-0.5035924;0.08468492;;
41.484;-0.5035905;0.08466368;;
41.487;-0.5032655;0.08070116;;
41.523;-0.5022562;0.06712677;;
41.524;-0.5019509;0.06239022;;
41.525;-0.501895;0.06152281;;
41.5424181;;;-0.983066819259549;-0.508803424706491
41.344;-0.5120103;0.1545046;;
41.346;-0.511979;0.1543155;;
41.348;-0.5119687;0.1542531;;
41.378;-0.5094345;0.1370307;;
41.38;-0.5094199;0.1369319;;
41.381;-0.5094149;0.1368976;;
41.413;-0.5072085;0.119835;;
41.414;-0.5071802;0.1196161;;
41.415;-0.5071755;0.1195794;;
41.447;-0.5052485;0.1023096;;
41.448;-0.5052376;0.1022116;;
41.451;-0.5052341;0.1021803;;
41.482;-0.5036032;0.08479909;;
41.483;-0.5035924;0.08468492;;
41.484;-0.5035905;0.08466368;;
41.487;-0.5032655;0.08070116;;
41.523;-0.5022562;0.06712677;;
41.524;-0.5019509;0.06239022;;
41.525;-0.501895;0.06152281;;
41.551;-0.5012388;0.04974687;;
41.552;-0.5012341;0.04966257;;
41.584;-0.50052;0.03220746;;
41.585;-0.5005167;0.03212755;;
41.587;-0.5003966;0.02802862;;
41.589;-0.5003513;0.0264805;;
41.618;-0.500107;0.01459114;;
41.6207314;;;-0.945303906835442;-0.535063896642232
41.413;-0.5072085;0.119835;;
41.414;-0.5071802;0.1196161;;
41.415;-0.5071755;0.1195794;;
41.447;-0.5052485;0.1023096;;
41.448;-0.5052376;0.1022116;;
41.451;-0.5052341;0.1021803;;
41.482;-0.5036032;0.08479909;;
41.483;-0.5035924;0.08468492;;
41.484;-0.5035905;0.08466368;;
41.487;-0.5032655;0.08070116;;
41.523;-0.5022562;0.06712677;;
41.524;-0.5019509;0.06239022;;
41.525;-0.501895;0.06152281;;
41.551;-0.5012388;0.04974687;;
41.552;-0.5012341;0.04966257;;
41.584;-0.50052;0.03220746;;
41.585;-0.5005167;0.03212755;;
41.587;-0.5003966;0.02802862;;
41.589;-0.5003513;0.0264805;;
41.618;-0.500107;0.01459114;;
41.62;-0.500057;0.01033137;;
41.622;-0.5000461;0.009408297;;
41.652;-0.5000051;-0.002962656;;
41.654;-0.5000324;-0.007646042;;
41.655;-0.5000379;-0.008582205;;
41.687;-0.5002105;-0.02048882;;
41.689;-0.5003096;-0.02474056;;
41.691;-0.5003363;-0.02588899;;
41.6988129;;;-0.920753369934957;-0.565570723599385
41.482;-0.5036032;0.08479909;;
41.483;-0.5035924;0.08468492;;
41.484;-0.5035905;0.08466368;;
41.487;-0.5032655;0.08070116;;
41.523;-0.5022562;0.06712677;;
41.524;-0.5019509;0.06239022;;
41.525;-0.501895;0.06152281;;
41.551;-0.5012388;0.04974687;;
41.552;-0.5012341;0.04966257;;
41.584;-0.50052;0.03220746;;
41.585;-0.5005167;0.03212755;;
41.587;-0.5003966;0.02802862;;
41.589;-0.5003513;0.0264805;;
41.618;-0.500107;0.01459114;;
41.62;-0.500057;0.01033137;;
41.622;-0.5000461;0.009408297;;
41.652;-0.5000051;-0.002962656;;
41.654;-0.5000324;-0.007646042;;
41.655;-0.5000379;-0.008582205;;
41.687;-0.5002105;-0.02048882;;
41.689;-0.5003096;-0.02474056;;
41.691;-0.5003363;-0.02588899;;
41.721;-0.5009529;-0.04358401;;
41.723;-0.5009603;-0.04379675;;
41.725;-0.5009628;-0.04386833;;
41.756;-0.5018753;-0.06117471;;
41.757;-0.5018861;-0.06137941;;
41.76;-0.5018898;-0.06144931;;
41.7768076;;;-0.570520820063568;-0.582274712403502
41.551;-0.5012388;0.04974687;;
41.552;-0.5012341;0.04966257;;
41.584;-0.50052;0.03220746;;
41.585;-0.5005167;0.03212755;;
41.587;-0.5003966;0.02802862;;
41.589;-0.5003513;0.0264805;;
41.618;-0.500107;0.01459114;;
41.62;-0.500057;0.01033137;;
41.622;-0.5000461;0.009408297;;
41.652;-0.5000051;-0.002962656;;
41.654;-0.5000324;-0.007646042;;
41.655;-0.5000379;-0.008582205;;
41.687;-0.5002105;-0.02048882;;
41.689;-0.5003096;-0.02474056;;
41.691;-0.5003363;-0.02588899;;
41.721;-0.5009529;-0.04358401;;
41.723;-0.5009603;-0.04379675;;
41.725;-0.5009628;-0.04386833;;
41.756;-0.5018753;-0.06117471;;
41.757;-0.5018861;-0.06137941;;
41.76;-0.5018898;-0.06144931;;
41.79;-0.5030989;-0.07863378;;
41.792;-0.5031146;-0.07885699;;
41.793;-0.5031171;-0.07889299;;
41.824;-0.5046502;-0.0963134;;
41.825;-0.5046595;-0.09641902;;
41.827;-0.5046619;-0.09644634;;
41.8548602;;;-0.0373349981679565;-0.573880179612568
41.652;-0.5000051;-0.002962656;;
41.654;-0.5000324;-0.007646042;;
41.655;-0.5000379;-0.008582205;;
41.687;-0.5002105;-0.02048882;;
41.689;-0.5003096;-0.02474056;;
41.691;-0.5003363;-0.02588899;;
41.721;-0.5009529;-0.04358401;;
41.723;-0.5009603;-0.04379675;;
41.725;-0.5009628;-0.04386833;;
41.756;-0.5018753;-0.06117471;;
41.757;-0.5018861;-0.06137941;;
41.76;-0.5018898;-0.06144931;;
41.79;-0.5030989;-0.07863378;;
41.792;-0.5031146;-0.07885699;;
41.793;-0.5031171;-0.07889299;;
41.824;-0.5046502;-0.0963134;;
41.825;-0.5046595;-0.09641902;;
41.827;-0.5046619;-0.09644634;;
41.858;-0.5065033;-0.1138612;;
41.859;-0.5065033;-0.1138612;;
41.861;-0.5065033;-0.1138612;;
41.892;-0.5086492;-0.1312391;;
41.893;-0.5086492;-0.1312391;;
41.896;-0.5086492;-0.1312391;;
41.926;-0.511089;-0.1485003;;
41.928;-0.511103;-0.1485992;;
41.93;-0.5111088;-0.1486401;;
41.9333352;;;-0.00494963554583688;-0.540140478679055
41.721;-0.5009529;-0.04358401;;
41.723;-0.5009603;-0.04379675;;
41.725;-0.5009628;-0.04386833;;
41.756;-0.5018753;-0.06117471;;
41.757;-0.5018861;-0.06137941;;
41.76;-0.5018898;-0.06144931;;
41.79;-0.5030989;-0.07863378;;
41.792;-0.5031146;-0.07885699;;
41.793;-0.5031171;-0.07889299;;
41.824;-0.5046502;-0.0963134;;
41.825;-0.5046595;-0.09641902;;
41.827;-0.5046619;-0.09644634;;
41.858;-0.5065033;-0.1138612;;
41.859;-0.5065033;-0.1138612;;
41.861;-0.5065033;-0.1138612;;
41.892;-0.5086492;-0.1312391;;
41.893;-0.5086492;-0.1312391;;
41.896;-0.5086492;-0.1312391;;
41.926;-0.511089;-0.1485003;;
41.928;-0.511103;-0.1485992;;
41.93;-0.5111088;-0.1486401;;
41.959;-0.5138747;-0.1660027;;
41.961;-0.5138747;-0.1660027;;
41.963;-0.5138747;-0.1660027;;
41.994;-0.5169356;-0.1832602;;
41.995;-0.5169356;-0.1832602;;
41.997;-0.5169356;-0.1832602;;
42.0118639;;;-0.0262806402704872;-0.520545679598833
41.79;-0.5030989;-0.07863378;;
41.792;-0.5031146;-0.07885699;;
41.793;-0.5031171;-0.07889299;;
41.824;-0.5046502;-0.0963134;;
41.825;-0.5046595;-0.09641902;;
41.827;-0.5046619;-0.09644634;;
41.858;-0.5065033;-0.1138612;;
41.859;-0.5065033;-0.1138612;;
41.861;-0.5065033;-0.1138612;;
41.892;-0.5086492;-0.1312391;;
41.893;-0.5086492;-0.1312391;;
41.896;-0.5086492;-0.1312391;;
41.926;-0.511089;-0.1485003;;
41.928;-0.511103;-0.1485992;;
41.93;-0.5111088;-0.1486401;;
41.959;-0.5138747;-0.1660027;;
41.961;-0.5138747;-0.1660027;;
41.963;-0.5138747;-0.1660027;;
41.994;-0.5169356;-0.1832602;;
41.995;-0.5169356;-0.1832602;;
41.997;-0.5169356;-0.1832602;;
42.028;-0.5203691;-0.2008064;;
42.03;-0.5203691;-0.2008064;;
42.033;-0.5203691;-0.2008064;;
42.062;-0.5239263;-0.2174338;;
42.063;-0.5239442;-0.2175178;;
42.066;-0.5239549;-0.2175675;;
42.0899352;;;-0.0327012873365211;-0.51001577980227
41.892;-0.5086492;-0.1312391;;
41.893;-0.5086492;-0.1312391;;
41.896;-0.5086492;-0.1312391;;
41.926;-0.511089;-0.1485003;;
41.928;-0.511103;-0.1485992;;
41.93;-0.5111088;-0.1486401;;
41.959;-0.5138747;-0.1660027;;
41.961;-0.5138747;-0.1660027;;
41.963;-0.5138747;-0.1660027;;
41.994;-0.5169356;-0.1832602;;
41.995;-0.5169356;-0.1832602;;
41.997;-0.5169356;-0.1832602;;
42.028;-0.5203691;-0.2008064;;
42.03;-0.5203691;-0.2008064;;
42.033;-0.5203691;-0.2008064;;
42.062;-0.5239263;-0.2174338;;
42.063;-0.5239442;-0.2175178;;
42.066;-0.5239549;-0.2175675;;
42.095;-0.5279238;-0.2346599;;
42.097;-0.5279498;-0.2347716;;
42.1;-0.5290141;-0.2391232;;
42.129;-0.5321431;-0.2514959;;
42.131;-0.532185;-0.2516614;;
42.133;-0.5321941;-0.2516976;;
42.164;-0.5367455;-0.2685857;;
42.165;-0.5367728;-0.2686871;;
42.168;-0.5367805;-0.2687157;;
42.1683903;;;0.0132637031212022;-0.50870074993899
41.959;-0.5138747;-0.1660027;;
41.961;-0.5138747;-0.1660027;;
41.963;-0.5138747;-0.1660027;;
41.994;-0.5169356;-0.1832602;;
41.995;-0.5169356;-0.1832602;;
41.997;-0.5169356;-0.1832602;;
42.028;-0.5203691;-0.2008064;;
42.03;-0.5203691;-0.2008064;;
42.033;-0.5203691;-0.2008064;;
42.062;-0.5239263;-0.2174338;;
42.063;-0.5239442;-0.2175178;;
42.066;-0.5239549;-0.2175675;;
42.095;-0.5279238;-0.2346599;;
42.097;-0.5279498;-0.2347716;;
42.1;-0.5290141;-0.2391232;;
42.129;-0.5321431;-0.2514959;;
42.131;-0.532185;-0.2516614;;
42.133;-0.5321941;-0.2516976;;
42.164;-0.5367455;-0.2685857;;
42.165;-0.5367728;-0.2686871;;
42.168;-0.5367805;-0.2687157;;
42.198;-0.5416358;-0.2855442;;
42.199;-0.5416652;-0.2856461;;
42.201;-0.5428872;-0.2897039;;
42.232;-0.546817;-0.302394;;
42.233;-0.546817;-0.302394;;
42.236;-0.5482245;-0.306787;;
42.2458891;;;0.00225633928096952;-0.515887823547324
42.028;-0.5203691;-0.2008064;;
42.03;-0.5203691;-0.2008064;;
42.033;-0.5203691;-0.2008064;;
42.062;-0.5239263;-0.2174338;;
42.063;-0.5239442;-0.2175178;;
42.066;-0.5239549;-0.2175675;;
42.095;-0.5279238;-0.2346599;;
42.097;-0.5279498;-0.2347716;;
42.1;-0.5290141;-0.2391232;;
42.129;-0.5321431;-0.2514959;;
42.131;-0.532185;-0.2516614;;
42.133;-0.5321941;-0.2516976;;
42.164;-0.5367455;-0.2685857;;
42.165;-0.5367728;-0.2686871;;
42.168;-0.5367805;-0.2687157;;
42.198;-0.5416358;-0.2855442;;
42.199;-0.5416652;-0.2856461;;
42.201;-0.5428872;-0.2897039;;
42.232;-0.546817;-0.302394;;
42.233;-0.546817;-0.302394;;
42.236;-0.5482245;-0.306787;;
42.266;-0.5521899;-0.318831;;
42.268;-0.5522348;-0.3189675;;
42.269;-0.5536319;-0.3230789;;
42.299;-0.5579445;-0.3354548;;
42.301;-0.5579804;-0.3355577;;
42.302;-0.5592548;-0.3391024;;
42.304;-0.5598186;-0.3406708;;
42.3239573;;;-0.00764634821689753;-0.542716280483531
42.129;-0.5321431;-0.2514959;;
42.131;-0.532185;-0.2516614;;
42.133;-0.5321941;-0.2516976;;
42.164;-0.5367455;-0.2685857;;
42.165;-0.5367728;-0.2686871;;
42.168;-0.5367805;-0.2687157;;
42.198;-0.5416358;-0.2855442;;
42.199;-0.5416652;-0.2856461;;
42.201;-0.5428872;-0.2897039;;
42.232;-0.546817;-0.302394;;
42.233;-0.546817;-0.302394;;
42.236;-0.5482245;-0.306787;;
42.266;-0.5521899;-0.318831;;
42.268;-0.5522348;-0.3189675;;
42.269;-0.5536319;-0.3230789;;
42.299;-0.5579445;-0.3354548;;
42.301;-0.5579804;-0.3355577;;
42.302;-0.5592548;-0.3391024;;
42.304;-0.5598186;-0.3406708;;
42.333;-0.5639803;-0.3519458;;
42.335;-0.5640088;-0.352023;;
42.367;-0.5703487;-0.3684373;;
42.369;-0.5717217;-0.3718745;;
42.371;-0.5722876;-0.3732913;;
42.372;-0.5724969;-0.3738154;;
42.4;-0.5769505;-0.3846795;;
42.402;-0.5786624;-0.3887541;;
42.4028748;;;-0.0117860395384916;-0.575739469854479
42.198;-0.5416358;-0.2855442;;
42.199;-0.5416652;-0.2856461;;
42.201;-0.5428872;-0.2897039;;
42.232;-0.546817;-0.302394;;
42.233;-0.546817;-0.302394;;
42.236;-0.5482245;-0.306787;;
42.266;-0.5521899;-0.318831;;
42.268;-0.5522348;-0.3189675;;
42.269;-0.5536319;-0.3230789;;
42.299;-0.5579445;-0.3354548;;
42.301;-0.5579804;-0.3355577;;
42.302;-0.5592548;-0.3391024;;
42.304;-0.5598186;-0.3406708;;
42.333;-0.5639803;-0.3519458;;
42.335;-0.5640088;-0.352023;;
42.367;-0.5703487;-0.3684373;;
42.369;-0.5717217;-0.3718745;;
42.371;-0.5722876;-0.3732913;;
42.372;-0.5724969;-0.3738154;;
42.4;-0.5769505;-0.3846795;;
42.402;-0.5786624;-0.3887541;;
42.436;-0.5838211;-0.400768;;
42.437;-0.586193;-0.4061486;;
42.439;-0.586193;-0.4061486;;
42.44;-0.586193;-0.4061486;;
42.469;-0.5909827;-0.4167556;;
42.47;-0.59284;-0.4207762;;
42.472;-0.5933548;-0.4218906;;
42.474;-0.5934848;-0.422172;;
42.475;-0.5935102;-0.4222271;;
42.480858;;;0.0141275238195767;-0.581042733827517
42.266;-0.5521899;-0.318831;;
42.268;-0.5522348;-0.3189675;;
42.269;-0.5536319;-0.3230789;;
42.299;-0.5579445;-0.3354548;;
42.301;-0.5579804;-0.3355577;;
42.302;-0.5592548;-0.3391024;;
42.304;-0.5598186;-0.3406708;;
42.333;-0.5639803;-0.3519458;;
42.335;-0.5640088;-0.352023;;
42.367;-0.5703487;-0.3684373;;
42.369;-0.5717217;-0.3718745;;
42.371;-0.5722876;-0.3732913;;
42.372;-0.5724969;-0.3738154;;
42.4;-0.5769505;-0.3846795;;
42.402;-0.5786624;-0.3887541;;
42.436;-0.5838211;-0.400768;;
42.437;-0.586193;-0.4061486;;
42.439;-0.586193;-0.4061486;;
42.44;-0.586193;-0.4061486;;
42.469;-0.5909827;-0.4167556;;
42.47;-0.59284;-0.4207762;;
42.472;-0.5933548;-0.4218906;;
42.474;-0.5934848;-0.422172;;
42.475;-0.5935102;-0.4222271;;
42.502;-0.6007565;-0.4374366;;
42.504;-0.6009941;-0.4379352;;
42.512;-0.6010207;-0.4379911;;
42.513;-0.6010214;-0.4379925;;
42.514;-0.6010215;-0.4379928;;
42.515;-0.6032164;-0.4424635;;
42.536;-0.6064326;-0.4489282;;
42.537;-0.6085005;-0.4530169;;
42.539;-0.6087753;-0.4535602;;
42.541;-0.6088577;-0.4537231;;
42.542;-0.6089121;-0.4538307;;
42.543;-0.6089121;-0.4538307;;
42.5588146;;;0.0165191511367924;-0.566376464376763
42.333;-0.5639803;-0.3519458;;
42.335;-0.5640088;-0.352023;;
42.367;-0.5703487;-0.3684373;;
42.369;-0.5717217;-0.3718745;;
42.371;-0.5722876;-0.3732913;;
42.372;-0.5724969;-0.3738154;;
42.4;-0.5769505;-0.3846795;;
42.402;-0.5786624;-0.3887541;;
42.436;-0.5838211;-0.400768;;
42.437;-0.586193;-0.4061486;;
42.439;-0.586193;-0.4061486;;
42.44;-0.586193;-0.4061486;;
42.469;-0.5909827;-0.4167556;;
42.47;-0.59284;-0.4207762;;
42.472;-0.5933548;-0.4218906;;
42.474;-0.5934848;-0.422172;;
42.475;-0.5935102;-0.4222271;;
42.502;-0.6007565;-0.4374366;;
42.504;-0.6009941;-0.4379352;;
42.512;-0.6010207;-0.4379911;;
42.513;-0.6010214;-0.4379925;;
42.514;-0.6010215;-0.4379928;;
42.515;-0.6032164;-0.4424635;;
42.536;-0.6064326;-0.4489282;;
42.537;-0.6085005;-0.4530169;;
42.539;-0.6087753;-0.4535602;;
42.541;-0.6088577;-0.4537231;;
42.542;-0.6089121;-0.4538307;;
42.543;-0.6089121;-0.4538307;;
42.571;-0.6142502;-0.4641631;;
42.572;-0.6164724;-0.4683735;;
42.572;-0.6166192;-0.4686518;;
42.574;-0.6168834;-0.4691524;;
42.577;-0.6169566;-0.469291;;
42.578;-0.6169738;-0.4693236;;
42.606;-0.6252042;-0.4844891;;
42.609;-0.6252712;-0.4846124;;
42.61;-0.625275;-0.4846195;;
42.611;-0.6252766;-0.4846224;;
42.612;-0.6252771;-0.4846233;;
42.612;-0.6252777;-0.4846244;;
42.6374081;;;0.00045041067935514;-0.532393882595836
42.436;-0.5838211;-0.400768;;
42.437;-0.586193;-0.4061486;;
42.439;-0.586193;-0.4061486;;
42.44;-0.586193;-0.4061486;;
42.469;-0.5909827;-0.4167556;;
42.47;-0.59284;-0.4207762;;
42.472;-0.5933548;-0.4218906;;
42.474;-0.5934848;-0.422172;;
42.475;-0.5935102;-0.4222271;;
42.502;-0.6007565;-0.4374366;;
42.504;-0.6009941;-0.4379352;;
42.512;-0.6010207;-0.4379911;;
42.513;-0.6010214;-0.4379925;;
42.514;-0.6010215;-0.4379928;;
42.515;-0.6032164;-0.4424635;;
42.536;-0.6064326;-0.4489282;;
42.537;-0.6085005;-0.4530169;;
42.539;-0.6087753;-0.4535602;;
42.541;-0.6088577;-0.4537231;;
42.542;-0.6089121;-0.4538307;;
42.543;-0.6089121;-0.4538307;;
42.571;-0.6142502;-0.4641631;;
42.572;-0.6164724;-0.4683735;;
42.572;-0.6166192;-0.4686518;;
42.574;-0.6168834;-0.4691524;;
42.577;-0.6169566;-0.469291;;
42.578;-0.6169738;-0.4693236;;
42.606;-0.6252042;-0.4844891;;
42.609;-0.6252712;-0.4846124;;
42.61;-0.625275;-0.4846195;;
42.611;-0.6252766;-0.4846224;;
42.612;-0.6252771;-0.4846233;;
42.612;-0.6252777;-0.4846244;;
42.64;-0.6338326;-0.4997486;;
42.642;-0.6339599;-0.4999736;;
42.645;-0.6339824;-0.5000134;;
42.646;-0.6339856;-0.500019;;
42.647;-0.6339862;-0.5000201;;
42.648;-0.6339862;-0.5000201;;
42.674;-0.6429023;-0.5151539;;
42.674;-0.6429023;-0.5151539;;
42.676;-0.6429023;-0.5151539;;
42.677;-0.6429023;-0.5151539;;
42.679;-0.6429023;-0.5151539;;
42.679;-0.6429023;-0.5151539;;
42.707;-0.6519993;-0.5299926;;
42.708;-0.6520666;-0.5301024;;
42.709;-0.652075;-0.5301161;;
42.711;-0.6520787;-0.5301222;;
42.712;-0.6520795;-0.5301234;;
42.713;-0.6520799;-0.530124;;
42.7150387;;;-0.0393255680340144;-0.500858968044441
42.502;-0.6007565;-0.4374366;;
42.504;-0.6009941;-0.4379352;;
42.512;-0.6010207;-0.4379911;;
42.513;-0.6010214;-0.4379925;;
42.514;-0.6010215;-0.4379928;;
42.515;-0.6032164;-0.4424635;;
42.536;-0.6064326;-0.4489282;;
42.537;-0.6085005;-0.4530169;;
42.539;-0.6087753;-0.4535602;;
42.541;-0.6088577;-0.4537231;;
42.542;-0.6089121;-0.4538307;;
42.543;-0.6089121;-0.4538307;;
42.571;-0.6142502;-0.4641631;;
42.572;-0.6164724;-0.4683735;;
42.572;-0.6166192;-0.4686518;;
42.574;-0.6168834;-0.4691524;;
42.577;-0.6169566;-0.469291;;
42.578;-0.6169738;-0.4693236;;
42.606;-0.6252042;-0.4844891;;
42.609;-0.6252712;-0.4846124;;
42.61;-0.625275;-0.4846195;;
42.611;-0.6252766;-0.4846224;;
42.612;-0.6252771;-0.4846233;;
42.612;-0.6252777;-0.4846244;;
42.64;-0.6338326;-0.4997486;;
42.642;-0.6339599;-0.4999736;;
42.645;-0.6339824;-0.5000134;;
42.646;-0.6339856;-0.500019;;
42.647;-0.6339862;-0.5000201;;
42.648;-0.6339862;-0.5000201;;
42.674;-0.6429023;-0.5151539;;
42.674;-0.6429023;-0.5151539;;
42.676;-0.6429023;-0.5151539;;
42.677;-0.6429023;-0.5151539;;
42.679;-0.6429023;-0.5151539;;
42.679;-0.6429023;-0.5151539;;
42.707;-0.6519993;-0.5299926;;
42.708;-0.6520666;-0.5301024;;
42.709;-0.652075;-0.5301161;;
42.711;-0.6520787;-0.5301222;;
42.712;-0.6520795;-0.5301234;;
42.713;-0.6520799;-0.530124;;
42.741;-0.658278;-0.5399101;;
42.742;-0.6583164;-0.5399708;;
42.744;-0.6634336;-0.5478464;;
42.747;-0.6643101;-0.5491954;;
42.748;-0.6645936;-0.5496318;;
42.749;-0.6659253;-0.5516503;;
42.776;-0.6711674;-0.5594958;;
42.777;-0.671204;-0.5595506;;
42.779;-0.6712153;-0.5595675;;
42.78;-0.6712163;-0.5595691;;
42.781;-0.6712165;-0.5595694;;
42.782;-0.6712165;-0.5595694;;
42.7819973;;;-0.361739306553102;-0.477965199956624
42.571;-0.6142502;-0.4641631;;
42.572;-0.6164724;-0.4683735;;
42.572;-0.6166192;-0.4686518;;
42.574;-0.6168834;-0.4691524;;
42.577;-0.6169566;-0.469291;;
42.578;-0.6169738;-0.4693236;;
42.606;-0.6252042;-0.4844891;;
42.609;-0.6252712;-0.4846124;;
42.61;-0.625275;-0.4846195;;
42.611;-0.6252766;-0.4846224;;
42.612;-0.6252771;-0.4846233;;
42.612;-0.6252777;-0.4846244;;
42.64;-0.6338326;-0.4997486;;
42.642;-0.6339599;-0.4999736;;
42.645;-0.6339824;-0.5000134;;
42.646;-0.6339856;-0.500019;;
42.647;-0.6339862;-0.5000201;;
42.648;-0.6339862;-0.5000201;;
42.674;-0.6429023;-0.5151539;;
42.674;-0.6429023;-0.5151539;;
42.676;-0.6429023;-0.5151539;;
42.677;-0.6429023;-0.5151539;;
42.679;-0.6429023;-0.5151539;;
42.679;-0.6429023;-0.5151539;;
42.707;-0.6519993;-0.5299926;;
42.708;-0.6520666;-0.5301024;;
42.709;-0.652075;-0.5301161;;
42.711;-0.6520787;-0.5301222;;
42.712;-0.6520795;-0.5301234;;
42.713;-0.6520799;-0.530124;;
42.741;-0.658278;-0.5399101;;
42.742;-0.6583164;-0.5399708;;
42.744;-0.6634336;-0.5478464;;
42.747;-0.6643101;-0.5491954;;
42.748;-0.6645936;-0.5496318;;
42.749;-0.6659253;-0.5516503;;
42.776;-0.6711674;-0.5594958;;
42.777;-0.671204;-0.5595506;;
42.779;-0.6712153;-0.5595675;;
42.78;-0.6712163;-0.5595691;;
42.781;-0.6712165;-0.5595694;;
42.782;-0.6712165;-0.5595694;;
42.81;-0.683448;-0.5772681;;
42.811;-0.6835167;-0.5773677;;
42.814;-0.6835495;-0.5774152;;
42.815;-0.6835563;-0.5774249;;
42.816;-0.6835579;-0.5774273;;
42.816;-0.6842748;-0.5784383;;
42.843;-0.6912359;-0.5881321;;
42.844;-0.6912795;-0.5881928;;
42.846;-0.6912932;-0.5882118;;
42.847;-0.6912966;-0.5882166;;
42.848;-0.6912983;-0.5882189;;
42.8495913;;;-0.88615683163032;-0.476415311666038
42.64;-0.6338326;-0.4997486;;
42.642;-0.6339599;-0.4999736;;
42.645;-0.6339824;-0.5000134;;
42.646;-0.6339856;-0.500019;;
42.647;-0.6339862;-0.5000201;;
42.648;-0.6339862;-0.5000201;;
42.674;-0.6429023;-0.5151539;;
42.674;-0.6429023;-0.5151539;;
42.676;-0.6429023;-0.5151539;;
42.677;-0.6429023;-0.5151539;;
42.679;-0.6429023;-0.5151539;;
42.679;-0.6429023;-0.5151539;;
42.707;-0.6519993;-0.5299926;;
42.708;-0.6520666;-0.5301024;;
42.709;-0.652075;-0.5301161;;
42.711;-0.6520787;-0.5301222;;
42.712;-0.6520795;-0.5301234;;
42.713;-0.6520799;-0.530124;;
42.741;-0.658278;-0.5399101;;
42.742;-0.6583164;-0.5399708;;
42.744;-0.6634336;-0.5478464;;
42.747;-0.6643101;-0.5491954;;
42.748;-0.6645936;-0.5496318;;
42.749;-0.6659253;-0.5516503;;
42.776;-0.6711674;-0.5594958;;
42.777;-0.671204;-0.5595506;;
42.779;-0.6712153;-0.5595675;;
42.78;-0.6712163;-0.5595691;;
42.781;-0.6712165;-0.5595694;;
42.782;-0.6712165;-0.5595694;;
42.81;-0.683448;-0.5772681;;
42.811;-0.6835167;-0.5773677;;
42.814;-0.6835495;-0.5774152;;
42.815;-0.6835563;-0.5774249;;
42.816;-0.6835579;-0.5774273;;
42.816;-0.6842748;-0.5784383;;
42.843;-0.6912359;-0.5881321;;
42.844;-0.6912795;-0.5881928;;
42.846;-0.6912932;-0.5882118;;
42.847;-0.6912966;-0.5882166;;
42.848;-0.6912983;-0.5882189;;
42.85;-0.694379;-0.5924281;;
42.877;-0.7051522;-0.6068011;;
42.877;-0.7052134;-0.6068831;;
42.879;-0.7053374;-0.6070495;;
42.882;-0.705379;-0.6071053;;
42.883;-0.7059557;-0.6078585;;
42.884;-0.7066758;-0.6087989;;
42.911;-0.7089431;-0.6117424;;
42.912;-0.7089559;-0.6117591;;
42.915;-0.7089626;-0.6117677;;
42.923;-0.7089644;-0.6117701;;
42.924;-0.7089645;-0.6117702;;
42.9244184;;;-0.937941768815711;-0.477943046014692
42.707;-0.6519993;-0.5299926;;
42.708;-0.6520666;-0.5301024;;
42.709;-0.652075;-0.5301161;;
42.711;-0.6520787;-0.5301222;;
42.712;-0.6520795;-0.5301234;;
42.713;-0.6520799;-0.530124;;
42.741;-0.658278;-0.5399101;;
42.742;-0.6583164;-0.5399708;;
42.744;-0.6634336;-0.5478464;;
42.747;-0.6643101;-0.5491954;;
42.748;-0.6645936;-0.5496318;;
42.749;-0.6659253;-0.5516503;;
42.776;-0.6711674;-0.5594958;;
42.777;-0.671204;-0.5595506;;
42.779;-0.6712153;-0.5595675;;
42.78;-0.6712163;-0.5595691;;
42.781;-0.6712165;-0.5595694;;
42.782;-0.6712165;-0.5595694;;
42.81;-0.683448;-0.5772681;;
42.811;-0.6835167;-0.5773677;;
42.814;-0.6835495;-0.5774152;;
42.815;-0.6835563;-0.5774249;;
42.816;-0.6835579;-0.5774273;;
42.816;-0.6842748;-0.5784383;;
42.843;-0.6912359;-0.5881321;;
42.844;-0.6912795;-0.5881928;;
42.846;-0.6912932;-0.5882118;;
42.847;-0.6912966;-0.5882166;;
42.848;-0.6912983;-0.5882189;;
42.85;-0.694379;-0.5924281;;
42.877;-0.7051522;-0.6068011;;
42.877;-0.7052134;-0.6068831;;
42.879;-0.7053374;-0.6070495;;
42.882;-0.705379;-0.6071053;;
42.883;-0.7059557;-0.6078585;;
42.884;-0.7066758;-0.6087989;;
42.911;-0.7089431;-0.6117424;;
42.912;-0.7089559;-0.6117591;;
42.915;-0.7089626;-0.6117677;;
42.923;-0.7089644;-0.6117701;;
42.924;-0.7089645;-0.6117702;;
42.925;-0.7135652;-0.6176733;;
42.944;-0.7221605;-0.6284586;;
42.945;-0.7222729;-0.6286007;;
42.947;-0.7223183;-0.6286581;;
42.948;-0.7223225;-0.6286633;;
42.949;-0.7223239;-0.6286651;;
42.951;-0.7223254;-0.6286671;;
42.978;-0.7284036;-0.6361117;;
42.979;-0.7284368;-0.6361524;;
42.982;-0.7284555;-0.6361753;;
42.983;-0.728458;-0.6361783;;
42.984;-0.7356709;-0.6448263;;
42.985;-0.7356709;-0.6448263;;
42.9949265;;;-0.815093320202654;-0.474863079248306
42.776;-0.6711674;-0.5594958;;
42.777;-0.671204;-0.5595506;;
42.779;-0.6712153;-0.5595675;;
42.78;-0.6712163;-0.5595691;;
42.781;-0.6712165;-0.5595694;;
42.782;-0.6712165;-0.5595694;;
42.81;-0.683448;-0.5772681;;
42.811;-0.6835167;-0.5773677;;
42.814;-0.6835495;-0.5774152;;
42.815;-0.6835563;-0.5774249;;
42.816;-0.6835579;-0.5774273;;
42.816;-0.6842748;-0.5784383;;
42.843;-0.6912359;-0.5881321;;
42.844;-0.6912795;-0.5881928;;
42.846;-0.6912932;-0.5882118;;
42.847;-0.6912966;-0.5882166;;
42.848;-0.6912983;-0.5882189;;
42.85;-0.694379;-0.5924281;;
42.877;-0.7051522;-0.6068011;;
42.877;-0.7052134;-0.6068831;;
42.879;-0.7053374;-0.6070495;;
42.882;-0.705379;-0.6071053;;
42.883;-0.7059557;-0.6078585;;
42.884;-0.7066758;-0.6087989;;
42.911;-0.7089431;-0.6117424;;
42.912;-0.7089559;-0.6117591;;
42.915;-0.7089626;-0.6117677;;
42.923;-0.7089644;-0.6117701;;
42.924;-0.7089645;-0.6117702;;
42.925;-0.7135652;-0.6176733;;
42.944;-0.7221605;-0.6284586;;
42.945;-0.7222729;-0.6286007;;
42.947;-0.7223183;-0.6286581;;
42.948;-0.7223225;-0.6286633;;
42.949;-0.7223239;-0.6286651;;
42.951;-0.7223254;-0.6286671;;
42.978;-0.7284036;-0.6361117;;
42.979;-0.7284368;-0.6361524;;
42.982;-0.7284555;-0.6361753;;
42.983;-0.728458;-0.6361783;;
42.984;-0.7356709;-0.6448263;;
42.985;-0.7356709;-0.6448263;;
43.011;-0.7421774;-0.6524606;;
43.012;-0.7421774;-0.6524606;;
43.014;-0.7421774;-0.6524606;;
43.017;-0.7444761;-0.6551148;;
43.02;-0.745891;-0.6567484;;
43.021;-0.7459877;-0.6568601;;
43.046;-0.7574237;-0.6697593;;
43.048;-0.7575014;-0.669847;;
43.05;-0.7575243;-0.6698728;;
43.051;-0.7575288;-0.6698778;;
43.051;-0.7575247;-0.6698731;;
43.052;-0.7575379;-0.6698881;;
43.064897;;;-0.42452219260371;-0.454918494129566
42.843;-0.6912359;-0.5881321;;
42.844;-0.6912795;-0.5881928;;
42.846;-0.6912932;-0.5882118;;
42.847;-0.6912966;-0.5882166;;
42.848;-0.6912983;-0.5882189;;
42.85;-0.694379;-0.5924281;;
42.877;-0.7051522;-0.6068011;;
42.877;-0.7052134;-0.6068831;;
42.879;-0.7053374;-0.6070495;;
42.882;-0.705379;-0.6071053;;
42.883;-0.7059557;-0.6078585;;
42.884;-0.7066758;-0.6087989;;
42.911;-0.7089431;-0.6117424;;
42.912;-0.7089559;-0.6117591;;
42.915;-0.7089626;-0.6117677;;
42.923;-0.7089644;-0.6117701;;
42.924;-0.7089645;-0.6117702;;
42.925;-0.7135652;-0.6176733;;
42.944;-0.7221605;-0.6284586;;
42.945;-0.7222729;-0.6286007;;
42.947;-0.7223183;-0.6286581;;
42.948;-0.7223225;-0.6286633;;
42.949;-0.7223239;-0.6286651;;
42.951;-0.7223254;-0.6286671;;
42.978;-0.7284036;-0.6361117;;
42.979;-0.7284368;-0.6361524;;
42.982;-0.7284555;-0.6361753;;
42.983;-0.728458;-0.6361783;;
42.984;-0.7356709;-0.6448263;;
42.985;-0.7356709;-0.6448263;;
43.011;-0.7421774;-0.6524606;;
43.012;-0.7421774;-0.6524606;;
43.014;-0.7421774;-0.6524606;;
43.017;-0.7444761;-0.6551148;;
43.02;-0.745891;-0.6567484;;
43.021;-0.7459877;-0.6568601;;
43.046;-0.7574237;-0.6697593;;
43.048;-0.7575014;-0.669847;;
43.05;-0.7575243;-0.6698728;;
43.051;-0.7575288;-0.6698778;;
43.051;-0.7575247;-0.6698731;;
43.052;-0.7575379;-0.6698881;;
43.079;-0.7626916;-0.6755563;;
43.08;-0.7626916;-0.6755563;;
43.082;-0.7626916;-0.6755563;;
43.084;-0.7626916;-0.6755563;;
43.085;-0.7626916;-0.6755563;;
43.086;-0.7626916;-0.6755563;;
43.113;-0.7783414;-0.6922385;;
43.114;-0.7786127;-0.6925277;;
43.117;-0.7787451;-0.6926689;;
43.118;-0.7787723;-0.6926979;;
43.118;-0.7787767;-0.6927026;;
43.119;-0.7787818;-0.692708;;
43.1395246;;;-0.247260489872033;-0.427089382449675
42.911;-0.7089431;-0.6117424;;
42.912;-0.7089559;-0.6117591;;
42.915;-0.7089626;-0.6117677;;
42.923;-0.7089644;-0.6117701;;
42.924;-0.7089645;-0.6117702;;
42.925;-0.7135652;-0.6176733;;
42.944;-0.7221605;-0.6284586;;
42.945;-0.7222729;-0.6286007;;
42.947;-0.7223183;-0.6286581;;
42.948;-0.7223225;-0.6286633;;
42.949;-0.7223239;-0.6286651;;
42.951;-0.7223254;-0.6286671;;
42.978;-0.7284036;-0.6361117;;
42.979;-0.7284368;-0.6361524;;
42.982;-0.7284555;-0.6361753;;
42.983;-0.728458;-0.6361783;;
42.984;-0.7356709;-0.6448263;;
42.985;-0.7356709;-0.6448263;;
43.011;-0.7421774;-0.6524606;;
43.012;-0.7421774;-0.6524606;;
43.014;-0.7421774;-0.6524606;;
43.017;-0.7444761;-0.6551148;;
43.02;-0.745891;-0.6567484;;
43.021;-0.7459877;-0.6568601;;
43.046;-0.7574237;-0.6697593;;
43.048;-0.7575014;-0.669847;;
43.05;-0.7575243;-0.6698728;;
43.051;-0.7575288;-0.6698778;;
43.051;-0.7575247;-0.6698731;;
43.052;-0.7575379;-0.6698881;;
43.079;-0.7626916;-0.6755563;;
43.08;-0.7626916;-0.6755563;;
43.082;-0.7626916;-0.6755563;;
43.084;-0.7626916;-0.6755563;;
43.085;-0.7626916;-0.6755563;;
43.086;-0.7626916;-0.6755563;;
43.113;-0.7783414;-0.6922385;;
43.114;-0.7786127;-0.6925277;;
43.117;-0.7787451;-0.6926689;;
43.118;-0.7787723;-0.6926979;;
43.118;-0.7787767;-0.6927026;;
43.119;-0.7787818;-0.692708;;
43.148;-0.7937859;-0.7079984;;
43.149;-0.7937859;-0.7079984;;
43.152;-0.7937859;-0.7079984;;
43.153;-0.7937859;-0.7079984;;
43.154;-0.7937859;-0.7079984;;
43.155;-0.7937859;-0.7079984;;
43.181;-0.8063567;-0.7203166;;
43.183;-0.8064656;-0.7204233;;
43.187;-0.8103003;-0.7240942;;
43.187;-0.8105734;-0.7243556;;
43.188;-0.8105734;-0.7243556;;
43.188;-0.8105734;-0.7243556;;
43.206787;;;-0.614611717243633;-0.412847109321148
42.978;-0.7284036;-0.6361117;;
42.979;-0.7284368;-0.6361524;;
42.982;-0.7284555;-0.6361753;;
42.983;-0.728458;-0.6361783;;
42.984;-0.7356709;-0.6448263;;
42.985;-0.7356709;-0.6448263;;
43.011;-0.7421774;-0.6524606;;
43.012;-0.7421774;-0.6524606;;
43.014;-0.7421774;-0.6524606;;
43.017;-0.7444761;-0.6551148;;
43.02;-0.745891;-0.6567484;;
43.021;-0.7459877;-0.6568601;;
43.046;-0.7574237;-0.6697593;;
43.048;-0.7575014;-0.669847;;
43.05;-0.7575243;-0.6698728;;
43.051;-0.7575288;-0.6698778;;
43.051;-0.7575247;-0.6698731;;
43.052;-0.7575379;-0.6698881;;
43.079;-0.7626916;-0.6755563;;
43.08;-0.7626916;-0.6755563;;
43.082;-0.7626916;-0.6755563;;
43.084;-0.7626916;-0.6755563;;
43.085;-0.7626916;-0.6755563;;
43.086;-0.7626916;-0.6755563;;
43.113;-0.7783414;-0.6922385;;
43.114;-0.7786127;-0.6925277;;
43.117;-0.7787451;-0.6926689;;
43.118;-0.7787723;-0.6926979;;
43.118;-0.7787767;-0.6927026;;
43.119;-0.7787818;-0.692708;;
43.148;-0.7937859;-0.7079984;;
43.149;-0.7937859;-0.7079984;;
43.152;-0.7937859;-0.7079984;;
43.153;-0.7937859;-0.7079984;;
43.154;-0.7937859;-0.7079984;;
43.155;-0.7937859;-0.7079984;;
43.181;-0.8063567;-0.7203166;;
43.183;-0.8064656;-0.7204233;;
43.187;-0.8103003;-0.7240942;;
43.187;-0.8105734;-0.7243556;;
43.188;-0.8105734;-0.7243556;;
43.188;-0.8105734;-0.7243556;;
43.215;-0.8191566;-0.732429;;
43.216;-0.8191566;-0.732429;;
43.218;-0.8191566;-0.732429;;
43.22;-0.8191566;-0.732429;;
43.25;-0.8319706;-0.7441331;;
43.251;-0.8320479;-0.7442037;;
43.253;-0.8349051;-0.7467535;;
43.257;-0.836171;-0.7478831;;
43.2853647;;;-0.896441291269301;-0.409620412577143
43.079;-0.7626916;-0.6755563;;
43.08;-0.7626916;-0.6755563;;
43.082;-0.7626916;-0.6755563;;
43.084;-0.7626916;-0.6755563;;
43.085;-0.7626916;-0.6755563;;
43.086;-0.7626916;-0.6755563;;
43.113;-0.7783414;-0.6922385;;
43.114;-0.7786127;-0.6925277;;
43.117;-0.7787451;-0.6926689;;
43.118;-0.7787723;-0.6926979;;
43.118;-0.7787767;-0.6927026;;
43.119;-0.7787818;-0.692708;;
43.148;-0.7937859;-0.7079984;;
43.149;-0.7937859;-0.7079984;;
43.152;-0.7937859;-0.7079984;;
43.153;-0.7937859;-0.7079984;;
43.154;-0.7937859;-0.7079984;;
43.155;-0.7937859;-0.7079984;;
43.181;-0.8063567;-0.7203166;;
43.183;-0.8064656;-0.7204233;;
43.187;-0.8103003;-0.7240942;;
43.187;-0.8105734;-0.7243556;;
43.188;-0.8105734;-0.7243556;;
43.188;-0.8105734;-0.7243556;;
43.215;-0.8191566;-0.732429;;
43.216;-0.8191566;-0.732429;;
43.218;-0.8191566;-0.732429;;
43.22;-0.8191566;-0.732429;;
43.25;-0.8319706;-0.7441331;;
43.251;-0.8320479;-0.7442037;;
43.253;-0.8349051;-0.7467535;;
43.257;-0.836171;-0.7478831;;
43.285;-0.8495059;-0.7595077;;
43.288;-0.8495246;-0.759524;;
43.318;-0.8629702;-0.7708359;;
43.32;-0.8644166;-0.7720308;;
43.321;-0.8647034;-0.7722678;;
43.322;-0.8648101;-0.772356;;
43.352;-0.8676934;-0.7747182;;
43.354;-0.867711;-0.7747326;;
43.3558311;;;-0.624670472202372;-0.396779594881536
43.148;-0.7937859;-0.7079984;;
43.149;-0.7937859;-0.7079984;;
43.152;-0.7937859;-0.7079984;;
43.153;-0.7937859;-0.7079984;;
43.154;-0.7937859;-0.7079984;;
43.155;-0.7937859;-0.7079984;;
43.181;-0.8063567;-0.7203166;;
43.183;-0.8064656;-0.7204233;;
43.187;-0.8103003;-0.7240942;;
43.187;-0.8105734;-0.7243556;;
43.188;-0.8105734;-0.7243556;;
43.188;-0.8105734;-0.7243556;;
43.215;-0.8191566;-0.732429;;
43.216;-0.8191566;-0.732429;;
43.218;-0.8191566;-0.732429;;
43.22;-0.8191566;-0.732429;;
43.25;-0.8319706;-0.7441331;;
43.251;-0.8320479;-0.7442037;;
43.253;-0.8349051;-0.7467535;;
43.257;-0.836171;-0.7478831;;
43.285;-0.8495059;-0.7595077;;
43.288;-0.8495246;-0.759524;;
43.318;-0.8629702;-0.7708359;;
43.32;-0.8644166;-0.7720308;;
43.321;-0.8647034;-0.7722678;;
43.322;-0.8648101;-0.772356;;
43.352;-0.8676934;-0.7747182;;
43.354;-0.867711;-0.7747326;;
43.386;-0.8826612;-0.7866938;;
43.388;-0.8828329;-0.7868312;;
43.39;-0.8828801;-0.7868689;;
43.391;-0.8828924;-0.7868788;;
43.42;-0.9011771;-0.8008786;;
43.422;-0.901301;-0.8009735;;
43.424;-0.9013287;-0.8009948;;
43.4303718;;;-0.111463161166021;-0.363575109874026
43.215;-0.8191566;-0.732429;;
43.216;-0.8191566;-0.732429;;
43.218;-0.8191566;-0.732429;;
43.22;-0.8191566;-0.732429;;
43.25;-0.8319706;-0.7441331;;
43.251;-0.8320479;-0.7442037;;
43.253;-0.8349051;-0.7467535;;
43.257;-0.836171;-0.7478831;;
43.285;-0.8495059;-0.7595077;;
43.288;-0.8495246;-0.759524;;
43.318;-0.8629702;-0.7708359;;
43.32;-0.8644166;-0.7720308;;
43.321;-0.8647034;-0.7722678;;
43.322;-0.8648101;-0.772356;;
43.352;-0.8676934;-0.7747182;;
43.354;-0.867711;-0.7747326;;
43.386;-0.8826612;-0.7866938;;
43.388;-0.8828329;-0.7868312;;
43.39;-0.8828801;-0.7868689;;
43.391;-0.8828924;-0.7868788;;
43.42;-0.9011771;-0.8008786;;
43.422;-0.901301;-0.8009735;;
43.424;-0.9013287;-0.8009948;;
43.455;-0.9185839;-0.813604;;
43.456;-0.9186873;-0.8136796;;
43.457;-0.9187183;-0.8137023;;
43.488;-0.9328834;-0.8236346;;
43.491;-0.9330601;-0.8237585;;
43.492;-0.9330964;-0.823784;;
43.5082784;;;0.000787662348875506;-0.325734552889087
43.285;-0.8495059;-0.7595077;;
43.288;-0.8495246;-0.759524;;
43.318;-0.8629702;-0.7708359;;
43.32;-0.8644166;-0.7720308;;
43.321;-0.8647034;-0.7722678;;
43.322;-0.8648101;-0.772356;;
43.352;-0.8676934;-0.7747182;;
43.354;-0.867711;-0.7747326;;
43.386;-0.8826612;-0.7866938;;
43.388;-0.8828329;-0.7868312;;
43.39;-0.8828801;-0.7868689;;
43.391;-0.8828924;-0.7868788;;
43.42;-0.9011771;-0.8008786;;
43.422;-0.901301;-0.8009735;;
43.424;-0.9013287;-0.8009948;;
43.455;-0.9185839;-0.813604;;
43.456;-0.9186873;-0.8136796;;
43.457;-0.9187183;-0.8137023;;
43.488;-0.9328834;-0.8236346;;
43.491;-0.9330601;-0.8237585;;
43.492;-0.9330964;-0.823784;;
43.523;-0.9473616;-0.8334183;;
43.524;-0.9475304;-0.8335323;;
43.526;-0.9475874;-0.8335707;;
43.556;-0.9621469;-0.8430356;;
43.558;-0.9623456;-0.8431647;;
43.559;-0.962376;-0.8431845;;
43.5864381;;;-0.00654213440583368;-0.289628330872563
43.386;-0.8826612;-0.7866938;;
43.388;-0.8828329;-0.7868312;;
43.39;-0.8828801;-0.7868689;;
43.391;-0.8828924;-0.7868788;;
43.42;-0.9011771;-0.8008786;;
43.422;-0.901301;-0.8009735;;
43.424;-0.9013287;-0.8009948;;
43.455;-0.9185839;-0.813604;;
43.456;-0.9186873;-0.8136796;;
43.457;-0.9187183;-0.8137023;;
43.488;-0.9328834;-0.8236346;;
43.491;-0.9330601;-0.8237585;;
43.492;-0.9330964;-0.823784;;
43.523;-0.9473616;-0.8334183;;
43.524;-0.9475304;-0.8335323;;
43.526;-0.9475874;-0.8335707;;
43.556;-0.9621469;-0.8430356;;
43.558;-0.9623456;-0.8431647;;
43.559;-0.962376;-0.8431845;;
43.59;-0.9771472;-0.8524216;;
43.591;-0.9772214;-0.852468;;
43.593;-0.977256;-0.8524896;;
43.624;-0.9921565;-0.8614479;;
43.626;-0.992241;-0.8614987;;
43.627;-0.9922655;-0.8615134;;
43.658;-1.007413;-0.870262;;
43.659;-1.007517;-0.8703217;;
43.661;-1.007532;-0.8703305;;
43.66456;;;-0.00056817787979585;-0.254236592716596
43.455;-0.9185839;-0.813604;;
43.456;-0.9186873;-0.8136796;;
43.457;-0.9187183;-0.8137023;;
43.488;-0.9328834;-0.8236346;;
43.491;-0.9330601;-0.8237585;;
43.492;-0.9330964;-0.823784;;
43.523;-0.9473616;-0.8334183;;
43.524;-0.9475304;-0.8335323;;
43.526;-0.9475874;-0.8335707;;
43.556;-0.9621469;-0.8430356;;
43.558;-0.9623456;-0.8431647;;
43.559;-0.962376;-0.8431845;;
43.59;-0.9771472;-0.8524216;;
43.591;-0.9772214;-0.852468;;
43.593;-0.977256;-0.8524896;;
43.624;-0.9921565;-0.8614479;;
43.626;-0.992241;-0.8614987;;
43.627;-0.9922655;-0.8615134;;
43.658;-1.007413;-0.870262;;
43.659;-1.007517;-0.8703217;;
43.661;-1.007532;-0.8703305;;
43.692;-1.022795;-0.8787919;;
43.693;-1.022795;-0.8787919;;
43.695;-1.022795;-0.8787919;;
43.726;-1.038097;-0.8869275;;
43.728;-1.038312;-0.8870418;;
43.729;-1.038327;-0.88705;;
43.7428894;;;0.00302894533471665;-0.232176986355123
43.523;-0.9473616;-0.8334183;;
43.524;-0.9475304;-0.8335323;;
43.526;-0.9475874;-0.8335707;;
43.556;-0.9621469;-0.8430356;;
43.558;-0.9623456;-0.8431647;;
43.559;-0.962376;-0.8431845;;
43.59;-0.9771472;-0.8524216;;
43.591;-0.9772214;-0.852468;;
43.593;-0.977256;-0.8524896;;
43.624;-0.9921565;-0.8614479;;
43.626;-0.992241;-0.8614987;;
43.627;-0.9922655;-0.8615134;;
43.658;-1.007413;-0.870262;;
43.659;-1.007517;-0.8703217;;
43.661;-1.007532;-0.8703305;;
43.692;-1.022795;-0.8787919;;
43.693;-1.022795;-0.8787919;;
43.695;-1.022795;-0.8787919;;
43.726;-1.038097;-0.8869275;;
43.728;-1.038312;-0.8870418;;
43.729;-1.038327;-0.88705;;
43.76;-1.053813;-0.8949383;;
43.761;-1.053917;-0.8949916;;
43.763;-1.053932;-0.894999;;
43.795;-1.069412;-0.9025458;;
43.797;-1.069576;-0.9026261;;
43.799;-1.075729;-0.9055257;;
43.821382;;;-0.00661719290867374;-0.230995532306689
43.624;-0.9921565;-0.8614479;;
43.626;-0.992241;-0.8614987;;
43.627;-0.9922655;-0.8615134;;
43.658;-1.007413;-0.870262;;
43.659;-1.007517;-0.8703217;;
43.661;-1.007532;-0.8703305;;
43.692;-1.022795;-0.8787919;;
43.693;-1.022795;-0.8787919;;
43.695;-1.022795;-0.8787919;;
43.726;-1.038097;-0.8869275;;
43.728;-1.038312;-0.8870418;;
43.729;-1.038327;-0.88705;;
43.76;-1.053813;-0.8949383;;
43.761;-1.053917;-0.8949916;;
43.763;-1.053932;-0.894999;;
43.795;-1.069412;-0.9025458;;
43.797;-1.069576;-0.9026261;;
43.799;-1.075729;-0.9055257;;
43.828;-1.085601;-0.9100955;;
43.829;-1.085601;-0.9100955;;
43.832;-1.089895;-0.9120356;;
43.862;-1.101622;-0.9172206;;
43.864;-1.10169;-0.9172506;;
43.866;-1.105895;-0.9190626;;
43.896;-1.117685;-0.9240307;;
43.899;-1.117836;-0.9240943;;
43.8993542;;;-0.0134108582893351;-0.23132096395067
43.692;-1.022795;-0.8787919;;
43.693;-1.022795;-0.8787919;;
43.695;-1.022795;-0.8787919;;
43.726;-1.038097;-0.8869275;;
43.728;-1.038312;-0.8870418;;
43.729;-1.038327;-0.88705;;
43.76;-1.053813;-0.8949383;;
43.761;-1.053917;-0.8949916;;
43.763;-1.053932;-0.894999;;
43.795;-1.069412;-0.9025458;;
43.797;-1.069576;-0.9026261;;
43.799;-1.075729;-0.9055257;;
43.828;-1.085601;-0.9100955;;
43.829;-1.085601;-0.9100955;;
43.832;-1.089895;-0.9120356;;
43.862;-1.101622;-0.9172206;;
43.864;-1.10169;-0.9172506;;
43.866;-1.105895;-0.9190626;;
43.896;-1.117685;-0.9240307;;
43.899;-1.117836;-0.9240943;;
43.901;-1.121859;-0.9257441;;
43.931;-1.133947;-0.9305932;;
43.933;-1.137445;-0.9319576;;
43.936;-1.139092;-0.9325998;;
43.936;-1.139136;-0.9326169;;
43.964;-1.150198;-0.9368215;;
43.966;-1.154379;-0.9383701;;
43.968;-1.155409;-0.9387513;;
43.97;-1.155792;-0.9388932;;
43.977288;;;-0.458262343718087;-0.247935644852501
43.76;-1.053813;-0.8949383;;
43.761;-1.053917;-0.8949916;;
43.763;-1.053932;-0.894999;;
43.795;-1.069412;-0.9025458;;
43.797;-1.069576;-0.9026261;;
43.799;-1.075729;-0.9055257;;
43.828;-1.085601;-0.9100955;;
43.829;-1.085601;-0.9100955;;
43.832;-1.089895;-0.9120356;;
43.862;-1.101622;-0.9172206;;
43.864;-1.10169;-0.9172506;;
43.866;-1.105895;-0.9190626;;
43.896;-1.117685;-0.9240307;;
43.899;-1.117836;-0.9240943;;
43.901;-1.121859;-0.9257441;;
43.931;-1.133947;-0.9305932;;
43.933;-1.137445;-0.9319576;;
43.936;-1.139092;-0.9325998;;
43.936;-1.139136;-0.9326169;;
43.964;-1.150198;-0.9368215;;
43.966;-1.154379;-0.9383701;;
43.968;-1.155409;-0.9387513;;
43.97;-1.155792;-0.9388932;;
43.999;-1.166903;-0.9428919;;
44;-1.166972;-0.9429167;;
44.002;-1.17042;-0.9441235;;
44.032;-1.183299;-0.9485236;;
44.034;-1.187538;-0.9499261;;
44.037;-1.188671;-0.9503009;;
44.0555076;;;-0.624125841456726;-0.270682743087893
43.828;-1.085601;-0.9100955;;
43.829;-1.085601;-0.9100955;;
43.832;-1.089895;-0.9120356;;
43.862;-1.101622;-0.9172206;;
43.864;-1.10169;-0.9172506;;
43.866;-1.105895;-0.9190626;;
43.896;-1.117685;-0.9240307;;
43.899;-1.117836;-0.9240943;;
43.901;-1.121859;-0.9257441;;
43.931;-1.133947;-0.9305932;;
43.933;-1.137445;-0.9319576;;
43.936;-1.139092;-0.9325998;;
43.936;-1.139136;-0.9326169;;
43.964;-1.150198;-0.9368215;;
43.966;-1.154379;-0.9383701;;
43.968;-1.155409;-0.9387513;;
43.97;-1.155792;-0.9388932;;
43.999;-1.166903;-0.9428919;;
44;-1.166972;-0.9429167;;
44.002;-1.17042;-0.9441235;;
44.032;-1.183299;-0.9485236;;
44.034;-1.187538;-0.9499261;;
44.037;-1.188671;-0.9503009;;
44.066;-1.200172;-0.9539926;;
44.068;-1.204449;-0.9553232;;
44.069;-1.205329;-0.9555971;;
44.1;-1.21693;-0.9590986;;
44.101;-1.22178;-0.9605149;;
44.102;-1.222524;-0.9607321;;
44.1337204;;;-0.659375040399101;-0.29655346399252
43.931;-1.133947;-0.9305932;;
43.933;-1.137445;-0.9319576;;
43.936;-1.139092;-0.9325998;;
43.936;-1.139136;-0.9326169;;
43.964;-1.150198;-0.9368215;;
43.966;-1.154379;-0.9383701;;
43.968;-1.155409;-0.9387513;;
43.97;-1.155792;-0.9388932;;
43.999;-1.166903;-0.9428919;;
44;-1.166972;-0.9429167;;
44.002;-1.17042;-0.9441235;;
44.032;-1.183299;-0.9485236;;
44.034;-1.187538;-0.9499261;;
44.037;-1.188671;-0.9503009;;
44.066;-1.200172;-0.9539926;;
44.068;-1.204449;-0.9553232;;
44.069;-1.205329;-0.9555971;;
44.1;-1.21693;-0.9590986;;
44.101;-1.22178;-0.9605149;;
44.102;-1.222524;-0.9607321;;
44.134;-1.23929;-0.9654146;;
44.136;-1.238957;-0.9653217;;
44.139;-1.239434;-0.965455;;
44.166;-1.25634;-0.9698578;;
44.169;-1.256609;-0.969928;;
44.172;-1.256644;-0.969937;;
44.201;-1.273442;-0.9739965;;
44.204;-1.273541;-0.9740202;;
44.206;-1.273575;-0.9740285;;
44.207;-1.273587;-0.9740313;;
44.2119476;;;-0.339389779485608;-0.309693699329696
43.999;-1.166903;-0.9428919;;
44;-1.166972;-0.9429167;;
44.002;-1.17042;-0.9441235;;
44.032;-1.183299;-0.9485236;;
44.034;-1.187538;-0.9499261;;
44.037;-1.188671;-0.9503009;;
44.066;-1.200172;-0.9539926;;
44.068;-1.204449;-0.9553232;;
44.069;-1.205329;-0.9555971;;
44.1;-1.21693;-0.9590986;;
44.101;-1.22178;-0.9605149;;
44.102;-1.222524;-0.9607321;;
44.134;-1.23929;-0.9654146;;
44.136;-1.238957;-0.9653217;;
44.139;-1.239434;-0.965455;;
44.166;-1.25634;-0.9698578;;
44.169;-1.256609;-0.969928;;
44.172;-1.256644;-0.969937;;
44.201;-1.273442;-0.9739965;;
44.204;-1.273541;-0.9740202;;
44.206;-1.273575;-0.9740285;;
44.207;-1.273587;-0.9740313;;
44.238;-1.290583;-0.9778253;;
44.24;-1.290678;-0.9778463;;
44.27;-1.307765;-0.9813477;;
44.271;-1.307869;-0.9813689;;
44.273;-1.307899;-0.9813752;;
44.281;-1.307907;-0.9813768;;
44.282;-1.313658;-0.9824849;;
44.2903848;;;-0.349669531298196;-0.322848437140515
44.066;-1.200172;-0.9539926;;
44.068;-1.204449;-0.9553232;;
44.069;-1.205329;-0.9555971;;
44.1;-1.21693;-0.9590986;;
44.101;-1.22178;-0.9605149;;
44.102;-1.222524;-0.9607321;;
44.134;-1.23929;-0.9654146;;
44.136;-1.238957;-0.9653217;;
44.139;-1.239434;-0.965455;;
44.166;-1.25634;-0.9698578;;
44.169;-1.256609;-0.969928;;
44.172;-1.256644;-0.969937;;
44.201;-1.273442;-0.9739965;;
44.204;-1.273541;-0.9740202;;
44.206;-1.273575;-0.9740285;;
44.207;-1.273587;-0.9740313;;
44.238;-1.290583;-0.9778253;;
44.24;-1.290678;-0.9778463;;
44.27;-1.307765;-0.9813477;;
44.271;-1.307869;-0.9813689;;
44.273;-1.307899;-0.9813752;;
44.281;-1.307907;-0.9813768;;
44.282;-1.313658;-0.9824849;;
44.304;-1.325137;-0.9845928;;
44.305;-1.325137;-0.9845928;;
44.307;-1.325137;-0.9845928;;
44.308;-1.325137;-0.9845928;;
44.338;-1.342173;-0.9874642;;
44.339;-1.342391;-0.987501;;
44.34;-1.342439;-0.9875091;;
44.342;-1.342457;-0.9875121;;
44.343;-1.34246;-0.9875125;;
44.343;-1.342461;-0.9875128;;
44.344;-1.342462;-0.9875129;;
44.3685964;;;-0.787503394853718;-0.352683720037255
44.166;-1.25634;-0.9698578;;
44.169;-1.256609;-0.969928;;
44.172;-1.256644;-0.969937;;
44.201;-1.273442;-0.9739965;;
44.204;-1.273541;-0.9740202;;
44.206;-1.273575;-0.9740285;;
44.207;-1.273587;-0.9740313;;
44.238;-1.290583;-0.9778253;;
44.24;-1.290678;-0.9778463;;
44.27;-1.307765;-0.9813477;;
44.271;-1.307869;-0.9813689;;
44.273;-1.307899;-0.9813752;;
44.281;-1.307907;-0.9813768;;
44.282;-1.313658;-0.9824849;;
44.304;-1.325137;-0.9845928;;
44.305;-1.325137;-0.9845928;;
44.307;-1.325137;-0.9845928;;
44.308;-1.325137;-0.9845928;;
44.338;-1.342173;-0.9874642;;
44.339;-1.342391;-0.987501;;
44.34;-1.342439;-0.9875091;;
44.342;-1.342457;-0.9875121;;
44.343;-1.34246;-0.9875125;;
44.343;-1.342461;-0.9875128;;
44.344;-1.342462;-0.9875129;;
44.372;-1.359782;-0.9901206;;
44.374;-1.359782;-0.9901206;;
44.375;-1.359782;-0.9901206;;
44.377;-1.359782;-0.9901206;;
44.378;-1.359782;-0.9901206;;
44.379;-1.359782;-0.9901206;;
44.38;-1.359782;-0.9901206;;
44.407;-1.377042;-0.9924104;;
44.408;-1.377147;-0.9924244;;
44.409;-1.377189;-0.99243;;
44.411;-1.377202;-0.9924317;;
44.411;-1.377203;-0.9924318;;
44.44;-1.394222;-0.9943871;;
44.441;-1.394438;-0.994412;;
44.443;-1.394497;-0.9944187;;
44.444;-1.394517;-0.9944211;;
44.445;-1.394517;-0.9944211;;
44.446;-1.394517;-0.9944211;;
44.4468813;;;-0.924323717142829;-0.388777998535809
44.238;-1.290583;-0.9778253;;
44.24;-1.290678;-0.9778463;;
44.27;-1.307765;-0.9813477;;
44.271;-1.307869;-0.9813689;;
44.273;-1.307899;-0.9813752;;
44.281;-1.307907;-0.9813768;;
44.282;-1.313658;-0.9824849;;
44.304;-1.325137;-0.9845928;;
44.305;-1.325137;-0.9845928;;
44.307;-1.325137;-0.9845928;;
44.308;-1.325137;-0.9845928;;
44.338;-1.342173;-0.9874642;;
44.339;-1.342391;-0.987501;;
44.34;-1.342439;-0.9875091;;
44.342;-1.342457;-0.9875121;;
44.343;-1.34246;-0.9875125;;
44.343;-1.342461;-0.9875128;;
44.344;-1.342462;-0.9875129;;
44.372;-1.359782;-0.9901206;;
44.374;-1.359782;-0.9901206;;
44.375;-1.359782;-0.9901206;;
44.377;-1.359782;-0.9901206;;
44.378;-1.359782;-0.9901206;;
44.379;-1.359782;-0.9901206;;
44.38;-1.359782;-0.9901206;;
44.407;-1.377042;-0.9924104;;
44.408;-1.377147;-0.9924244;;
44.409;-1.377189;-0.99243;;
44.411;-1.377202;-0.9924317;;
44.411;-1.377203;-0.9924318;;
44.44;-1.394222;-0.9943871;;
44.441;-1.394438;-0.994412;;
44.443;-1.394497;-0.9944187;;
44.444;-1.394517;-0.9944211;;
44.445;-1.394517;-0.9944211;;
44.446;-1.394517;-0.9944211;;
44.447;-1.398791;-0.9948615;;
44.474;-1.4131;-0.9962155;;
44.475;-1.41321;-0.9962261;;
44.476;-1.413253;-0.9962302;;
44.477;-1.413266;-0.9962314;;
44.478;-1.413267;-0.9962316;;
44.507;-1.429525;-0.9975124;;
44.509;-1.429618;-0.9975198;;
44.511;-1.429649;-0.9975222;;
44.512;-1.429658;-0.9975229;;
44.514;-1.434975;-0.9978819;;
44.515;-1.435473;-0.9979157;;
44.516;-1.435549;-0.9979208;;
44.5250111;;;-0.847173422071355;-0.421996943659199
44.282;-1.313658;-0.9824849;;
44.304;-1.325137;-0.9845928;;
44.305;-1.325137;-0.9845928;;
44.307;-1.325137;-0.9845928;;
44.308;-1.325137;-0.9845928;;
44.338;-1.342173;-0.9874642;;
44.339;-1.342391;-0.987501;;
44.34;-1.342439;-0.9875091;;
44.342;-1.342457;-0.9875121;;
44.343;-1.34246;-0.9875125;;
44.343;-1.342461;-0.9875128;;
44.344;-1.342462;-0.9875129;;
44.372;-1.359782;-0.9901206;;
44.374;-1.359782;-0.9901206;;
44.375;-1.359782;-0.9901206;;
44.377;-1.359782;-0.9901206;;
44.378;-1.359782;-0.9901206;;
44.379;-1.359782;-0.9901206;;
44.38;-1.359782;-0.9901206;;
44.407;-1.377042;-0.9924104;;
44.408;-1.377147;-0.9924244;;
44.409;-1.377189;-0.99243;;
44.411;-1.377202;-0.9924317;;
44.411;-1.377203;-0.9924318;;
44.44;-1.394222;-0.9943871;;
44.441;-1.394438;-0.994412;;
44.443;-1.394497;-0.9944187;;
44.444;-1.394517;-0.9944211;;
44.445;-1.394517;-0.9944211;;
44.446;-1.394517;-0.9944211;;
44.447;-1.398791;-0.9948615;;
44.474;-1.4131;-0.9962155;;
44.475;-1.41321;-0.9962261;;
44.476;-1.413253;-0.9962302;;
44.477;-1.413266;-0.9962314;;
44.478;-1.413267;-0.9962316;;
44.507;-1.429525;-0.9975124;;
44.509;-1.429618;-0.9975198;;
44.511;-1.429649;-0.9975222;;
44.512;-1.429658;-0.9975229;;
44.514;-1.434975;-0.9978819;;
44.515;-1.435473;-0.9979157;;
44.516;-1.435549;-0.9979208;;
44.542;-1.441335;-0.9982776;;
44.543;-1.445256;-0.9984968;;
44.545;-1.446749;-0.9985802;;
44.547;-1.45248;-0.9988594;;
44.549;-1.45614;-0.9990377;;
44.55;-1.45614;-0.9990377;;
44.576;-1.464567;-0.9993721;;
44.577;-1.464567;-0.9993721;;
44.579;-1.464567;-0.9993721;;
44.58;-1.464567;-0.9993721;;
44.581;-1.46881;-0.9995102;;
44.582;-1.469958;-0.9995475;;
44.6029858;;;-0.762312547088148;-0.451333980496411
44.372;-1.359782;-0.9901206;;
44.374;-1.359782;-0.9901206;;
44.375;-1.359782;-0.9901206;;
44.377;-1.359782;-0.9901206;;
44.378;-1.359782;-0.9901206;;
44.379;-1.359782;-0.9901206;;
44.38;-1.359782;-0.9901206;;
44.407;-1.377042;-0.9924104;;
44.408;-1.377147;-0.9924244;;
44.409;-1.377189;-0.99243;;
44.411;-1.377202;-0.9924317;;
44.411;-1.377203;-0.9924318;;
44.44;-1.394222;-0.9943871;;
44.441;-1.394438;-0.994412;;
44.443;-1.394497;-0.9944187;;
44.444;-1.394517;-0.9944211;;
44.445;-1.394517;-0.9944211;;
44.446;-1.394517;-0.9944211;;
44.447;-1.398791;-0.9948615;;
44.474;-1.4131;-0.9962155;;
44.475;-1.41321;-0.9962261;;
44.476;-1.413253;-0.9962302;;
44.477;-1.413266;-0.9962314;;
44.478;-1.413267;-0.9962316;;
44.507;-1.429525;-0.9975124;;
44.509;-1.429618;-0.9975198;;
44.511;-1.429649;-0.9975222;;
44.512;-1.429658;-0.9975229;;
44.514;-1.434975;-0.9978819;;
44.515;-1.435473;-0.9979157;;
44.516;-1.435549;-0.9979208;;
44.542;-1.441335;-0.9982776;;
44.543;-1.445256;-0.9984968;;
44.545;-1.446749;-0.9985802;;
44.547;-1.45248;-0.9988594;;
44.549;-1.45614;-0.9990377;;
44.55;-1.45614;-0.9990377;;
44.576;-1.464567;-0.9993721;;
44.577;-1.464567;-0.9993721;;
44.579;-1.464567;-0.9993721;;
44.58;-1.464567;-0.9993721;;
44.581;-1.46881;-0.9995102;;
44.582;-1.469958;-0.9995475;;
44.609;-1.482111;-0.9998393;;
44.61;-1.482223;-0.999842;;
44.611;-1.482223;-0.999842;;
44.614;-1.482223;-0.999842;;
44.614;-1.482223;-0.999842;;
44.616;-1.482223;-0.999842;;
44.643;-1.501631;-0.9999987;;
44.645;-1.501631;-0.9999987;;
44.647;-1.504529;-0.9999883;;
44.649;-1.505411;-0.9999851;;
44.649;-1.505462;-0.9999849;;
44.65;-1.50553;-0.9999847;;
44.669958;;;-0.60846908040646;-0.473224115587659
44.411;-1.377202;-0.9924317;;
44.411;-1.377203;-0.9924318;;
44.44;-1.394222;-0.9943871;;
44.441;-1.394438;-0.994412;;
44.443;-1.394497;-0.9944187;;
44.444;-1.394517;-0.9944211;;
44.445;-1.394517;-0.9944211;;
44.446;-1.394517;-0.9944211;;
44.447;-1.398791;-0.9948615;;
44.474;-1.4131;-0.9962155;;
44.475;-1.41321;-0.9962261;;
44.476;-1.413253;-0.9962302;;
44.477;-1.413266;-0.9962314;;
44.478;-1.413267;-0.9962316;;
44.507;-1.429525;-0.9975124;;
44.509;-1.429618;-0.9975198;;
44.511;-1.429649;-0.9975222;;
44.512;-1.429658;-0.9975229;;
44.514;-1.434975;-0.9978819;;
44.515;-1.435473;-0.9979157;;
44.516;-1.435549;-0.9979208;;
44.542;-1.441335;-0.9982776;;
44.543;-1.445256;-0.9984968;;
44.545;-1.446749;-0.9985802;;
44.547;-1.45248;-0.9988594;;
44.549;-1.45614;-0.9990377;;
44.55;-1.45614;-0.9990377;;
44.576;-1.464567;-0.9993721;;
44.577;-1.464567;-0.9993721;;
44.579;-1.464567;-0.9993721;;
44.58;-1.464567;-0.9993721;;
44.581;-1.46881;-0.9995102;;
44.582;-1.469958;-0.9995475;;
44.609;-1.482111;-0.9998393;;
44.61;-1.482223;-0.999842;;
44.611;-1.482223;-0.999842;;
44.614;-1.482223;-0.999842;;
44.614;-1.482223;-0.999842;;
44.616;-1.482223;-0.999842;;
44.643;-1.501631;-0.9999987;;
44.645;-1.501631;-0.9999987;;
44.647;-1.504529;-0.9999883;;
44.649;-1.505411;-0.9999851;;
44.649;-1.505462;-0.9999849;;
44.65;-1.50553;-0.9999847;;
44.677;-1.517184;-0.9998517;;
44.682;-1.517242;-0.999851;;
44.707;-1.53404;-0.9993966;;
44.7289328;;;-0.259233982724259;-0.469281603132703
44.514;-1.434975;-0.9978819;;
44.515;-1.435473;-0.9979157;;
44.516;-1.435549;-0.9979208;;
44.542;-1.441335;-0.9982776;;
44.543;-1.445256;-0.9984968;;
44.545;-1.446749;-0.9985802;;
44.547;-1.45248;-0.9988594;;
44.549;-1.45614;-0.9990377;;
44.55;-1.45614;-0.9990377;;
44.576;-1.464567;-0.9993721;;
44.577;-1.464567;-0.9993721;;
44.579;-1.464567;-0.9993721;;
44.58;-1.464567;-0.9993721;;
44.581;-1.46881;-0.9995102;;
44.582;-1.469958;-0.9995475;;
44.609;-1.482111;-0.9998393;;
44.61;-1.482223;-0.999842;;
44.611;-1.482223;-0.999842;;
44.614;-1.482223;-0.999842;;
44.614;-1.482223;-0.999842;;
44.616;-1.482223;-0.999842;;
44.643;-1.501631;-0.9999987;;
44.645;-1.501631;-0.9999987;;
44.647;-1.504529;-0.9999883;;
44.649;-1.505411;-0.9999851;;
44.649;-1.505462;-0.9999849;;
44.65;-1.50553;-0.9999847;;
44.677;-1.517184;-0.9998517;;
44.682;-1.517242;-0.999851;;
44.707;-1.53404;-0.9993966;;
44.747;-1.546237;-0.9989281;;
44.779;-1.56516;-0.9978691;;
44.781;-1.565629;-0.9978428;;
44.783;-1.565715;-0.997838;;
44.784;-1.565733;-0.9978369;;
44.785;-1.565749;-0.9978361;;
44.814;-1.577332;-0.9970047;;
44.8153606;;;-0.743603617514339;-0.463798787205166
44.609;-1.482111;-0.9998393;;
44.61;-1.482223;-0.999842;;
44.611;-1.482223;-0.999842;;
44.614;-1.482223;-0.999842;;
44.614;-1.482223;-0.999842;;
44.616;-1.482223;-0.999842;;
44.643;-1.501631;-0.9999987;;
44.645;-1.501631;-0.9999987;;
44.647;-1.504529;-0.9999883;;
44.649;-1.505411;-0.9999851;;
44.649;-1.505462;-0.9999849;;
44.65;-1.50553;-0.9999847;;
44.677;-1.517184;-0.9998517;;
44.682;-1.517242;-0.999851;;
44.707;-1.53404;-0.9993966;;
44.747;-1.546237;-0.9989281;;
44.779;-1.56516;-0.9978691;;
44.781;-1.565629;-0.9978428;;
44.783;-1.565715;-0.997838;;
44.784;-1.565733;-0.9978369;;
44.785;-1.565749;-0.9978361;;
44.814;-1.577332;-0.9970047;;
44.817;-1.587979;-0.9961168;;
44.818;-1.587665;-0.996143;;
44.818;-1.588232;-0.9960957;;
44.82;-1.588901;-0.9960399;;
44.847;-1.604396;-0.9945335;;
44.849;-1.60928;-0.9940074;;
44.851;-1.610321;-0.9938953;;
44.853;-1.610506;-0.9938754;;
44.853;-1.610519;-0.993874;;
44.854;-1.610533;-0.9938725;;
44.881;-1.622161;-0.9925103;;
44.881;-1.622161;-0.9925103;;
44.883;-1.627458;-0.9918423;;
44.885;-1.627855;-0.9917924;;
44.886;-1.628055;-0.9917671;;
44.887;-1.628055;-0.9917671;;
44.8930048;;;-0.413253632321768;-0.443618474263091
44.677;-1.517184;-0.9998517;;
44.682;-1.517242;-0.999851;;
44.707;-1.53404;-0.9993966;;
44.747;-1.546237;-0.9989281;;
44.779;-1.56516;-0.9978691;;
44.781;-1.565629;-0.9978428;;
44.783;-1.565715;-0.997838;;
44.784;-1.565733;-0.9978369;;
44.785;-1.565749;-0.9978361;;
44.814;-1.577332;-0.9970047;;
44.817;-1.587979;-0.9961168;;
44.818;-1.587665;-0.996143;;
44.818;-1.588232;-0.9960957;;
44.82;-1.588901;-0.9960399;;
44.847;-1.604396;-0.9945335;;
44.849;-1.60928;-0.9940074;;
44.851;-1.610321;-0.9938953;;
44.853;-1.610506;-0.9938754;;
44.853;-1.610519;-0.993874;;
44.854;-1.610533;-0.9938725;;
44.881;-1.622161;-0.9925103;;
44.881;-1.622161;-0.9925103;;
44.883;-1.627458;-0.9918423;;
44.885;-1.627855;-0.9917924;;
44.886;-1.628055;-0.9917671;;
44.887;-1.628055;-0.9917671;;
44.915;-1.639523;-0.9902188;;
44.916;-1.642599;-0.9897762;;
44.918;-1.644655;-0.9894804;;
44.92;-1.64512;-0.9894136;;
44.92;-1.645178;-0.9894052;;
44.922;-1.64531;-0.9893861;;
44.949;-1.65683;-0.9876251;;
44.952;-1.662081;-0.9867761;;
44.953;-1.662372;-0.9867289;;
44.954;-1.662472;-0.9867128;;
44.954;-1.662502;-0.9867079;;
44.956;-1.662593;-0.9866933;;
44.9713783;;;0.0546406464942477;-0.410167167851672
44.747;-1.546237;-0.9989281;;
44.779;-1.56516;-0.9978691;;
44.781;-1.565629;-0.9978428;;
44.783;-1.565715;-0.997838;;
44.784;-1.565733;-0.9978369;;
44.785;-1.565749;-0.9978361;;
44.814;-1.577332;-0.9970047;;
44.817;-1.587979;-0.9961168;;
44.818;-1.587665;-0.996143;;
44.818;-1.588232;-0.9960957;;
44.82;-1.588901;-0.9960399;;
44.847;-1.604396;-0.9945335;;
44.849;-1.60928;-0.9940074;;
44.851;-1.610321;-0.9938953;;
44.853;-1.610506;-0.9938754;;
44.853;-1.610519;-0.993874;;
44.854;-1.610533;-0.9938725;;
44.881;-1.622161;-0.9925103;;
44.881;-1.622161;-0.9925103;;
44.883;-1.627458;-0.9918423;;
44.885;-1.627855;-0.9917924;;
44.886;-1.628055;-0.9917671;;
44.887;-1.628055;-0.9917671;;
44.915;-1.639523;-0.9902188;;
44.916;-1.642599;-0.9897762;;
44.918;-1.644655;-0.9894804;;
44.92;-1.64512;-0.9894136;;
44.92;-1.645178;-0.9894052;;
44.922;-1.64531;-0.9893861;;
44.949;-1.65683;-0.9876251;;
44.952;-1.662081;-0.9867761;;
44.953;-1.662372;-0.9867289;;
44.954;-1.662472;-0.9867128;;
44.954;-1.662502;-0.9867079;;
44.956;-1.662593;-0.9866933;;
44.982;-1.674101;-0.9847277;;
44.983;-1.677679;-0.9840841;;
44.985;-1.679398;-0.9837749;;
44.987;-1.679842;-0.983695;;
44.988;-1.679936;-0.9836782;;
44.989;-1.679985;-0.9836693;;
45.017;-1.697188;-0.9803642;;
45.018;-1.6973;-0.9803427;;
45.02;-1.697338;-0.9803356;;
45.022;-1.69734;-0.980335;;
45.022;-1.697341;-0.9803349;;
45.023;-1.697342;-0.9803348;;
45.0495122;;;-0.045838752305304;-0.395602420147887
44.847;-1.604396;-0.9945335;;
44.849;-1.60928;-0.9940074;;
44.851;-1.610321;-0.9938953;;
44.853;-1.610506;-0.9938754;;
44.853;-1.610519;-0.993874;;
44.854;-1.610533;-0.9938725;;
44.881;-1.622161;-0.9925103;;
44.881;-1.622161;-0.9925103;;
44.883;-1.627458;-0.9918423;;
44.885;-1.627855;-0.9917924;;
44.886;-1.628055;-0.9917671;;
44.887;-1.628055;-0.9917671;;
44.915;-1.639523;-0.9902188;;
44.916;-1.642599;-0.9897762;;
44.918;-1.644655;-0.9894804;;
44.92;-1.64512;-0.9894136;;
44.92;-1.645178;-0.9894052;;
44.922;-1.64531;-0.9893861;;
44.949;-1.65683;-0.9876251;;
44.952;-1.662081;-0.9867761;;
44.953;-1.662372;-0.9867289;;
44.954;-1.662472;-0.9867128;;
44.954;-1.662502;-0.9867079;;
44.956;-1.662593;-0.9866933;;
44.982;-1.674101;-0.9847277;;
44.983;-1.677679;-0.9840841;;
44.985;-1.679398;-0.9837749;;
44.987;-1.679842;-0.983695;;
44.988;-1.679936;-0.9836782;;
44.989;-1.679985;-0.9836693;;
45.017;-1.697188;-0.9803642;;
45.018;-1.6973;-0.9803427;;
45.02;-1.697338;-0.9803356;;
45.022;-1.69734;-0.980335;;
45.022;-1.697341;-0.9803349;;
45.023;-1.697342;-0.9803348;;
45.052;-1.714441;-0.976737;;
45.052;-1.714295;-0.9767676;;
45.053;-1.714298;-0.9767671;;
45.054;-1.714039;-0.9768215;;
45.056;-1.714321;-0.9767621;;
45.057;-1.714382;-0.9767493;;
45.057;-1.714398;-0.976746;;
45.086;-1.731292;-0.972883;;
45.088;-1.731421;-0.9728537;;
45.089;-1.731432;-0.972851;;
45.09;-1.731436;-0.9728501;;
45.091;-1.731439;-0.9728494;;
45.12;-1.748458;-0.9686412;;
45.122;-1.748557;-0.9686167;;
45.123;-1.748585;-0.9686098;;
45.124;-1.748594;-0.9686077;;
45.13;-1.748604;-0.9686053;;
45.1313531;;;-0.779066432888446;-0.416056494879287
44.915;-1.639523;-0.9902188;;
44.916;-1.642599;-0.9897762;;
44.918;-1.644655;-0.9894804;;
44.92;-1.64512;-0.9894136;;
44.92;-1.645178;-0.9894052;;
44.922;-1.64531;-0.9893861;;
44.949;-1.65683;-0.9876251;;
44.952;-1.662081;-0.9867761;;
44.953;-1.662372;-0.9867289;;
44.954;-1.662472;-0.9867128;;
44.954;-1.662502;-0.9867079;;
44.956;-1.662593;-0.9866933;;
44.982;-1.674101;-0.9847277;;
44.983;-1.677679;-0.9840841;;
44.985;-1.679398;-0.9837749;;
44.987;-1.679842;-0.983695;;
44.988;-1.679936;-0.9836782;;
44.989;-1.679985;-0.9836693;;
45.017;-1.697188;-0.9803642;;
45.018;-1.6973;-0.9803427;;
45.02;-1.697338;-0.9803356;;
45.022;-1.69734;-0.980335;;
45.022;-1.697341;-0.9803349;;
45.023;-1.697342;-0.9803348;;
45.052;-1.714441;-0.976737;;
45.052;-1.714295;-0.9767676;;
45.053;-1.714298;-0.9767671;;
45.054;-1.714039;-0.9768215;;
45.056;-1.714321;-0.9767621;;
45.057;-1.714382;-0.9767493;;
45.057;-1.714398;-0.976746;;
45.086;-1.731292;-0.972883;;
45.088;-1.731421;-0.9728537;;
45.089;-1.731432;-0.972851;;
45.09;-1.731436;-0.9728501;;
45.091;-1.731439;-0.9728494;;
45.12;-1.748458;-0.9686412;;
45.122;-1.748557;-0.9686167;;
45.123;-1.748585;-0.9686098;;
45.124;-1.748594;-0.9686077;;
45.13;-1.748604;-0.9686053;;
45.131;-1.754179;-0.9671572;;
45.155;-1.770019;-0.962855;;
45.156;-1.770019;-0.962855;;
45.157;-1.770019;-0.962855;;
45.158;-1.770019;-0.962855;;
45.159;-1.770019;-0.962855;;
45.16;-1.770019;-0.962855;;
45.16;-1.770019;-0.962855;;
45.188;-1.78224;-0.959343;;
45.19;-1.782339;-0.9593145;;
45.191;-1.782346;-0.9593126;;
45.191;-1.782347;-0.9593122;;
45.193;-1.782351;-0.9593111;;
45.2058756;;;-0.971138238059174;-0.429769053372193
44.982;-1.674101;-0.9847277;;
44.983;-1.677679;-0.9840841;;
44.985;-1.679398;-0.9837749;;
44.987;-1.679842;-0.983695;;
44.988;-1.679936;-0.9836782;;
44.989;-1.679985;-0.9836693;;
45.017;-1.697188;-0.9803642;;
45.018;-1.6973;-0.9803427;;
45.02;-1.697338;-0.9803356;;
45.022;-1.69734;-0.980335;;
45.022;-1.697341;-0.9803349;;
45.023;-1.697342;-0.9803348;;
45.052;-1.714441;-0.976737;;
45.052;-1.714295;-0.9767676;;
45.053;-1.714298;-0.9767671;;
45.054;-1.714039;-0.9768215;;
45.056;-1.714321;-0.9767621;;
45.057;-1.714382;-0.9767493;;
45.057;-1.714398;-0.976746;;
45.086;-1.731292;-0.972883;;
45.088;-1.731421;-0.9728537;;
45.089;-1.731432;-0.972851;;
45.09;-1.731436;-0.9728501;;
45.091;-1.731439;-0.9728494;;
45.12;-1.748458;-0.9686412;;
45.122;-1.748557;-0.9686167;;
45.123;-1.748585;-0.9686098;;
45.124;-1.748594;-0.9686077;;
45.13;-1.748604;-0.9686053;;
45.131;-1.754179;-0.9671572;;
45.155;-1.770019;-0.962855;;
45.156;-1.770019;-0.962855;;
45.157;-1.770019;-0.962855;;
45.158;-1.770019;-0.962855;;
45.159;-1.770019;-0.962855;;
45.16;-1.770019;-0.962855;;
45.16;-1.770019;-0.962855;;
45.188;-1.78224;-0.959343;;
45.19;-1.782339;-0.9593145;;
45.191;-1.782346;-0.9593126;;
45.191;-1.782347;-0.9593122;;
45.193;-1.782351;-0.9593111;;
45.222;-1.7935;-0.9559592;;
45.222;-1.7935;-0.9559592;;
45.225;-1.799129;-0.9542127;;
45.226;-1.799129;-0.9542127;;
45.226;-1.799129;-0.9542127;;
45.227;-1.799129;-0.9542127;;
45.228;-1.799129;-0.9542127;;
45.229;-1.805504;-0.9521821;;
45.255;-1.815683;-0.948864;;
45.257;-1.815751;-0.9488418;;
45.259;-1.815772;-0.9488351;;
45.26;-1.815779;-0.9488328;;
45.2840939;;;-0.458208278466689;-0.412913937495169
45.052;-1.714441;-0.976737;;
45.052;-1.714295;-0.9767676;;
45.053;-1.714298;-0.9767671;;
45.054;-1.714039;-0.9768215;;
45.056;-1.714321;-0.9767621;;
45.057;-1.714382;-0.9767493;;
45.057;-1.714398;-0.976746;;
45.086;-1.731292;-0.972883;;
45.088;-1.731421;-0.9728537;;
45.089;-1.731432;-0.972851;;
45.09;-1.731436;-0.9728501;;
45.091;-1.731439;-0.9728494;;
45.12;-1.748458;-0.9686412;;
45.122;-1.748557;-0.9686167;;
45.123;-1.748585;-0.9686098;;
45.124;-1.748594;-0.9686077;;
45.13;-1.748604;-0.9686053;;
45.131;-1.754179;-0.9671572;;
45.155;-1.770019;-0.962855;;
45.156;-1.770019;-0.962855;;
45.157;-1.770019;-0.962855;;
45.158;-1.770019;-0.962855;;
45.159;-1.770019;-0.962855;;
45.16;-1.770019;-0.962855;;
45.16;-1.770019;-0.962855;;
45.188;-1.78224;-0.959343;;
45.19;-1.782339;-0.9593145;;
45.191;-1.782346;-0.9593126;;
45.191;-1.782347;-0.9593122;;
45.193;-1.782351;-0.9593111;;
45.222;-1.7935;-0.9559592;;
45.222;-1.7935;-0.9559592;;
45.225;-1.799129;-0.9542127;;
45.226;-1.799129;-0.9542127;;
45.226;-1.799129;-0.9542127;;
45.227;-1.799129;-0.9542127;;
45.228;-1.799129;-0.9542127;;
45.229;-1.805504;-0.9521821;;
45.255;-1.815683;-0.948864;;
45.257;-1.815751;-0.9488418;;
45.259;-1.815772;-0.9488351;;
45.26;-1.815779;-0.9488328;;
45.289;-1.832255;-0.9431883;;
45.291;-1.832362;-0.9431515;;
45.293;-1.832388;-0.9431428;;
45.293;-1.832389;-0.9431422;;
45.294;-1.832393;-0.943141;;
45.295;-1.832395;-0.9431401;;
45.296;-1.832395;-0.9431401;;
45.324;-1.850836;-0.9364333;;
45.325;-1.851063;-0.9363506;;
45.327;-1.85114;-0.9363227;;
45.328;-1.851156;-0.9363167;;
45.329;-1.851168;-0.9363125;;
45.33;-1.853536;-0.9354197;;
45.350962;;;-0.0921925791189995;-0.392434018530424
45.12;-1.748458;-0.9686412;;
45.122;-1.748557;-0.9686167;;
45.123;-1.748585;-0.9686098;;
45.124;-1.748594;-0.9686077;;
45.13;-1.748604;-0.9686053;;
45.131;-1.754179;-0.9671572;;
45.155;-1.770019;-0.962855;;
45.156;-1.770019;-0.962855;;
45.157;-1.770019;-0.962855;;
45.158;-1.770019;-0.962855;;
45.159;-1.770019;-0.962855;;
45.16;-1.770019;-0.962855;;
45.16;-1.770019;-0.962855;;
45.188;-1.78224;-0.959343;;
45.19;-1.782339;-0.9593145;;
45.191;-1.782346;-0.9593126;;
45.191;-1.782347;-0.9593122;;
45.193;-1.782351;-0.9593111;;
45.222;-1.7935;-0.9559592;;
45.222;-1.7935;-0.9559592;;
45.225;-1.799129;-0.9542127;;
45.226;-1.799129;-0.9542127;;
45.226;-1.799129;-0.9542127;;
45.227;-1.799129;-0.9542127;;
45.228;-1.799129;-0.9542127;;
45.229;-1.805504;-0.9521821;;
45.255;-1.815683;-0.948864;;
45.257;-1.815751;-0.9488418;;
45.259;-1.815772;-0.9488351;;
45.26;-1.815779;-0.9488328;;
45.289;-1.832255;-0.9431883;;
45.291;-1.832362;-0.9431515;;
45.293;-1.832388;-0.9431428;;
45.293;-1.832389;-0.9431422;;
45.294;-1.832393;-0.943141;;
45.295;-1.832395;-0.9431401;;
45.296;-1.832395;-0.9431401;;
45.324;-1.850836;-0.9364333;;
45.325;-1.851063;-0.9363506;;
45.327;-1.85114;-0.9363227;;
45.328;-1.851156;-0.9363167;;
45.329;-1.851168;-0.9363125;;
45.33;-1.853536;-0.9354197;;
45.357;-1.865125;-0.9309576;;
45.358;-1.865205;-0.930927;;
45.359;-1.865222;-0.9309205;;
45.362;-1.86523;-0.9309174;;
45.363;-1.865232;-0.9309165;;
45.363;-1.865232;-0.9309165;;
45.392;-1.882632;-0.9238975;;
45.393;-1.88283;-0.9238176;;
45.395;-1.882902;-0.9237887;;
45.396;-1.886314;-0.9223658;;
45.397;-1.886833;-0.9221493;;
45.398;-1.886967;-0.9220936;;
45.398;-1.887012;-0.9220745;;
45.4183467;;;-0.0844974186559933;-0.391396874587731
45.188;-1.78224;-0.959343;;
45.19;-1.782339;-0.9593145;;
45.191;-1.782346;-0.9593126;;
45.191;-1.782347;-0.9593122;;
45.193;-1.782351;-0.9593111;;
45.222;-1.7935;-0.9559592;;
45.222;-1.7935;-0.9559592;;
45.225;-1.799129;-0.9542127;;
45.226;-1.799129;-0.9542127;;
45.226;-1.799129;-0.9542127;;
45.227;-1.799129;-0.9542127;;
45.228;-1.799129;-0.9542127;;
45.229;-1.805504;-0.9521821;;
45.255;-1.815683;-0.948864;;
45.257;-1.815751;-0.9488418;;
45.259;-1.815772;-0.9488351;;
45.26;-1.815779;-0.9488328;;
45.289;-1.832255;-0.9431883;;
45.291;-1.832362;-0.9431515;;
45.293;-1.832388;-0.9431428;;
45.293;-1.832389;-0.9431422;;
45.294;-1.832393;-0.943141;;
45.295;-1.832395;-0.9431401;;
45.296;-1.832395;-0.9431401;;
45.324;-1.850836;-0.9364333;;
45.325;-1.851063;-0.9363506;;
45.327;-1.85114;-0.9363227;;
45.328;-1.851156;-0.9363167;;
45.329;-1.851168;-0.9363125;;
45.33;-1.853536;-0.9354197;;
45.357;-1.865125;-0.9309576;;
45.358;-1.865205;-0.930927;;
45.359;-1.865222;-0.9309205;;
45.362;-1.86523;-0.9309174;;
45.363;-1.865232;-0.9309165;;
45.363;-1.865232;-0.9309165;;
45.392;-1.882632;-0.9238975;;
45.393;-1.88283;-0.9238176;;
45.395;-1.882902;-0.9237887;;
45.396;-1.886314;-0.9223658;;
45.397;-1.886833;-0.9221493;;
45.398;-1.886967;-0.9220936;;
45.398;-1.887012;-0.9220745;;
45.427;-1.897736;-0.9174997;;
45.428;-1.897736;-0.9174997;;
45.431;-1.897736;-0.9174997;;
45.432;-1.897736;-0.9174997;;
45.432;-1.897736;-0.9174997;;
45.434;-1.897736;-0.9174997;;
45.46;-1.915868;-0.9094227;;
45.461;-1.916014;-0.9093579;;
45.464;-1.918828;-0.9080651;;
45.465;-1.919021;-0.9079766;;
45.465;-1.919049;-0.9079633;;
45.466;-1.919086;-0.9079467;;
45.4848628;;;-0.429819111810452;-0.407958673593859
45.255;-1.815683;-0.948864;;
45.257;-1.815751;-0.9488418;;
45.259;-1.815772;-0.9488351;;
45.26;-1.815779;-0.9488328;;
45.289;-1.832255;-0.9431883;;
45.291;-1.832362;-0.9431515;;
45.293;-1.832388;-0.9431428;;
45.293;-1.832389;-0.9431422;;
45.294;-1.832393;-0.943141;;
45.295;-1.832395;-0.9431401;;
45.296;-1.832395;-0.9431401;;
45.324;-1.850836;-0.9364333;;
45.325;-1.851063;-0.9363506;;
45.327;-1.85114;-0.9363227;;
45.328;-1.851156;-0.9363167;;
45.329;-1.851168;-0.9363125;;
45.33;-1.853536;-0.9354197;;
45.357;-1.865125;-0.9309576;;
45.358;-1.865205;-0.930927;;
45.359;-1.865222;-0.9309205;;
45.362;-1.86523;-0.9309174;;
45.363;-1.865232;-0.9309165;;
45.363;-1.865232;-0.9309165;;
45.392;-1.882632;-0.9238975;;
45.393;-1.88283;-0.9238176;;
45.395;-1.882902;-0.9237887;;
45.396;-1.886314;-0.9223658;;
45.397;-1.886833;-0.9221493;;
45.398;-1.886967;-0.9220936;;
45.398;-1.887012;-0.9220745;;
45.427;-1.897736;-0.9174997;;
45.428;-1.897736;-0.9174997;;
45.431;-1.897736;-0.9174997;;
45.432;-1.897736;-0.9174997;;
45.432;-1.897736;-0.9174997;;
45.434;-1.897736;-0.9174997;;
45.46;-1.915868;-0.9094227;;
45.461;-1.916014;-0.9093579;;
45.464;-1.918828;-0.9080651;;
45.465;-1.919021;-0.9079766;;
45.465;-1.919049;-0.9079633;;
45.466;-1.919086;-0.9079467;;
45.496;-1.929634;-0.9030024;;
45.496;-1.929653;-0.9029934;;
45.498;-1.929716;-0.9029641;;
45.5;-1.929721;-0.9029616;;
45.501;-1.929724;-0.9029605;;
45.502;-1.929724;-0.9029605;;
45.529;-1.947995;-0.8940361;;
45.53;-1.947995;-0.8940361;;
45.532;-1.950699;-0.8926759;;
45.534;-1.950699;-0.8926759;;
45.535;-1.950699;-0.8926759;;
45.536;-1.950699;-0.8926759;;
45.5443928;;;-0.939068571843429;-0.443825075033766
45.324;-1.850836;-0.9364333;;
45.325;-1.851063;-0.9363506;;
45.327;-1.85114;-0.9363227;;
45.328;-1.851156;-0.9363167;;
45.329;-1.851168;-0.9363125;;
45.33;-1.853536;-0.9354197;;
45.357;-1.865125;-0.9309576;;
45.358;-1.865205;-0.930927;;
45.359;-1.865222;-0.9309205;;
45.362;-1.86523;-0.9309174;;
45.363;-1.865232;-0.9309165;;
45.363;-1.865232;-0.9309165;;
45.392;-1.882632;-0.9238975;;
45.393;-1.88283;-0.9238176;;
45.395;-1.882902;-0.9237887;;
45.396;-1.886314;-0.9223658;;
45.397;-1.886833;-0.9221493;;
45.398;-1.886967;-0.9220936;;
45.398;-1.887012;-0.9220745;;
45.427;-1.897736;-0.9174997;;
45.428;-1.897736;-0.9174997;;
45.431;-1.897736;-0.9174997;;
45.432;-1.897736;-0.9174997;;
45.432;-1.897736;-0.9174997;;
45.434;-1.897736;-0.9174997;;
45.46;-1.915868;-0.9094227;;
45.461;-1.916014;-0.9093579;;
45.464;-1.918828;-0.9080651;;
45.465;-1.919021;-0.9079766;;
45.465;-1.919049;-0.9079633;;
45.466;-1.919086;-0.9079467;;
45.496;-1.929634;-0.9030024;;
45.496;-1.929653;-0.9029934;;
45.498;-1.929716;-0.9029641;;
45.5;-1.929721;-0.9029616;;
45.501;-1.929724;-0.9029605;;
45.502;-1.929724;-0.9029605;;
45.529;-1.947995;-0.8940361;;
45.53;-1.947995;-0.8940361;;
45.532;-1.950699;-0.8926759;;
45.534;-1.950699;-0.8926759;;
45.535;-1.950699;-0.8926759;;
45.536;-1.950699;-0.8926759;;
45.564;-1.956003;-0.8899785;;
45.565;-1.956003;-0.8899785;;
45.568;-1.960964;-0.8874129;;
45.569;-1.961787;-0.8869872;;
45.57;-1.962498;-0.8866196;;
45.571;-1.962607;-0.8865635;;
45.598;-1.973021;-0.8810505;;
45.599;-1.973099;-0.881009;;
45.602;-1.973116;-0.8810003;;
45.602;-1.973117;-0.8809994;;
45.603;-1.973117;-0.8809994;;
45.604;-1.973117;-0.8809994;;
45.6118764;;;-0.980061780042587;-0.481497905886181
45.392;-1.882632;-0.9238975;;
45.393;-1.88283;-0.9238176;;
45.395;-1.882902;-0.9237887;;
45.396;-1.886314;-0.9223658;;
45.397;-1.886833;-0.9221493;;
45.398;-1.886967;-0.9220936;;
45.398;-1.887012;-0.9220745;;
45.427;-1.897736;-0.9174997;;
45.428;-1.897736;-0.9174997;;
45.431;-1.897736;-0.9174997;;
45.432;-1.897736;-0.9174997;;
45.432;-1.897736;-0.9174997;;
45.434;-1.897736;-0.9174997;;
45.46;-1.915868;-0.9094227;;
45.461;-1.916014;-0.9093579;;
45.464;-1.918828;-0.9080651;;
45.465;-1.919021;-0.9079766;;
45.465;-1.919049;-0.9079633;;
45.466;-1.919086;-0.9079467;;
45.496;-1.929634;-0.9030024;;
45.496;-1.929653;-0.9029934;;
45.498;-1.929716;-0.9029641;;
45.5;-1.929721;-0.9029616;;
45.501;-1.929724;-0.9029605;;
45.502;-1.929724;-0.9029605;;
45.529;-1.947995;-0.8940361;;
45.53;-1.947995;-0.8940361;;
45.532;-1.950699;-0.8926759;;
45.534;-1.950699;-0.8926759;;
45.535;-1.950699;-0.8926759;;
45.536;-1.950699;-0.8926759;;
45.564;-1.956003;-0.8899785;;
45.565;-1.956003;-0.8899785;;
45.568;-1.960964;-0.8874129;;
45.569;-1.961787;-0.8869872;;
45.57;-1.962498;-0.8866196;;
45.571;-1.962607;-0.8865635;;
45.598;-1.973021;-0.8810505;;
45.599;-1.973099;-0.881009;;
45.602;-1.973116;-0.8810003;;
45.602;-1.973117;-0.8809994;;
45.603;-1.973117;-0.8809994;;
45.604;-1.973117;-0.8809994;;
45.631;-1.993151;-0.8699384;;
45.633;-1.993441;-0.8697782;;
45.635;-1.993504;-0.8697434;;
45.636;-1.993515;-0.8697374;;
45.637;-1.993517;-0.8697364;;
45.638;-1.993517;-0.8697363;;
45.666;-2.011962;-0.8590059;;
45.667;-2.012081;-0.8589365;;
45.669;-2.012123;-0.8589123;;
45.67;-2.012125;-0.8589106;;
45.671;-2.012128;-0.8589091;;
45.671;-2.012128;-0.858909;;
45.6859286;;;-0.945629962164783;-0.517984786943854
45.46;-1.915868;-0.9094227;;
45.461;-1.916014;-0.9093579;;
45.464;-1.918828;-0.9080651;;
45.465;-1.919021;-0.9079766;;
45.465;-1.919049;-0.9079633;;
45.466;-1.919086;-0.9079467;;
45.496;-1.929634;-0.9030024;;
45.496;-1.929653;-0.9029934;;
45.498;-1.929716;-0.9029641;;
45.5;-1.929721;-0.9029616;;
45.501;-1.929724;-0.9029605;;
45.502;-1.929724;-0.9029605;;
45.529;-1.947995;-0.8940361;;
45.53;-1.947995;-0.8940361;;
45.532;-1.950699;-0.8926759;;
45.534;-1.950699;-0.8926759;;
45.535;-1.950699;-0.8926759;;
45.536;-1.950699;-0.8926759;;
45.564;-1.956003;-0.8899785;;
45.565;-1.956003;-0.8899785;;
45.568;-1.960964;-0.8874129;;
45.569;-1.961787;-0.8869872;;
45.57;-1.962498;-0.8866196;;
45.571;-1.962607;-0.8865635;;
45.598;-1.973021;-0.8810505;;
45.599;-1.973099;-0.881009;;
45.602;-1.973116;-0.8810003;;
45.602;-1.973117;-0.8809994;;
45.603;-1.973117;-0.8809994;;
45.604;-1.973117;-0.8809994;;
45.631;-1.993151;-0.8699384;;
45.633;-1.993441;-0.8697782;;
45.635;-1.993504;-0.8697434;;
45.636;-1.993515;-0.8697374;;
45.637;-1.993517;-0.8697364;;
45.638;-1.993517;-0.8697363;;
45.666;-2.011962;-0.8590059;;
45.667;-2.012081;-0.8589365;;
45.669;-2.012123;-0.8589123;;
45.67;-2.012125;-0.8589106;;
45.671;-2.012128;-0.8589091;;
45.671;-2.012128;-0.858909;;
45.701;-2.022107;-0.8528793;;
45.702;-2.024593;-0.8513475;;
45.704;-2.026223;-0.8503437;;
45.706;-2.027138;-0.8497794;;
45.733;-2.041959;-0.8404052;;
45.735;-2.041959;-0.8404052;;
45.737;-2.041959;-0.8404052;;
45.739;-2.041959;-0.8404052;;
45.739;-2.041959;-0.8404052;;
45.739;-2.041959;-0.8404052;;
45.74;-2.041959;-0.8404052;;
45.741;-2.041959;-0.8404052;;
45.7645007;;;-0.9202962373643;-0.553126288653686
45.529;-1.947995;-0.8940361;;
45.53;-1.947995;-0.8940361;;
45.532;-1.950699;-0.8926759;;
45.534;-1.950699;-0.8926759;;
45.535;-1.950699;-0.8926759;;
45.536;-1.950699;-0.8926759;;
45.564;-1.956003;-0.8899785;;
45.565;-1.956003;-0.8899785;;
45.568;-1.960964;-0.8874129;;
45.569;-1.961787;-0.8869872;;
45.57;-1.962498;-0.8866196;;
45.571;-1.962607;-0.8865635;;
45.598;-1.973021;-0.8810505;;
45.599;-1.973099;-0.881009;;
45.602;-1.973116;-0.8810003;;
45.602;-1.973117;-0.8809994;;
45.603;-1.973117;-0.8809994;;
45.604;-1.973117;-0.8809994;;
45.631;-1.993151;-0.8699384;;
45.633;-1.993441;-0.8697782;;
45.635;-1.993504;-0.8697434;;
45.636;-1.993515;-0.8697374;;
45.637;-1.993517;-0.8697364;;
45.638;-1.993517;-0.8697363;;
45.666;-2.011962;-0.8590059;;
45.667;-2.012081;-0.8589365;;
45.669;-2.012123;-0.8589123;;
45.67;-2.012125;-0.8589106;;
45.671;-2.012128;-0.8589091;;
45.671;-2.012128;-0.858909;;
45.701;-2.022107;-0.8528793;;
45.702;-2.024593;-0.8513475;;
45.704;-2.026223;-0.8503437;;
45.706;-2.027138;-0.8497794;;
45.733;-2.041959;-0.8404052;;
45.735;-2.041959;-0.8404052;;
45.737;-2.041959;-0.8404052;;
45.739;-2.041959;-0.8404052;;
45.739;-2.041959;-0.8404052;;
45.739;-2.041959;-0.8404052;;
45.74;-2.041959;-0.8404052;;
45.741;-2.041959;-0.8404052;;
45.768;-2.056529;-0.8308264;;
45.769;-2.056534;-0.8308231;;
45.772;-2.056655;-0.8307437;;
45.774;-2.056661;-0.8307394;;
45.775;-2.056663;-0.8307384;;
45.776;-2.056665;-0.8307371;;
45.801;-2.072563;-0.8198581;;
45.803;-2.072705;-0.8197616;;
45.805;-2.072719;-0.8197515;;
45.806;-2.072722;-0.8197499;;
45.806;-2.072722;-0.8197499;;
45.807;-2.072722;-0.8197499;;
45.8318849;;;-0.933387305212693;-0.588509998150738
45.598;-1.973021;-0.8810505;;
45.599;-1.973099;-0.881009;;
45.602;-1.973116;-0.8810003;;
45.602;-1.973117;-0.8809994;;
45.603;-1.973117;-0.8809994;;
45.604;-1.973117;-0.8809994;;
45.631;-1.993151;-0.8699384;;
45.633;-1.993441;-0.8697782;;
45.635;-1.993504;-0.8697434;;
45.636;-1.993515;-0.8697374;;
45.637;-1.993517;-0.8697364;;
45.638;-1.993517;-0.8697363;;
45.666;-2.011962;-0.8590059;;
45.667;-2.012081;-0.8589365;;
45.669;-2.012123;-0.8589123;;
45.67;-2.012125;-0.8589106;;
45.671;-2.012128;-0.8589091;;
45.671;-2.012128;-0.858909;;
45.701;-2.022107;-0.8528793;;
45.702;-2.024593;-0.8513475;;
45.704;-2.026223;-0.8503437;;
45.706;-2.027138;-0.8497794;;
45.733;-2.041959;-0.8404052;;
45.735;-2.041959;-0.8404052;;
45.737;-2.041959;-0.8404052;;
45.739;-2.041959;-0.8404052;;
45.739;-2.041959;-0.8404052;;
45.739;-2.041959;-0.8404052;;
45.74;-2.041959;-0.8404052;;
45.741;-2.041959;-0.8404052;;
45.768;-2.056529;-0.8308264;;
45.769;-2.056534;-0.8308231;;
45.772;-2.056655;-0.8307437;;
45.774;-2.056661;-0.8307394;;
45.775;-2.056663;-0.8307384;;
45.776;-2.056665;-0.8307371;;
45.801;-2.072563;-0.8198581;;
45.803;-2.072705;-0.8197616;;
45.805;-2.072719;-0.8197515;;
45.806;-2.072722;-0.8197499;;
45.806;-2.072722;-0.8197499;;
45.807;-2.072722;-0.8197499;;
45.836;-2.085411;-0.8107358;;
45.836;-2.085521;-0.810657;;
45.838;-2.085521;-0.810657;;
45.839;-2.085521;-0.810657;;
45.841;-2.085521;-0.810657;;
45.842;-2.085521;-0.810657;;
45.872;-2.101423;-0.7989206;;
45.873;-2.101981;-0.7985086;;
45.875;-2.102079;-0.7984365;;
45.876;-2.10209;-0.7984279;;
45.877;-2.103989;-0.7969919;;
45.879;-2.104272;-0.7967779;;
45.881;-2.104342;-0.7967246;;
45.883;-2.104363;-0.7967092;;
45.8910498;;;-0.975946609771986;-0.608420931460504
45.666;-2.011962;-0.8590059;;
45.667;-2.012081;-0.8589365;;
45.669;-2.012123;-0.8589123;;
45.67;-2.012125;-0.8589106;;
45.671;-2.012128;-0.8589091;;
45.671;-2.012128;-0.858909;;
45.701;-2.022107;-0.8528793;;
45.702;-2.024593;-0.8513475;;
45.704;-2.026223;-0.8503437;;
45.706;-2.027138;-0.8497794;;
45.733;-2.041959;-0.8404052;;
45.735;-2.041959;-0.8404052;;
45.737;-2.041959;-0.8404052;;
45.739;-2.041959;-0.8404052;;
45.739;-2.041959;-0.8404052;;
45.739;-2.041959;-0.8404052;;
45.74;-2.041959;-0.8404052;;
45.741;-2.041959;-0.8404052;;
45.768;-2.056529;-0.8308264;;
45.769;-2.056534;-0.8308231;;
45.772;-2.056655;-0.8307437;;
45.774;-2.056661;-0.8307394;;
45.775;-2.056663;-0.8307384;;
45.776;-2.056665;-0.8307371;;
45.801;-2.072563;-0.8198581;;
45.803;-2.072705;-0.8197616;;
45.805;-2.072719;-0.8197515;;
45.806;-2.072722;-0.8197499;;
45.806;-2.072722;-0.8197499;;
45.807;-2.072722;-0.8197499;;
45.836;-2.085411;-0.8107358;;
45.836;-2.085521;-0.810657;;
45.838;-2.085521;-0.810657;;
45.839;-2.085521;-0.810657;;
45.841;-2.085521;-0.810657;;
45.842;-2.085521;-0.810657;;
45.872;-2.101423;-0.7989206;;
45.873;-2.101981;-0.7985086;;
45.875;-2.102079;-0.7984365;;
45.876;-2.10209;-0.7984279;;
45.877;-2.103989;-0.7969919;;
45.879;-2.104272;-0.7967779;;
45.881;-2.104342;-0.7967246;;
45.883;-2.104363;-0.7967092;;
45.904;-2.108942;-0.7932142;;
45.907;-2.109035;-0.7931429;;
45.909;-2.10905;-0.7931318;;
45.91;-2.109053;-0.7931297;;
45.938;-2.124087;-0.7813526;;
45.939;-2.1242;-0.7812644;;
45.94;-2.124215;-0.7812521;;
45.942;-2.124218;-0.7812501;;
45.943;-2.124219;-0.7812495;;
45.945;-2.12422;-0.7812489;;
45.946;-2.12422;-0.7812489;;
45.9577301;;;-0.976178759305697;-0.621961428300849
45.733;-2.041959;-0.8404052;;
45.735;-2.041959;-0.8404052;;
45.737;-2.041959;-0.8404052;;
45.739;-2.041959;-0.8404052;;
45.739;-2.041959;-0.8404052;;
45.739;-2.041959;-0.8404052;;
45.74;-2.041959;-0.8404052;;
45.741;-2.041959;-0.8404052;;
45.768;-2.056529;-0.8308264;;
45.769;-2.056534;-0.8308231;;
45.772;-2.056655;-0.8307437;;
45.774;-2.056661;-0.8307394;;
45.775;-2.056663;-0.8307384;;
45.776;-2.056665;-0.8307371;;
45.801;-2.072563;-0.8198581;;
45.803;-2.072705;-0.8197616;;
45.805;-2.072719;-0.8197515;;
45.806;-2.072722;-0.8197499;;
45.806;-2.072722;-0.8197499;;
45.807;-2.072722;-0.8197499;;
45.836;-2.085411;-0.8107358;;
45.836;-2.085521;-0.810657;;
45.838;-2.085521;-0.810657;;
45.839;-2.085521;-0.810657;;
45.841;-2.085521;-0.810657;;
45.842;-2.085521;-0.810657;;
45.872;-2.101423;-0.7989206;;
45.873;-2.101981;-0.7985086;;
45.875;-2.102079;-0.7984365;;
45.876;-2.10209;-0.7984279;;
45.877;-2.103989;-0.7969919;;
45.879;-2.104272;-0.7967779;;
45.881;-2.104342;-0.7967246;;
45.883;-2.104363;-0.7967092;;
45.904;-2.108942;-0.7932142;;
45.907;-2.109035;-0.7931429;;
45.909;-2.10905;-0.7931318;;
45.91;-2.109053;-0.7931297;;
45.938;-2.124087;-0.7813526;;
45.939;-2.1242;-0.7812644;;
45.94;-2.124215;-0.7812521;;
45.942;-2.124218;-0.7812501;;
45.943;-2.124219;-0.7812495;;
45.945;-2.12422;-0.7812489;;
45.946;-2.12422;-0.7812489;;
45.972;-2.133231;-0.7739622;;
45.975;-2.13331;-0.7738984;;
45.976;-2.133314;-0.7738947;;
45.977;-2.138835;-0.7693226;;
45.978;-2.142271;-0.7664776;;
46.007;-2.154347;-0.7561944;;
46.008;-2.154347;-0.7561944;;
46.01;-2.157879;-0.7531207;;
46.012;-2.158394;-0.7526724;;
46.014;-2.158584;-0.7525068;;
46.015;-2.1586;-0.7524929;;
46.016;-2.158605;-0.7524892;;
46.016;-2.158605;-0.7524886;;
46.0324959;;;-0.954373839275859;-0.633307535949955
45.801;-2.072563;-0.8198581;;
45.803;-2.072705;-0.8197616;;
45.805;-2.072719;-0.8197515;;
45.806;-2.072722;-0.8197499;;
45.806;-2.072722;-0.8197499;;
45.807;-2.072722;-0.8197499;;
45.836;-2.085411;-0.8107358;;
45.836;-2.085521;-0.810657;;
45.838;-2.085521;-0.810657;;
45.839;-2.085521;-0.810657;;
45.841;-2.085521;-0.810657;;
45.842;-2.085521;-0.810657;;
45.872;-2.101423;-0.7989206;;
45.873;-2.101981;-0.7985086;;
45.875;-2.102079;-0.7984365;;
45.876;-2.10209;-0.7984279;;
45.877;-2.103989;-0.7969919;;
45.879;-2.104272;-0.7967779;;
45.881;-2.104342;-0.7967246;;
45.883;-2.104363;-0.7967092;;
45.904;-2.108942;-0.7932142;;
45.907;-2.109035;-0.7931429;;
45.909;-2.10905;-0.7931318;;
45.91;-2.109053;-0.7931297;;
45.938;-2.124087;-0.7813526;;
45.939;-2.1242;-0.7812644;;
45.94;-2.124215;-0.7812521;;
45.942;-2.124218;-0.7812501;;
45.943;-2.124219;-0.7812495;;
45.945;-2.12422;-0.7812489;;
45.946;-2.12422;-0.7812489;;
45.972;-2.133231;-0.7739622;;
45.975;-2.13331;-0.7738984;;
45.976;-2.133314;-0.7738947;;
45.977;-2.138835;-0.7693226;;
45.978;-2.142271;-0.7664776;;
46.007;-2.154347;-0.7561944;;
46.008;-2.154347;-0.7561944;;
46.01;-2.157879;-0.7531207;;
46.012;-2.158394;-0.7526724;;
46.014;-2.158584;-0.7525068;;
46.015;-2.1586;-0.7524929;;
46.016;-2.158605;-0.7524892;;
46.016;-2.158605;-0.7524886;;
46.042;-2.167368;-0.7447273;;
46.043;-2.167438;-0.7446654;;
46.044;-2.167449;-0.7446553;;
46.046;-2.167451;-0.7446538;;
46.047;-2.167451;-0.7446535;;
46.049;-2.167451;-0.7446533;;
46.075;-2.18223;-0.7311347;;
46.076;-2.182341;-0.7310331;;
46.077;-2.182369;-0.7310082;;
46.079;-2.182372;-0.731005;;
46.08;-2.182373;-0.7310042;;
46.081;-2.18466;-0.7288628;;
46.1021841;;;-0.90657756383182;-0.655122450732501
45.872;-2.101423;-0.7989206;;
45.873;-2.101981;-0.7985086;;
45.875;-2.102079;-0.7984365;;
45.876;-2.10209;-0.7984279;;
45.877;-2.103989;-0.7969919;;
45.879;-2.104272;-0.7967779;;
45.881;-2.104342;-0.7967246;;
45.883;-2.104363;-0.7967092;;
45.904;-2.108942;-0.7932142;;
45.907;-2.109035;-0.7931429;;
45.909;-2.10905;-0.7931318;;
45.91;-2.109053;-0.7931297;;
45.938;-2.124087;-0.7813526;;
45.939;-2.1242;-0.7812644;;
45.94;-2.124215;-0.7812521;;
45.942;-2.124218;-0.7812501;;
45.943;-2.124219;-0.7812495;;
45.945;-2.12422;-0.7812489;;
45.946;-2.12422;-0.7812489;;
45.972;-2.133231;-0.7739622;;
45.975;-2.13331;-0.7738984;;
45.976;-2.133314;-0.7738947;;
45.977;-2.138835;-0.7693226;;
45.978;-2.142271;-0.7664776;;
46.007;-2.154347;-0.7561944;;
46.008;-2.154347;-0.7561944;;
46.01;-2.157879;-0.7531207;;
46.012;-2.158394;-0.7526724;;
46.014;-2.158584;-0.7525068;;
46.015;-2.1586;-0.7524929;;
46.016;-2.158605;-0.7524892;;
46.016;-2.158605;-0.7524886;;
46.042;-2.167368;-0.7447273;;
46.043;-2.167438;-0.7446654;;
46.044;-2.167449;-0.7446553;;
46.046;-2.167451;-0.7446538;;
46.047;-2.167451;-0.7446535;;
46.049;-2.167451;-0.7446533;;
46.075;-2.18223;-0.7311347;;
46.076;-2.182341;-0.7310331;;
46.077;-2.182369;-0.7310082;;
46.079;-2.182372;-0.731005;;
46.08;-2.182373;-0.7310042;;
46.081;-2.18466;-0.7288628;;
46.109;-2.190307;-0.7235166;;
46.11;-2.190307;-0.7235166;;
46.113;-2.190307;-0.7235166;;
46.114;-2.190307;-0.7235166;;
46.115;-2.190307;-0.7235166;;
46.116;-2.190307;-0.7235166;;
46.145;-2.198506;-0.7156042;;
46.146;-2.198506;-0.7156042;;
46.148;-2.204787;-0.7094008;;
46.149;-2.206506;-0.7077033;;
46.15;-2.206757;-0.7074551;;
46.151;-2.206835;-0.7073783;;
46.1666052;;;-0.867790321835704;-0.675050173445482
45.938;-2.124087;-0.7813526;;
45.939;-2.1242;-0.7812644;;
45.94;-2.124215;-0.7812521;;
45.942;-2.124218;-0.7812501;;
45.943;-2.124219;-0.7812495;;
45.945;-2.12422;-0.7812489;;
45.946;-2.12422;-0.7812489;;
45.972;-2.133231;-0.7739622;;
45.975;-2.13331;-0.7738984;;
45.976;-2.133314;-0.7738947;;
45.977;-2.138835;-0.7693226;;
45.978;-2.142271;-0.7664776;;
46.007;-2.154347;-0.7561944;;
46.008;-2.154347;-0.7561944;;
46.01;-2.157879;-0.7531207;;
46.012;-2.158394;-0.7526724;;
46.014;-2.158584;-0.7525068;;
46.015;-2.1586;-0.7524929;;
46.016;-2.158605;-0.7524892;;
46.016;-2.158605;-0.7524886;;
46.042;-2.167368;-0.7447273;;
46.043;-2.167438;-0.7446654;;
46.044;-2.167449;-0.7446553;;
46.046;-2.167451;-0.7446538;;
46.047;-2.167451;-0.7446535;;
46.049;-2.167451;-0.7446533;;
46.075;-2.18223;-0.7311347;;
46.076;-2.182341;-0.7310331;;
46.077;-2.182369;-0.7310082;;
46.079;-2.182372;-0.731005;;
46.08;-2.182373;-0.7310042;;
46.081;-2.18466;-0.7288628;;
46.109;-2.190307;-0.7235166;;
46.11;-2.190307;-0.7235166;;
46.113;-2.190307;-0.7235166;;
46.114;-2.190307;-0.7235166;;
46.115;-2.190307;-0.7235166;;
46.116;-2.190307;-0.7235166;;
46.145;-2.198506;-0.7156042;;
46.146;-2.198506;-0.7156042;;
46.148;-2.204787;-0.7094008;;
46.149;-2.206506;-0.7077033;;
46.15;-2.206757;-0.7074551;;
46.151;-2.206835;-0.7073783;;
46.177;-2.215234;-0.6988854;;
46.179;-2.215234;-0.6988854;;
46.18;-2.215234;-0.6988854;;
46.181;-2.215234;-0.6988854;;
46.182;-2.215234;-0.6988854;;
46.183;-2.215234;-0.6988854;;
46.211;-2.231137;-0.6822268;;
46.212;-2.233458;-0.679732;;
46.215;-2.234004;-0.6791453;;
46.216;-2.234041;-0.6791053;;
46.216;-2.234047;-0.6790985;;
46.217;-2.234052;-0.6790931;;
46.2398978;;;-0.890504887525868;-0.679011769317488
46.015;-2.1586;-0.7524929;;
46.016;-2.158605;-0.7524892;;
46.016;-2.158605;-0.7524886;;
46.042;-2.167368;-0.7447273;;
46.043;-2.167438;-0.7446654;;
46.044;-2.167449;-0.7446553;;
46.046;-2.167451;-0.7446538;;
46.047;-2.167451;-0.7446535;;
46.049;-2.167451;-0.7446533;;
46.075;-2.18223;-0.7311347;;
46.076;-2.182341;-0.7310331;;
46.077;-2.182369;-0.7310082;;
46.079;-2.182372;-0.731005;;
46.08;-2.182373;-0.7310042;;
46.081;-2.18466;-0.7288628;;
46.109;-2.190307;-0.7235166;;
46.11;-2.190307;-0.7235166;;
46.113;-2.190307;-0.7235166;;
46.114;-2.190307;-0.7235166;;
46.115;-2.190307;-0.7235166;;
46.116;-2.190307;-0.7235166;;
46.145;-2.198506;-0.7156042;;
46.146;-2.198506;-0.7156042;;
46.148;-2.204787;-0.7094008;;
46.149;-2.206506;-0.7077033;;
46.15;-2.206757;-0.7074551;;
46.151;-2.206835;-0.7073783;;
46.177;-2.215234;-0.6988854;;
46.179;-2.215234;-0.6988854;;
46.18;-2.215234;-0.6988854;;
46.181;-2.215234;-0.6988854;;
46.182;-2.215234;-0.6988854;;
46.183;-2.215234;-0.6988854;;
46.211;-2.231137;-0.6822268;;
46.212;-2.233458;-0.679732;;
46.215;-2.234004;-0.6791453;;
46.216;-2.234041;-0.6791053;;
46.216;-2.234047;-0.6790985;;
46.217;-2.234052;-0.6790931;;
46.246;-2.241901;-0.6705072;;
46.247;-2.242002;-0.6703972;;
46.249;-2.24203;-0.6703664;;
46.25;-2.242038;-0.6703584;;
46.251;-2.242038;-0.6703584;;
46.251;-2.242038;-0.6703584;;
46.281;-2.257509;-0.6528243;;
46.281;-2.257509;-0.6528243;;
46.284;-2.257509;-0.6528243;;
46.285;-2.257509;-0.6528243;;
46.286;-2.257509;-0.6528243;;
46.287;-2.257509;-0.6528243;;
46.313;-2.261252;-0.6484563;;
46.314;-2.26128;-0.6484237;;
46.3156028;;;-0.937129773036131;-0.679504309928769
46.109;-2.190307;-0.7235166;;
46.11;-2.190307;-0.7235166;;
46.113;-2.190307;-0.7235166;;
46.114;-2.190307;-0.7235166;;
46.115;-2.190307;-0.7235166;;
46.116;-2.190307;-0.7235166;;
46.145;-2.198506;-0.7156042;;
46.146;-2.198506;-0.7156042;;
46.148;-2.204787;-0.7094008;;
46.149;-2.206506;-0.7077033;;
46.15;-2.206757;-0.7074551;;
46.151;-2.206835;-0.7073783;;
46.177;-2.215234;-0.6988854;;
46.179;-2.215234;-0.6988854;;
46.18;-2.215234;-0.6988854;;
46.181;-2.215234;-0.6988854;;
46.182;-2.215234;-0.6988854;;
46.183;-2.215234;-0.6988854;;
46.211;-2.231137;-0.6822268;;
46.212;-2.233458;-0.679732;;
46.215;-2.234004;-0.6791453;;
46.216;-2.234041;-0.6791053;;
46.216;-2.234047;-0.6790985;;
46.217;-2.234052;-0.6790931;;
46.246;-2.241901;-0.6705072;;
46.247;-2.242002;-0.6703972;;
46.249;-2.24203;-0.6703664;;
46.25;-2.242038;-0.6703584;;
46.251;-2.242038;-0.6703584;;
46.251;-2.242038;-0.6703584;;
46.281;-2.257509;-0.6528243;;
46.281;-2.257509;-0.6528243;;
46.284;-2.257509;-0.6528243;;
46.285;-2.257509;-0.6528243;;
46.286;-2.257509;-0.6528243;;
46.287;-2.257509;-0.6528243;;
46.313;-2.261252;-0.6484563;;
46.314;-2.26128;-0.6484237;;
46.316;-2.265589;-0.6433252;;
46.317;-2.264979;-0.6440474;;
46.318;-2.265109;-0.6438938;;
46.319;-2.266007;-0.6428309;;
46.346;-2.273665;-0.6335937;;
46.348;-2.273719;-0.6335286;;
46.35;-2.273729;-0.6335165;;
46.35;-2.27373;-0.6335153;;
46.351;-2.273733;-0.6335121;;
46.352;-2.273735;-0.6335098;;
46.381;-2.288119;-0.6155197;;
46.382;-2.288189;-0.615431;;
46.384;-2.288228;-0.6153827;;
46.386;-2.288243;-0.6153639;;
46.387;-2.288244;-0.6153623;;
46.387;-2.288244;-0.6153622;;
46.3903035;;;-0.932895922265816;-0.682801329167018
46.177;-2.215234;-0.6988854;;
46.179;-2.215234;-0.6988854;;
46.18;-2.215234;-0.6988854;;
46.181;-2.215234;-0.6988854;;
46.182;-2.215234;-0.6988854;;
46.183;-2.215234;-0.6988854;;
46.211;-2.231137;-0.6822268;;
46.212;-2.233458;-0.679732;;
46.215;-2.234004;-0.6791453;;
46.216;-2.234041;-0.6791053;;
46.216;-2.234047;-0.6790985;;
46.217;-2.234052;-0.6790931;;
46.246;-2.241901;-0.6705072;;
46.247;-2.242002;-0.6703972;;
46.249;-2.24203;-0.6703664;;
46.25;-2.242038;-0.6703584;;
46.251;-2.242038;-0.6703584;;
46.251;-2.242038;-0.6703584;;
46.281;-2.257509;-0.6528243;;
46.281;-2.257509;-0.6528243;;
46.284;-2.257509;-0.6528243;;
46.285;-2.257509;-0.6528243;;
46.286;-2.257509;-0.6528243;;
46.287;-2.257509;-0.6528243;;
46.313;-2.261252;-0.6484563;;
46.314;-2.26128;-0.6484237;;
46.316;-2.265589;-0.6433252;;
46.317;-2.264979;-0.6440474;;
46.318;-2.265109;-0.6438938;;
46.319;-2.266007;-0.6428309;;
46.346;-2.273665;-0.6335937;;
46.348;-2.273719;-0.6335286;;
46.35;-2.273729;-0.6335165;;
46.35;-2.27373;-0.6335153;;
46.351;-2.273733;-0.6335121;;
46.352;-2.273735;-0.6335098;;
46.381;-2.288119;-0.6155197;;
46.382;-2.288189;-0.615431;;
46.384;-2.288228;-0.6153827;;
46.386;-2.288243;-0.6153639;;
46.387;-2.288244;-0.6153623;;
46.387;-2.288244;-0.6153622;;
46.414;-2.303323;-0.5955386;;
46.416;-2.303444;-0.5953799;;
46.418;-2.30346;-0.5953588;;
46.418;-2.303462;-0.5953556;;
46.419;-2.303462;-0.5953556;;
46.419;-2.303462;-0.5953556;;
46.447;-2.311728;-0.5840356;;
46.448;-2.311728;-0.5840356;;
46.449;-2.311728;-0.5840356;;
46.451;-2.311728;-0.5840356;;
46.453;-2.311728;-0.5840356;;
46.453;-2.311728;-0.5840356;;
46.4680317;;;-0.946747123057967;-0.689894966704318
46.246;-2.241901;-0.6705072;;
46.247;-2.242002;-0.6703972;;
46.249;-2.24203;-0.6703664;;
46.25;-2.242038;-0.6703584;;
46.251;-2.242038;-0.6703584;;
46.251;-2.242038;-0.6703584;;
46.281;-2.257509;-0.6528243;;
46.281;-2.257509;-0.6528243;;
46.284;-2.257509;-0.6528243;;
46.285;-2.257509;-0.6528243;;
46.286;-2.257509;-0.6528243;;
46.287;-2.257509;-0.6528243;;
46.313;-2.261252;-0.6484563;;
46.314;-2.26128;-0.6484237;;
46.316;-2.265589;-0.6433252;;
46.317;-2.264979;-0.6440474;;
46.318;-2.265109;-0.6438938;;
46.319;-2.266007;-0.6428309;;
46.346;-2.273665;-0.6335937;;
46.348;-2.273719;-0.6335286;;
46.35;-2.273729;-0.6335165;;
46.35;-2.27373;-0.6335153;;
46.351;-2.273733;-0.6335121;;
46.352;-2.273735;-0.6335098;;
46.381;-2.288119;-0.6155197;;
46.382;-2.288189;-0.615431;;
46.384;-2.288228;-0.6153827;;
46.386;-2.288243;-0.6153639;;
46.387;-2.288244;-0.6153623;;
46.387;-2.288244;-0.6153622;;
46.414;-2.303323;-0.5955386;;
46.416;-2.303444;-0.5953799;;
46.418;-2.30346;-0.5953588;;
46.418;-2.303462;-0.5953556;;
46.419;-2.303462;-0.5953556;;
46.419;-2.303462;-0.5953556;;
46.447;-2.311728;-0.5840356;;
46.448;-2.311728;-0.5840356;;
46.449;-2.311728;-0.5840356;;
46.451;-2.311728;-0.5840356;;
46.453;-2.311728;-0.5840356;;
46.453;-2.311728;-0.5840356;;
46.482;-2.318422;-0.5746166;;
46.483;-2.318452;-0.5745738;;
46.484;-2.31847;-0.5745488;;
46.485;-2.318479;-0.5745369;;
46.486;-2.31848;-0.574535;;
46.487;-2.321286;-0.5705119;;
46.517;-2.331619;-0.5553437;;
46.518;-2.331674;-0.5552638;;
46.52;-2.331698;-0.5552279;;
46.521;-2.331702;-0.5552219;;
46.521;-2.331703;-0.5552203;;
46.522;-2.331706;-0.5552159;;
46.5353668;;;-0.958484221854224;-0.703357087529232
46.313;-2.261252;-0.6484563;;
46.314;-2.26128;-0.6484237;;
46.316;-2.265589;-0.6433252;;
46.317;-2.264979;-0.6440474;;
46.318;-2.265109;-0.6438938;;
46.319;-2.266007;-0.6428309;;
46.346;-2.273665;-0.6335937;;
46.348;-2.273719;-0.6335286;;
46.35;-2.273729;-0.6335165;;
46.35;-2.27373;-0.6335153;;
46.351;-2.273733;-0.6335121;;
46.352;-2.273735;-0.6335098;;
46.381;-2.288119;-0.6155197;;
46.382;-2.288189;-0.615431;;
46.384;-2.288228;-0.6153827;;
46.386;-2.288243;-0.6153639;;
46.387;-2.288244;-0.6153623;;
46.387;-2.288244;-0.6153622;;
46.414;-2.303323;-0.5955386;;
46.416;-2.303444;-0.5953799;;
46.418;-2.30346;-0.5953588;;
46.418;-2.303462;-0.5953556;;
46.419;-2.303462;-0.5953556;;
46.419;-2.303462;-0.5953556;;
46.447;-2.311728;-0.5840356;;
46.448;-2.311728;-0.5840356;;
46.449;-2.311728;-0.5840356;;
46.451;-2.311728;-0.5840356;;
46.453;-2.311728;-0.5840356;;
46.453;-2.311728;-0.5840356;;
46.482;-2.318422;-0.5746166;;
46.483;-2.318452;-0.5745738;;
46.484;-2.31847;-0.5745488;;
46.485;-2.318479;-0.5745369;;
46.486;-2.31848;-0.574535;;
46.487;-2.321286;-0.5705119;;
46.517;-2.331619;-0.5553437;;
46.518;-2.331674;-0.5552638;;
46.52;-2.331698;-0.5552279;;
46.521;-2.331702;-0.5552219;;
46.521;-2.331703;-0.5552203;;
46.522;-2.331706;-0.5552159;;
46.55;-2.338168;-0.5454122;;
46.551;-2.338168;-0.5454122;;
46.554;-2.340528;-0.5417625;;
46.556;-2.341232;-0.540673;;
46.557;-2.341309;-0.5405539;;
46.557;-2.341338;-0.5405096;;
46.583;-2.3504;-0.5261288;;
46.584;-2.350557;-0.5258796;;
46.586;-2.350622;-0.5257763;;
46.587;-2.350644;-0.5257412;;
46.588;-2.350648;-0.5257357;;
46.589;-2.350649;-0.5257337;;
46.6024629;;;-0.989419599232948;-0.731441149702643
46.381;-2.288119;-0.6155197;;
46.382;-2.288189;-0.615431;;
46.384;-2.288228;-0.6153827;;
46.386;-2.288243;-0.6153639;;
46.387;-2.288244;-0.6153623;;
46.387;-2.288244;-0.6153622;;
46.414;-2.303323;-0.5955386;;
46.416;-2.303444;-0.5953799;;
46.418;-2.30346;-0.5953588;;
46.418;-2.303462;-0.5953556;;
46.419;-2.303462;-0.5953556;;
46.419;-2.303462;-0.5953556;;
46.447;-2.311728;-0.5840356;;
46.448;-2.311728;-0.5840356;;
46.449;-2.311728;-0.5840356;;
46.451;-2.311728;-0.5840356;;
46.453;-2.311728;-0.5840356;;
46.453;-2.311728;-0.5840356;;
46.482;-2.318422;-0.5746166;;
46.483;-2.318452;-0.5745738;;
46.484;-2.31847;-0.5745488;;
46.485;-2.318479;-0.5745369;;
46.486;-2.31848;-0.574535;;
46.487;-2.321286;-0.5705119;;
46.517;-2.331619;-0.5553437;;
46.518;-2.331674;-0.5552638;;
46.52;-2.331698;-0.5552279;;
46.521;-2.331702;-0.5552219;;
46.521;-2.331703;-0.5552203;;
46.522;-2.331706;-0.5552159;;
46.55;-2.338168;-0.5454122;;
46.551;-2.338168;-0.5454122;;
46.554;-2.340528;-0.5417625;;
46.556;-2.341232;-0.540673;;
46.557;-2.341309;-0.5405539;;
46.557;-2.341338;-0.5405096;;
46.583;-2.3504;-0.5261288;;
46.584;-2.350557;-0.5258796;;
46.586;-2.350622;-0.5257763;;
46.587;-2.350644;-0.5257412;;
46.588;-2.350648;-0.5257357;;
46.589;-2.350649;-0.5257337;;
46.617;-2.356748;-0.5157346;;
46.617;-2.356748;-0.5157346;;
46.62;-2.356748;-0.5157346;;
46.622;-2.356748;-0.5157346;;
46.623;-2.356748;-0.5157346;;
46.624;-2.356748;-0.5157346;;
46.651;-2.368584;-0.4955427;;
46.651;-2.368584;-0.4955427;;
46.654;-2.368584;-0.4955427;;
46.655;-2.368584;-0.4955427;;
46.656;-2.368584;-0.4955427;;
46.657;-2.368584;-0.4955427;;
46.6838527;;;-0.989144402399384;-0.740885026044376
46.482;-2.318422;-0.5746166;;
46.483;-2.318452;-0.5745738;;
46.484;-2.31847;-0.5745488;;
46.485;-2.318479;-0.5745369;;
46.486;-2.31848;-0.574535;;
46.487;-2.321286;-0.5705119;;
46.517;-2.331619;-0.5553437;;
46.518;-2.331674;-0.5552638;;
46.52;-2.331698;-0.5552279;;
46.521;-2.331702;-0.5552219;;
46.521;-2.331703;-0.5552203;;
46.522;-2.331706;-0.5552159;;
46.55;-2.338168;-0.5454122;;
46.551;-2.338168;-0.5454122;;
46.554;-2.340528;-0.5417625;;
46.556;-2.341232;-0.540673;;
46.557;-2.341309;-0.5405539;;
46.557;-2.341338;-0.5405096;;
46.583;-2.3504;-0.5261288;;
46.584;-2.350557;-0.5258796;;
46.586;-2.350622;-0.5257763;;
46.587;-2.350644;-0.5257412;;
46.588;-2.350648;-0.5257357;;
46.589;-2.350649;-0.5257337;;
46.617;-2.356748;-0.5157346;;
46.617;-2.356748;-0.5157346;;
46.62;-2.356748;-0.5157346;;
46.622;-2.356748;-0.5157346;;
46.623;-2.356748;-0.5157346;;
46.624;-2.356748;-0.5157346;;
46.651;-2.368584;-0.4955427;;
46.651;-2.368584;-0.4955427;;
46.654;-2.368584;-0.4955427;;
46.655;-2.368584;-0.4955427;;
46.656;-2.368584;-0.4955427;;
46.657;-2.368584;-0.4955427;;
46.685;-2.375153;-0.4838459;;
46.686;-2.375096;-0.4839474;;
46.687;-2.374943;-0.4842197;;
46.69;-2.375099;-0.4839427;;
46.69;-2.375113;-0.4839166;;
46.692;-2.375148;-0.4838553;;
46.719;-2.380751;-0.4735776;;
46.72;-2.380777;-0.4735309;;
46.722;-2.380795;-0.4734964;;
46.722;-2.380804;-0.4734812;;
46.723;-2.380804;-0.4734812;;
46.724;-2.380804;-0.4734812;;
46.753;-2.391526;-0.4529644;;
46.754;-2.391594;-0.4528341;;
46.756;-2.391616;-0.4527914;;
46.757;-2.391619;-0.4527867;;
46.757;-2.391619;-0.452786;;
46.758;-2.39162;-0.4527852;;
46.759432;;;-0.990046401212527;-0.763069363309405
46.55;-2.338168;-0.5454122;;
46.551;-2.338168;-0.5454122;;
46.554;-2.340528;-0.5417625;;
46.556;-2.341232;-0.540673;;
46.557;-2.341309;-0.5405539;;
46.557;-2.341338;-0.5405096;;
46.583;-2.3504;-0.5261288;;
46.584;-2.350557;-0.5258796;;
46.586;-2.350622;-0.5257763;;
46.587;-2.350644;-0.5257412;;
46.588;-2.350648;-0.5257357;;
46.589;-2.350649;-0.5257337;;
46.617;-2.356748;-0.5157346;;
46.617;-2.356748;-0.5157346;;
46.62;-2.356748;-0.5157346;;
46.622;-2.356748;-0.5157346;;
46.623;-2.356748;-0.5157346;;
46.624;-2.356748;-0.5157346;;
46.651;-2.368584;-0.4955427;;
46.651;-2.368584;-0.4955427;;
46.654;-2.368584;-0.4955427;;
46.655;-2.368584;-0.4955427;;
46.656;-2.368584;-0.4955427;;
46.657;-2.368584;-0.4955427;;
46.685;-2.375153;-0.4838459;;
46.686;-2.375096;-0.4839474;;
46.687;-2.374943;-0.4842197;;
46.69;-2.375099;-0.4839427;;
46.69;-2.375113;-0.4839166;;
46.692;-2.375148;-0.4838553;;
46.719;-2.380751;-0.4735776;;
46.72;-2.380777;-0.4735309;;
46.722;-2.380795;-0.4734964;;
46.722;-2.380804;-0.4734812;;
46.723;-2.380804;-0.4734812;;
46.724;-2.380804;-0.4734812;;
46.753;-2.391526;-0.4529644;;
46.754;-2.391594;-0.4528341;;
46.756;-2.391616;-0.4527914;;
46.757;-2.391619;-0.4527867;;
46.757;-2.391619;-0.452786;;
46.758;-2.39162;-0.4527852;;
46.787;-2.402698;-0.4302686;;
46.788;-2.402761;-0.4301415;;
46.789;-2.402786;-0.4300899;;
46.791;-2.402792;-0.4300764;;
46.792;-2.403775;-0.428008;;
46.793;-2.403775;-0.428008;;
46.821;-2.408681;-0.4174916;;
46.822;-2.408681;-0.4174916;;
46.825;-2.408681;-0.4174916;;
46.826;-2.410711;-0.4130377;;
46.827;-2.411056;-0.4122811;;
46.828;-2.411108;-0.412166;;
46.8370064;;;-0.993680788428142;-0.803389418498728
46.617;-2.356748;-0.5157346;;
46.617;-2.356748;-0.5157346;;
46.62;-2.356748;-0.5157346;;
46.622;-2.356748;-0.5157346;;
46.623;-2.356748;-0.5157346;;
46.624;-2.356748;-0.5157346;;
46.651;-2.368584;-0.4955427;;
46.651;-2.368584;-0.4955427;;
46.654;-2.368584;-0.4955427;;
46.655;-2.368584;-0.4955427;;
46.656;-2.368584;-0.4955427;;
46.657;-2.368584;-0.4955427;;
46.685;-2.375153;-0.4838459;;
46.686;-2.375096;-0.4839474;;
46.687;-2.374943;-0.4842197;;
46.69;-2.375099;-0.4839427;;
46.69;-2.375113;-0.4839166;;
46.692;-2.375148;-0.4838553;;
46.719;-2.380751;-0.4735776;;
46.72;-2.380777;-0.4735309;;
46.722;-2.380795;-0.4734964;;
46.722;-2.380804;-0.4734812;;
46.723;-2.380804;-0.4734812;;
46.724;-2.380804;-0.4734812;;
46.753;-2.391526;-0.4529644;;
46.754;-2.391594;-0.4528341;;
46.756;-2.391616;-0.4527914;;
46.757;-2.391619;-0.4527867;;
46.757;-2.391619;-0.452786;;
46.758;-2.39162;-0.4527852;;
46.787;-2.402698;-0.4302686;;
46.788;-2.402761;-0.4301415;;
46.789;-2.402786;-0.4300899;;
46.791;-2.402792;-0.4300764;;
46.792;-2.403775;-0.428008;;
46.793;-2.403775;-0.428008;;
46.821;-2.408681;-0.4174916;;
46.822;-2.408681;-0.4174916;;
46.825;-2.408681;-0.4174916;;
46.826;-2.410711;-0.4130377;;
46.827;-2.411056;-0.4122811;;
46.828;-2.411108;-0.412166;;
46.855;-2.413545;-0.406738;;
46.856;-2.415317;-0.4027267;;
46.857;-2.415738;-0.401774;;
46.857;-2.41581;-0.4016108;;
46.86;-2.415863;-0.40149;;
46.861;-2.417838;-0.3969261;;
46.888;-2.422645;-0.3856412;;
46.89;-2.422781;-0.3853243;;
46.893;-2.42451;-0.3811488;;
46.894;-2.424914;-0.3801745;;
46.895;-2.424978;-0.3800214;;
46.895;-2.425002;-0.3799628;;
46.9038664;;;-0.990938857888839;-0.839739422559633
46.685;-2.375153;-0.4838459;;
46.686;-2.375096;-0.4839474;;
46.687;-2.374943;-0.4842197;;
46.69;-2.375099;-0.4839427;;
46.69;-2.375113;-0.4839166;;
46.692;-2.375148;-0.4838553;;
46.719;-2.380751;-0.4735776;;
46.72;-2.380777;-0.4735309;;
46.722;-2.380795;-0.4734964;;
46.722;-2.380804;-0.4734812;;
46.723;-2.380804;-0.4734812;;
46.724;-2.380804;-0.4734812;;
46.753;-2.391526;-0.4529644;;
46.754;-2.391594;-0.4528341;;
46.756;-2.391616;-0.4527914;;
46.757;-2.391619;-0.4527867;;
46.757;-2.391619;-0.452786;;
46.758;-2.39162;-0.4527852;;
46.787;-2.402698;-0.4302686;;
46.788;-2.402761;-0.4301415;;
46.789;-2.402786;-0.4300899;;
46.791;-2.402792;-0.4300764;;
46.792;-2.403775;-0.428008;;
46.793;-2.403775;-0.428008;;
46.821;-2.408681;-0.4174916;;
46.822;-2.408681;-0.4174916;;
46.825;-2.408681;-0.4174916;;
46.826;-2.410711;-0.4130377;;
46.827;-2.411056;-0.4122811;;
46.828;-2.411108;-0.412166;;
46.855;-2.413545;-0.406738;;
46.856;-2.415317;-0.4027267;;
46.857;-2.415738;-0.401774;;
46.857;-2.41581;-0.4016108;;
46.86;-2.415863;-0.40149;;
46.861;-2.417838;-0.3969261;;
46.888;-2.422645;-0.3856412;;
46.89;-2.422781;-0.3853243;;
46.893;-2.42451;-0.3811488;;
46.894;-2.424914;-0.3801745;;
46.895;-2.424978;-0.3800214;;
46.895;-2.425002;-0.3799628;;
46.922;-2.429394;-0.3690892;;
46.924;-2.429394;-0.3690892;;
46.924;-2.429394;-0.3690892;;
46.926;-2.43185;-0.3628183;;
46.928;-2.432516;-0.3611168;;
46.93;-2.432817;-0.3603506;;
46.957;-2.435712;-0.3527633;;
46.958;-2.435732;-0.3527113;;
46.959;-2.435738;-0.3526972;;
46.959;-2.43574;-0.3526919;;
46.961;-2.437083;-0.3490971;;
46.962;-2.437493;-0.3479989;;
46.963;-2.437631;-0.3476285;;
46.9709596;;;-0.949206596421448;-0.84628327500321
46.753;-2.391526;-0.4529644;;
46.754;-2.391594;-0.4528341;;
46.756;-2.391616;-0.4527914;;
46.757;-2.391619;-0.4527867;;
46.757;-2.391619;-0.452786;;
46.758;-2.39162;-0.4527852;;
46.787;-2.402698;-0.4302686;;
46.788;-2.402761;-0.4301415;;
46.789;-2.402786;-0.4300899;;
46.791;-2.402792;-0.4300764;;
46.792;-2.403775;-0.428008;;
46.793;-2.403775;-0.428008;;
46.821;-2.408681;-0.4174916;;
46.822;-2.408681;-0.4174916;;
46.825;-2.408681;-0.4174916;;
46.826;-2.410711;-0.4130377;;
46.827;-2.411056;-0.4122811;;
46.828;-2.411108;-0.412166;;
46.855;-2.413545;-0.406738;;
46.856;-2.415317;-0.4027267;;
46.857;-2.415738;-0.401774;;
46.857;-2.41581;-0.4016108;;
46.86;-2.415863;-0.40149;;
46.861;-2.417838;-0.3969261;;
46.888;-2.422645;-0.3856412;;
46.89;-2.422781;-0.3853243;;
46.893;-2.42451;-0.3811488;;
46.894;-2.424914;-0.3801745;;
46.895;-2.424978;-0.3800214;;
46.895;-2.425002;-0.3799628;;
46.922;-2.429394;-0.3690892;;
46.924;-2.429394;-0.3690892;;
46.924;-2.429394;-0.3690892;;
46.926;-2.43185;-0.3628183;;
46.928;-2.432516;-0.3611168;;
46.93;-2.432817;-0.3603506;;
46.957;-2.435712;-0.3527633;;
46.958;-2.435732;-0.3527113;;
46.959;-2.435738;-0.3526972;;
46.959;-2.43574;-0.3526919;;
46.961;-2.437083;-0.3490971;;
46.962;-2.437493;-0.3479989;;
46.963;-2.437631;-0.3476285;;
46.991;-2.439836;-0.3416245;;
46.992;-2.439853;-0.34158;;
46.994;-2.439855;-0.3415726;;
46.995;-2.439856;-0.3415711;;
46.996;-2.439856;-0.34157;;
47.024;-2.447528;-0.3196718;;
47.025;-2.447528;-0.3196718;;
47.027;-2.447528;-0.3196718;;
47.029;-2.447528;-0.3196718;;
47.029;-2.447528;-0.3196718;;
47.0304548;;;-0.888402193557076;-0.843101119445437
46.821;-2.408681;-0.4174916;;
46.822;-2.408681;-0.4174916;;
46.825;-2.408681;-0.4174916;;
46.826;-2.410711;-0.4130377;;
46.827;-2.411056;-0.4122811;;
46.828;-2.411108;-0.412166;;
46.855;-2.413545;-0.406738;;
46.856;-2.415317;-0.4027267;;
46.857;-2.415738;-0.401774;;
46.857;-2.41581;-0.4016108;;
46.86;-2.415863;-0.40149;;
46.861;-2.417838;-0.3969261;;
46.888;-2.422645;-0.3856412;;
46.89;-2.422781;-0.3853243;;
46.893;-2.42451;-0.3811488;;
46.894;-2.424914;-0.3801745;;
46.895;-2.424978;-0.3800214;;
46.895;-2.425002;-0.3799628;;
46.922;-2.429394;-0.3690892;;
46.924;-2.429394;-0.3690892;;
46.924;-2.429394;-0.3690892;;
46.926;-2.43185;-0.3628183;;
46.928;-2.432516;-0.3611168;;
46.93;-2.432817;-0.3603506;;
46.957;-2.435712;-0.3527633;;
46.958;-2.435732;-0.3527113;;
46.959;-2.435738;-0.3526972;;
46.959;-2.43574;-0.3526919;;
46.961;-2.437083;-0.3490971;;
46.962;-2.437493;-0.3479989;;
46.963;-2.437631;-0.3476285;;
46.991;-2.439836;-0.3416245;;
46.992;-2.439853;-0.34158;;
46.994;-2.439855;-0.3415726;;
46.995;-2.439856;-0.3415711;;
46.996;-2.439856;-0.34157;;
47.024;-2.447528;-0.3196718;;
47.025;-2.447528;-0.3196718;;
47.027;-2.447528;-0.3196718;;
47.029;-2.447528;-0.3196718;;
47.029;-2.447528;-0.3196718;;
47.03;-2.449394;-0.3140893;;
47.031;-2.449394;-0.3140893;;
47.058;-2.451664;-0.3071336;;
47.06;-2.451744;-0.3068913;;
47.061;-2.451766;-0.3068246;;
47.062;-2.451769;-0.3068147;;
47.063;-2.45177;-0.3068116;;
47.092;-2.455237;-0.2958392;;
47.094;-2.455263;-0.2957574;;
47.095;-2.455266;-0.2957481;;
47.096;-2.455266;-0.295746;;
47.097;-2.455267;-0.295745;;
47.116431;;;-0.866050822492343;-0.858787371138731
46.888;-2.422645;-0.3856412;;
46.89;-2.422781;-0.3853243;;
46.893;-2.42451;-0.3811488;;
46.894;-2.424914;-0.3801745;;
46.895;-2.424978;-0.3800214;;
46.895;-2.425002;-0.3799628;;
46.922;-2.429394;-0.3690892;;
46.924;-2.429394;-0.3690892;;
46.924;-2.429394;-0.3690892;;
46.926;-2.43185;-0.3628183;;
46.928;-2.432516;-0.3611168;;
46.93;-2.432817;-0.3603506;;
46.957;-2.435712;-0.3527633;;
46.958;-2.435732;-0.3527113;;
46.959;-2.435738;-0.3526972;;
46.959;-2.43574;-0.3526919;;
46.961;-2.437083;-0.3490971;;
46.962;-2.437493;-0.3479989;;
46.963;-2.437631;-0.3476285;;
46.991;-2.439836;-0.3416245;;
46.992;-2.439853;-0.34158;;
46.994;-2.439855;-0.3415726;;
46.995;-2.439856;-0.3415711;;
46.996;-2.439856;-0.34157;;
47.024;-2.447528;-0.3196718;;
47.025;-2.447528;-0.3196718;;
47.027;-2.447528;-0.3196718;;
47.029;-2.447528;-0.3196718;;
47.029;-2.447528;-0.3196718;;
47.03;-2.449394;-0.3140893;;
47.031;-2.449394;-0.3140893;;
47.058;-2.451664;-0.3071336;;
47.06;-2.451744;-0.3068913;;
47.061;-2.451766;-0.3068246;;
47.062;-2.451769;-0.3068147;;
47.063;-2.45177;-0.3068116;;
47.092;-2.455237;-0.2958392;;
47.094;-2.455263;-0.2957574;;
47.095;-2.455266;-0.2957481;;
47.096;-2.455266;-0.295746;;
47.097;-2.455267;-0.295745;;
47.126;-2.461877;-0.2734722;;
47.127;-2.461919;-0.273331;;
47.128;-2.461929;-0.2732983;;
47.13;-2.461933;-0.2732864;;
47.131;-2.461933;-0.2732839;;
47.132;-2.461934;-0.2732812;;
47.161;-2.469022;-0.2469628;;
47.162;-2.469072;-0.2467763;;
47.163;-2.46908;-0.2467469;;
47.1824887;;;-0.896026584259763;-0.889704063644145
46.957;-2.435712;-0.3527633;;
46.958;-2.435732;-0.3527113;;
46.959;-2.435738;-0.3526972;;
46.959;-2.43574;-0.3526919;;
46.961;-2.437083;-0.3490971;;
46.962;-2.437493;-0.3479989;;
46.963;-2.437631;-0.3476285;;
46.991;-2.439836;-0.3416245;;
46.992;-2.439853;-0.34158;;
46.994;-2.439855;-0.3415726;;
46.995;-2.439856;-0.3415711;;
46.996;-2.439856;-0.34157;;
47.024;-2.447528;-0.3196718;;
47.025;-2.447528;-0.3196718;;
47.027;-2.447528;-0.3196718;;
47.029;-2.447528;-0.3196718;;
47.029;-2.447528;-0.3196718;;
47.03;-2.449394;-0.3140893;;
47.031;-2.449394;-0.3140893;;
47.058;-2.451664;-0.3071336;;
47.06;-2.451744;-0.3068913;;
47.061;-2.451766;-0.3068246;;
47.062;-2.451769;-0.3068147;;
47.063;-2.45177;-0.3068116;;
47.092;-2.455237;-0.2958392;;
47.094;-2.455263;-0.2957574;;
47.095;-2.455266;-0.2957481;;
47.096;-2.455266;-0.295746;;
47.097;-2.455267;-0.295745;;
47.126;-2.461877;-0.2734722;;
47.127;-2.461919;-0.273331;;
47.128;-2.461929;-0.2732983;;
47.13;-2.461933;-0.2732864;;
47.131;-2.461933;-0.2732839;;
47.132;-2.461934;-0.2732812;;
47.161;-2.469022;-0.2469628;;
47.162;-2.469072;-0.2467763;;
47.163;-2.46908;-0.2467469;;
47.194;-2.47189;-0.2354321;;
47.195;-2.471905;-0.2353708;;
47.197;-2.471912;-0.2353457;;
47.229;-2.477033;-0.2130686;;
47.231;-2.477089;-0.2128265;;
47.232;-2.477113;-0.2127189;;
47.233;-2.477113;-0.2127189;;
47.2504393;;;-0.973040925972665;-0.923878813925556
47.024;-2.447528;-0.3196718;;
47.025;-2.447528;-0.3196718;;
47.027;-2.447528;-0.3196718;;
47.029;-2.447528;-0.3196718;;
47.029;-2.447528;-0.3196718;;
47.03;-2.449394;-0.3140893;;
47.031;-2.449394;-0.3140893;;
47.058;-2.451664;-0.3071336;;
47.06;-2.451744;-0.3068913;;
47.061;-2.451766;-0.3068246;;
47.062;-2.451769;-0.3068147;;
47.063;-2.45177;-0.3068116;;
47.092;-2.455237;-0.2958392;;
47.094;-2.455263;-0.2957574;;
47.095;-2.455266;-0.2957481;;
47.096;-2.455266;-0.295746;;
47.097;-2.455267;-0.295745;;
47.126;-2.461877;-0.2734722;;
47.127;-2.461919;-0.273331;;
47.128;-2.461929;-0.2732983;;
47.13;-2.461933;-0.2732864;;
47.131;-2.461933;-0.2732839;;
47.132;-2.461934;-0.2732812;;
47.161;-2.469022;-0.2469628;;
47.162;-2.469072;-0.2467763;;
47.163;-2.46908;-0.2467469;;
47.194;-2.47189;-0.2354321;;
47.195;-2.471905;-0.2353708;;
47.197;-2.471912;-0.2353457;;
47.229;-2.477033;-0.2130686;;
47.231;-2.477089;-0.2128265;;
47.232;-2.477113;-0.2127189;;
47.233;-2.477113;-0.2127189;;
47.263;-2.479542;-0.201239;;
47.264;-2.480528;-0.1963662;;
47.266;-2.480662;-0.195705;;
47.297;-2.483969;-0.1783315;;
47.299;-2.483989;-0.1782265;;
47.3286463;;;-0.981631585061762;-0.945102370589068
47.126;-2.461877;-0.2734722;;
47.127;-2.461919;-0.273331;;
47.128;-2.461929;-0.2732983;;
47.13;-2.461933;-0.2732864;;
47.131;-2.461933;-0.2732839;;
47.132;-2.461934;-0.2732812;;
47.161;-2.469022;-0.2469628;;
47.162;-2.469072;-0.2467763;;
47.163;-2.46908;-0.2467469;;
47.194;-2.47189;-0.2354321;;
47.195;-2.471905;-0.2353708;;
47.197;-2.471912;-0.2353457;;
47.229;-2.477033;-0.2130686;;
47.231;-2.477089;-0.2128265;;
47.232;-2.477113;-0.2127189;;
47.233;-2.477113;-0.2127189;;
47.263;-2.479542;-0.201239;;
47.264;-2.480528;-0.1963662;;
47.266;-2.480662;-0.195705;;
47.297;-2.483969;-0.1783315;;
47.299;-2.483989;-0.1782265;;
47.331;-2.486953;-0.1610005;;
47.333;-2.48697;-0.1609025;;
47.335;-2.486975;-0.1608745;;
47.365;-2.489597;-0.1438516;;
47.367;-2.48963;-0.1436372;;
47.368;-2.489637;-0.14359;;
47.369;-2.489639;-0.1435783;;
47.369;-2.48964;-0.1435724;;
47.399;-2.491982;-0.1263746;;
47.4;-2.491997;-0.1262569;;
47.409;-2.492001;-0.1262327;;
47.4094636;;;-0.973385918069365;-0.946422268520835
47.194;-2.47189;-0.2354321;;
47.195;-2.471905;-0.2353708;;
47.197;-2.471912;-0.2353457;;
47.229;-2.477033;-0.2130686;;
47.231;-2.477089;-0.2128265;;
47.232;-2.477113;-0.2127189;;
47.233;-2.477113;-0.2127189;;
47.263;-2.479542;-0.201239;;
47.264;-2.480528;-0.1963662;;
47.266;-2.480662;-0.195705;;
47.297;-2.483969;-0.1783315;;
47.299;-2.483989;-0.1782265;;
47.331;-2.486953;-0.1610005;;
47.333;-2.48697;-0.1609025;;
47.335;-2.486975;-0.1608745;;
47.365;-2.489597;-0.1438516;;
47.367;-2.48963;-0.1436372;;
47.368;-2.489637;-0.14359;;
47.369;-2.489639;-0.1435783;;
47.369;-2.48964;-0.1435724;;
47.399;-2.491982;-0.1263746;;
47.4;-2.491997;-0.1262569;;
47.409;-2.492001;-0.1262327;;
47.409;-2.492333;-0.1235623;;
47.41;-2.492535;-0.1219305;;
47.433;-2.494129;-0.1081881;;
47.434;-2.494151;-0.1079979;;
47.435;-2.494151;-0.1079979;;
47.436;-2.494151;-0.1079979;;
47.437;-2.494151;-0.1079979;;
47.437;-2.494151;-0.1079979;;
47.467;-2.495811;-0.09142321;;
47.468;-2.495818;-0.09134851;;
47.469;-2.495822;-0.09130684;;
47.472;-2.495825;-0.09128404;;
47.4848735;;;-0.951761743498962;-0.945333805576849
47.263;-2.479542;-0.201239;;
47.264;-2.480528;-0.1963662;;
47.266;-2.480662;-0.195705;;
47.297;-2.483969;-0.1783315;;
47.299;-2.483989;-0.1782265;;
47.331;-2.486953;-0.1610005;;
47.333;-2.48697;-0.1609025;;
47.335;-2.486975;-0.1608745;;
47.365;-2.489597;-0.1438516;;
47.367;-2.48963;-0.1436372;;
47.368;-2.489637;-0.14359;;
47.369;-2.489639;-0.1435783;;
47.369;-2.48964;-0.1435724;;
47.399;-2.491982;-0.1263746;;
47.4;-2.491997;-0.1262569;;
47.409;-2.492001;-0.1262327;;
47.409;-2.492333;-0.1235623;;
47.41;-2.492535;-0.1219305;;
47.433;-2.494129;-0.1081881;;
47.434;-2.494151;-0.1079979;;
47.435;-2.494151;-0.1079979;;
47.436;-2.494151;-0.1079979;;
47.437;-2.494151;-0.1079979;;
47.437;-2.494151;-0.1079979;;
47.467;-2.495811;-0.09142321;;
47.468;-2.495818;-0.09134851;;
47.469;-2.495822;-0.09130684;;
47.472;-2.495825;-0.09128404;;
47.501;-2.497255;-0.07401295;;
47.503;-2.497272;-0.07380632;;
47.505;-2.497277;-0.07373728;;
47.534;-2.498401;-0.05647309;;
47.536;-2.498418;-0.05621213;;
47.537;-2.49842;-0.05618019;;
47.5630263;;;-0.809015579590499;-0.940079406247069
47.365;-2.489597;-0.1438516;;
47.367;-2.48963;-0.1436372;;
47.368;-2.489637;-0.14359;;
47.369;-2.489639;-0.1435783;;
47.369;-2.48964;-0.1435724;;
47.399;-2.491982;-0.1263746;;
47.4;-2.491997;-0.1262569;;
47.409;-2.492001;-0.1262327;;
47.409;-2.492333;-0.1235623;;
47.41;-2.492535;-0.1219305;;
47.433;-2.494129;-0.1081881;;
47.434;-2.494151;-0.1079979;;
47.435;-2.494151;-0.1079979;;
47.436;-2.494151;-0.1079979;;
47.437;-2.494151;-0.1079979;;
47.437;-2.494151;-0.1079979;;
47.467;-2.495811;-0.09142321;;
47.468;-2.495818;-0.09134851;;
47.469;-2.495822;-0.09130684;;
47.472;-2.495825;-0.09128404;;
47.501;-2.497255;-0.07401295;;
47.503;-2.497272;-0.07380632;;
47.505;-2.497277;-0.07373728;;
47.534;-2.498401;-0.05647309;;
47.536;-2.498418;-0.05621213;;
47.537;-2.49842;-0.05618019;;
47.568;-2.49924;-0.03892602;;
47.57;-2.499249;-0.038739;;
47.573;-2.499252;-0.03867317;;
47.601;-2.499771;-0.02134739;;
47.602;-2.499775;-0.02119333;;
47.604;-2.499775;-0.02119333;;
47.605;-2.499775;-0.02119333;;
47.636;-2.499992;-0.003748363;;
47.637;-2.499993;-0.003674025;;
47.639;-2.499993;-0.003622835;;
47.6415639;;;-0.592806892371089;-0.927483662208868
47.409;-2.492001;-0.1262327;;
47.409;-2.492333;-0.1235623;;
47.41;-2.492535;-0.1219305;;
47.433;-2.494129;-0.1081881;;
47.434;-2.494151;-0.1079979;;
47.435;-2.494151;-0.1079979;;
47.436;-2.494151;-0.1079979;;
47.437;-2.494151;-0.1079979;;
47.437;-2.494151;-0.1079979;;
47.467;-2.495811;-0.09142321;;
47.468;-2.495818;-0.09134851;;
47.469;-2.495822;-0.09130684;;
47.472;-2.495825;-0.09128404;;
47.501;-2.497255;-0.07401295;;
47.503;-2.497272;-0.07380632;;
47.505;-2.497277;-0.07373728;;
47.534;-2.498401;-0.05647309;;
47.536;-2.498418;-0.05621213;;
47.537;-2.49842;-0.05618019;;
47.568;-2.49924;-0.03892602;;
47.57;-2.499249;-0.038739;;
47.573;-2.499252;-0.03867317;;
47.601;-2.499771;-0.02134739;;
47.602;-2.499775;-0.02119333;;
47.604;-2.499775;-0.02119333;;
47.605;-2.499775;-0.02119333;;
47.636;-2.499992;-0.003748363;;
47.637;-2.499993;-0.003674025;;
47.639;-2.499993;-0.003622835;;
47.669;-2.499885;0.01510666;;
47.671;-2.499884;0.01521714;;
47.674;-2.499829;0.01838239;;
47.703;-2.499505;0.03140306;;
47.705;-2.499501;0.03159064;;
47.707;-2.4995;0.03161792;;
47.7194843;;;-0.656956302080029;-0.91685170054992
47.501;-2.497255;-0.07401295;;
47.503;-2.497272;-0.07380632;;
47.505;-2.497277;-0.07373728;;
47.534;-2.498401;-0.05647309;;
47.536;-2.498418;-0.05621213;;
47.537;-2.49842;-0.05618019;;
47.568;-2.49924;-0.03892602;;
47.57;-2.499249;-0.038739;;
47.573;-2.499252;-0.03867317;;
47.601;-2.499771;-0.02134739;;
47.602;-2.499775;-0.02119333;;
47.604;-2.499775;-0.02119333;;
47.605;-2.499775;-0.02119333;;
47.636;-2.499992;-0.003748363;;
47.637;-2.499993;-0.003674025;;
47.639;-2.499993;-0.003622835;;
47.669;-2.499885;0.01510666;;
47.671;-2.499884;0.01521714;;
47.674;-2.499829;0.01838239;;
47.703;-2.499505;0.03140306;;
47.705;-2.499501;0.03159064;;
47.707;-2.4995;0.03161792;;
47.737;-2.4988;0.04896896;;
47.738;-2.4988;0.04896896;;
47.741;-2.4988;0.04896896;;
47.742;-2.498693;0.05103588;;
47.771;-2.497797;0.06630282;;
47.773;-2.497786;0.06650253;;
47.776;-2.497493;0.07072124;;
47.7976961;;;-0.527983975696786;-0.899622368470104
47.601;-2.499771;-0.02134739;;
47.602;-2.499775;-0.02119333;;
47.604;-2.499775;-0.02119333;;
47.605;-2.499775;-0.02119333;;
47.636;-2.499992;-0.003748363;;
47.637;-2.499993;-0.003674025;;
47.639;-2.499993;-0.003622835;;
47.669;-2.499885;0.01510666;;
47.671;-2.499884;0.01521714;;
47.674;-2.499829;0.01838239;;
47.703;-2.499505;0.03140306;;
47.705;-2.499501;0.03159064;;
47.707;-2.4995;0.03161792;;
47.737;-2.4988;0.04896896;;
47.738;-2.4988;0.04896896;;
47.741;-2.4988;0.04896896;;
47.742;-2.498693;0.05103588;;
47.771;-2.497797;0.06630282;;
47.773;-2.497786;0.06650253;;
47.776;-2.497493;0.07072124;;
47.804;-2.496456;0.08410773;;
47.806;-2.496449;0.08418895;;
47.81;-2.496082;0.08839624;;
47.839;-2.494857;0.1012728;;
47.841;-2.49484;0.1014482;;
47.843;-2.494478;0.1049003;;
47.844;-2.494396;0.1056903;;
47.846;-2.494244;0.1071397;;
47.873;-2.492939;0.1186056;;
47.881;-2.492906;0.1188999;;
47.882;-2.492903;0.1189284;;
47.8820182;;;-0.102900992004645;-0.866034762035449
47.669;-2.499885;0.01510666;;
47.671;-2.499884;0.01521714;;
47.674;-2.499829;0.01838239;;
47.703;-2.499505;0.03140306;;
47.705;-2.499501;0.03159064;;
47.707;-2.4995;0.03161792;;
47.737;-2.4988;0.04896896;;
47.738;-2.4988;0.04896896;;
47.741;-2.4988;0.04896896;;
47.742;-2.498693;0.05103588;;
47.771;-2.497797;0.06630282;;
47.773;-2.497786;0.06650253;;
47.776;-2.497493;0.07072124;;
47.804;-2.496456;0.08410773;;
47.806;-2.496449;0.08418895;;
47.81;-2.496082;0.08839624;;
47.839;-2.494857;0.1012728;;
47.841;-2.49484;0.1014482;;
47.843;-2.494478;0.1049003;;
47.844;-2.494396;0.1056903;;
47.846;-2.494244;0.1071397;;
47.873;-2.492939;0.1186056;;
47.881;-2.492906;0.1188999;;
47.882;-2.492903;0.1189284;;
47.884;-2.492286;0.1239504;;
47.907;-2.490193;0.1396882;;
47.908;-2.490173;0.1398466;;
47.908;-2.490169;0.1398732;;
47.909;-2.490166;0.1398951;;
47.911;-2.48995;0.1414135;;
47.913;-2.489881;0.1419008;;
47.94;-2.488173;0.1533338;;
47.942;-2.488131;0.1536101;;
47.944;-2.487301;0.1588482;;
47.946;-2.487238;0.1592477;;
47.947;-2.487222;0.1593477;;
47.948;-2.487205;0.1594574;;
47.9654533;;;-0.315107229484747;-0.84144758473579
47.737;-2.4988;0.04896896;;
47.738;-2.4988;0.04896896;;
47.741;-2.4988;0.04896896;;
47.742;-2.498693;0.05103588;;
47.771;-2.497797;0.06630282;;
47.773;-2.497786;0.06650253;;
47.776;-2.497493;0.07072124;;
47.804;-2.496456;0.08410773;;
47.806;-2.496449;0.08418895;;
47.81;-2.496082;0.08839624;;
47.839;-2.494857;0.1012728;;
47.841;-2.49484;0.1014482;;
47.843;-2.494478;0.1049003;;
47.844;-2.494396;0.1056903;;
47.846;-2.494244;0.1071397;;
47.873;-2.492939;0.1186056;;
47.881;-2.492906;0.1188999;;
47.882;-2.492903;0.1189284;;
47.884;-2.492286;0.1239504;;
47.907;-2.490193;0.1396882;;
47.908;-2.490173;0.1398466;;
47.908;-2.490169;0.1398732;;
47.909;-2.490166;0.1398951;;
47.911;-2.48995;0.1414135;;
47.913;-2.489881;0.1419008;;
47.94;-2.488173;0.1533338;;
47.942;-2.488131;0.1536101;;
47.944;-2.487301;0.1588482;;
47.946;-2.487238;0.1592477;;
47.947;-2.487222;0.1593477;;
47.948;-2.487205;0.1594574;;
47.974;-2.485285;0.1709175;;
47.975;-2.485285;0.1709175;;
47.977;-2.485285;0.1709175;;
47.98;-2.48448;0.1754816;;
47.981;-2.48437;0.1761048;;
47.982;-2.484277;0.1766278;;
48.009;-2.482137;0.1881641;;
48.011;-2.481455;0.1916699;;
48.013;-2.481157;0.1932025;;
48.015;-2.481029;0.1938618;;
48.015;-2.481019;0.1939119;;
48.016;-2.481011;0.1939536;;
48.042624;;;-0.301432107021347;-0.818172759473849
47.804;-2.496456;0.08410773;;
47.806;-2.496449;0.08418895;;
47.81;-2.496082;0.08839624;;
47.839;-2.494857;0.1012728;;
47.841;-2.49484;0.1014482;;
47.843;-2.494478;0.1049003;;
47.844;-2.494396;0.1056903;;
47.846;-2.494244;0.1071397;;
47.873;-2.492939;0.1186056;;
47.881;-2.492906;0.1188999;;
47.882;-2.492903;0.1189284;;
47.884;-2.492286;0.1239504;;
47.907;-2.490193;0.1396882;;
47.908;-2.490173;0.1398466;;
47.908;-2.490169;0.1398732;;
47.909;-2.490166;0.1398951;;
47.911;-2.48995;0.1414135;;
47.913;-2.489881;0.1419008;;
47.94;-2.488173;0.1533338;;
47.942;-2.488131;0.1536101;;
47.944;-2.487301;0.1588482;;
47.946;-2.487238;0.1592477;;
47.947;-2.487222;0.1593477;;
47.948;-2.487205;0.1594574;;
47.974;-2.485285;0.1709175;;
47.975;-2.485285;0.1709175;;
47.977;-2.485285;0.1709175;;
47.98;-2.48448;0.1754816;;
47.981;-2.48437;0.1761048;;
47.982;-2.484277;0.1766278;;
48.009;-2.482137;0.1881641;;
48.011;-2.481455;0.1916699;;
48.013;-2.481157;0.1932025;;
48.015;-2.481029;0.1938618;;
48.015;-2.481019;0.1939119;;
48.016;-2.481011;0.1939536;;
48.044;-2.477523;0.2108183;;
48.045;-2.477519;0.2108338;;
48.046;-2.477518;0.2108387;;
48.048;-2.477568;0.2105969;;
48.05;-2.477501;0.2109245;;
48.051;-2.477465;0.211094;;
48.076;-2.474192;0.2257156;;
48.077;-2.473705;0.2278087;;
48.078;-2.473634;0.228114;;
48.08;-2.473626;0.2281516;;
48.082;-2.473623;0.2281615;;
48.083;-2.473623;0.228164;;
48.1106385;;;-0.156067238726548;-0.790798794738882
47.873;-2.492939;0.1186056;;
47.881;-2.492906;0.1188999;;
47.882;-2.492903;0.1189284;;
47.884;-2.492286;0.1239504;;
47.907;-2.490193;0.1396882;;
47.908;-2.490173;0.1398466;;
47.908;-2.490169;0.1398732;;
47.909;-2.490166;0.1398951;;
47.911;-2.48995;0.1414135;;
47.913;-2.489881;0.1419008;;
47.94;-2.488173;0.1533338;;
47.942;-2.488131;0.1536101;;
47.944;-2.487301;0.1588482;;
47.946;-2.487238;0.1592477;;
47.947;-2.487222;0.1593477;;
47.948;-2.487205;0.1594574;;
47.974;-2.485285;0.1709175;;
47.975;-2.485285;0.1709175;;
47.977;-2.485285;0.1709175;;
47.98;-2.48448;0.1754816;;
47.981;-2.48437;0.1761048;;
47.982;-2.484277;0.1766278;;
48.009;-2.482137;0.1881641;;
48.011;-2.481455;0.1916699;;
48.013;-2.481157;0.1932025;;
48.015;-2.481029;0.1938618;;
48.015;-2.481019;0.1939119;;
48.016;-2.481011;0.1939536;;
48.044;-2.477523;0.2108183;;
48.045;-2.477519;0.2108338;;
48.046;-2.477518;0.2108387;;
48.048;-2.477568;0.2105969;;
48.05;-2.477501;0.2109245;;
48.051;-2.477465;0.211094;;
48.076;-2.474192;0.2257156;;
48.077;-2.473705;0.2278087;;
48.078;-2.473634;0.228114;;
48.08;-2.473626;0.2281516;;
48.082;-2.473623;0.2281615;;
48.083;-2.473623;0.228164;;
48.111;-2.469589;0.2447188;;
48.113;-2.469513;0.245029;;
48.115;-2.469458;0.2452564;;
48.117;-2.469448;0.2452944;;
48.117;-2.469447;0.2452997;;
48.119;-2.469445;0.2453094;;
48.145;-2.465027;0.2621516;;
48.146;-2.465027;0.2621516;;
48.148;-2.465027;0.2621516;;
48.149;-2.465027;0.2621516;;
48.15;-2.465027;0.2621516;;
48.15;-2.465027;0.2621516;;
48.1774545;;;-0.0346854062469161;-0.757882660843537
47.974;-2.485285;0.1709175;;
47.975;-2.485285;0.1709175;;
47.977;-2.485285;0.1709175;;
47.98;-2.48448;0.1754816;;
47.981;-2.48437;0.1761048;;
47.982;-2.484277;0.1766278;;
48.009;-2.482137;0.1881641;;
48.011;-2.481455;0.1916699;;
48.013;-2.481157;0.1932025;;
48.015;-2.481029;0.1938618;;
48.015;-2.481019;0.1939119;;
48.016;-2.481011;0.1939536;;
48.044;-2.477523;0.2108183;;
48.045;-2.477519;0.2108338;;
48.046;-2.477518;0.2108387;;
48.048;-2.477568;0.2105969;;
48.05;-2.477501;0.2109245;;
48.051;-2.477465;0.211094;;
48.076;-2.474192;0.2257156;;
48.077;-2.473705;0.2278087;;
48.078;-2.473634;0.228114;;
48.08;-2.473626;0.2281516;;
48.082;-2.473623;0.2281615;;
48.083;-2.473623;0.228164;;
48.111;-2.469589;0.2447188;;
48.113;-2.469513;0.245029;;
48.115;-2.469458;0.2452564;;
48.117;-2.469448;0.2452944;;
48.117;-2.469447;0.2452997;;
48.119;-2.469445;0.2453094;;
48.145;-2.465027;0.2621516;;
48.146;-2.465027;0.2621516;;
48.148;-2.465027;0.2621516;;
48.149;-2.465027;0.2621516;;
48.15;-2.465027;0.2621516;;
48.15;-2.465027;0.2621516;;
48.178;-2.460329;0.2788659;;
48.179;-2.460405;0.2785937;;
48.181;-2.460399;0.278614;;
48.182;-2.460286;0.2790169;;
48.182;-2.460286;0.2790169;;
48.183;-2.460286;0.2790169;;
48.213;-2.455236;0.2958414;;
48.215;-2.455198;0.2959689;;
48.216;-2.455195;0.2959784;;
48.217;-2.455194;0.2959818;;
48.217;-2.455193;0.2959826;;
48.218;-2.455193;0.2959834;;
48.246;-2.449907;0.3125278;;
48.247;-2.449868;0.3126504;;
48.249;-2.449861;0.3126715;;
48.25;-2.449861;0.3126731;;
48.251;-2.44986;0.3126745;;
48.251;-2.44986;0.3126745;;
48.252;-2.44986;0.3126745;;
48.252;-2.44986;0.3126745;;
48.2555041;;;-0.0574934237624508;-0.724050493563781
48.044;-2.477523;0.2108183;;
48.045;-2.477519;0.2108338;;
48.046;-2.477518;0.2108387;;
48.048;-2.477568;0.2105969;;
48.05;-2.477501;0.2109245;;
48.051;-2.477465;0.211094;;
48.076;-2.474192;0.2257156;;
48.077;-2.473705;0.2278087;;
48.078;-2.473634;0.228114;;
48.08;-2.473626;0.2281516;;
48.082;-2.473623;0.2281615;;
48.083;-2.473623;0.228164;;
48.111;-2.469589;0.2447188;;
48.113;-2.469513;0.245029;;
48.115;-2.469458;0.2452564;;
48.117;-2.469448;0.2452944;;
48.117;-2.469447;0.2452997;;
48.119;-2.469445;0.2453094;;
48.145;-2.465027;0.2621516;;
48.146;-2.465027;0.2621516;;
48.148;-2.465027;0.2621516;;
48.149;-2.465027;0.2621516;;
48.15;-2.465027;0.2621516;;
48.15;-2.465027;0.2621516;;
48.178;-2.460329;0.2788659;;
48.179;-2.460405;0.2785937;;
48.181;-2.460399;0.278614;;
48.182;-2.460286;0.2790169;;
48.182;-2.460286;0.2790169;;
48.183;-2.460286;0.2790169;;
48.213;-2.455236;0.2958414;;
48.215;-2.455198;0.2959689;;
48.216;-2.455195;0.2959784;;
48.217;-2.455194;0.2959818;;
48.217;-2.455193;0.2959826;;
48.218;-2.455193;0.2959834;;
48.246;-2.449907;0.3125278;;
48.247;-2.449868;0.3126504;;
48.249;-2.449861;0.3126715;;
48.25;-2.449861;0.3126731;;
48.251;-2.44986;0.3126745;;
48.251;-2.44986;0.3126745;;
48.252;-2.44986;0.3126745;;
48.252;-2.44986;0.3126745;;
48.28;-2.446138;0.3237634;;
48.281;-2.446138;0.3237634;;
48.313;-2.43854;0.3451465;;
48.315;-2.438345;0.3456954;;
48.317;-2.438314;0.3457842;;
48.318;-2.438307;0.3458029;;
48.319;-2.438306;0.3458061;;
48.32;-2.438306;0.3458066;;
48.32;-2.438306;0.3458067;;
48.321;-2.438306;0.3458067;;
48.322;-2.438306;0.3458067;;
48.32249;;;-0.0903062612688087;-0.691643198910049
48.111;-2.469589;0.2447188;;
48.113;-2.469513;0.245029;;
48.115;-2.469458;0.2452564;;
48.117;-2.469448;0.2452944;;
48.117;-2.469447;0.2452997;;
48.119;-2.469445;0.2453094;;
48.145;-2.465027;0.2621516;;
48.146;-2.465027;0.2621516;;
48.148;-2.465027;0.2621516;;
48.149;-2.465027;0.2621516;;
48.15;-2.465027;0.2621516;;
48.15;-2.465027;0.2621516;;
48.178;-2.460329;0.2788659;;
48.179;-2.460405;0.2785937;;
48.181;-2.460399;0.278614;;
48.182;-2.460286;0.2790169;;
48.182;-2.460286;0.2790169;;
48.183;-2.460286;0.2790169;;
48.213;-2.455236;0.2958414;;
48.215;-2.455198;0.2959689;;
48.216;-2.455195;0.2959784;;
48.217;-2.455194;0.2959818;;
48.217;-2.455193;0.2959826;;
48.218;-2.455193;0.2959834;;
48.246;-2.449907;0.3125278;;
48.247;-2.449868;0.3126504;;
48.249;-2.449861;0.3126715;;
48.25;-2.449861;0.3126731;;
48.251;-2.44986;0.3126745;;
48.251;-2.44986;0.3126745;;
48.252;-2.44986;0.3126745;;
48.252;-2.44986;0.3126745;;
48.28;-2.446138;0.3237634;;
48.281;-2.446138;0.3237634;;
48.313;-2.43854;0.3451465;;
48.315;-2.438345;0.3456954;;
48.317;-2.438314;0.3457842;;
48.318;-2.438307;0.3458029;;
48.319;-2.438306;0.3458061;;
48.32;-2.438306;0.3458066;;
48.32;-2.438306;0.3458067;;
48.321;-2.438306;0.3458067;;
48.322;-2.438306;0.3458067;;
48.322;-2.43627;0.3512828;;
48.348;-2.431027;0.3649502;;
48.35;-2.431027;0.3649502;;
48.351;-2.431027;0.3649502;;
48.352;-2.431027;0.3649502;;
48.353;-2.431027;0.3649502;;
48.382;-2.425604;0.3784932;;
48.384;-2.425604;0.3784932;;
48.385;-2.425604;0.3784932;;
48.385;-2.425604;0.3784932;;
48.386;-2.425604;0.3784932;;
48.387;-2.425604;0.3784932;;
48.387;-2.425604;0.3784932;;
48.4009681;;;-0.202663702524946;-0.663024605812625
48.178;-2.460329;0.2788659;;
48.179;-2.460405;0.2785937;;
48.181;-2.460399;0.278614;;
48.182;-2.460286;0.2790169;;
48.182;-2.460286;0.2790169;;
48.183;-2.460286;0.2790169;;
48.213;-2.455236;0.2958414;;
48.215;-2.455198;0.2959689;;
48.216;-2.455195;0.2959784;;
48.217;-2.455194;0.2959818;;
48.217;-2.455193;0.2959826;;
48.218;-2.455193;0.2959834;;
48.246;-2.449907;0.3125278;;
48.247;-2.449868;0.3126504;;
48.249;-2.449861;0.3126715;;
48.25;-2.449861;0.3126731;;
48.251;-2.44986;0.3126745;;
48.251;-2.44986;0.3126745;;
48.252;-2.44986;0.3126745;;
48.252;-2.44986;0.3126745;;
48.28;-2.446138;0.3237634;;
48.281;-2.446138;0.3237634;;
48.313;-2.43854;0.3451465;;
48.315;-2.438345;0.3456954;;
48.317;-2.438314;0.3457842;;
48.318;-2.438307;0.3458029;;
48.319;-2.438306;0.3458061;;
48.32;-2.438306;0.3458066;;
48.32;-2.438306;0.3458067;;
48.321;-2.438306;0.3458067;;
48.322;-2.438306;0.3458067;;
48.322;-2.43627;0.3512828;;
48.348;-2.431027;0.3649502;;
48.35;-2.431027;0.3649502;;
48.351;-2.431027;0.3649502;;
48.352;-2.431027;0.3649502;;
48.353;-2.431027;0.3649502;;
48.382;-2.425604;0.3784932;;
48.384;-2.425604;0.3784932;;
48.385;-2.425604;0.3784932;;
48.385;-2.425604;0.3784932;;
48.386;-2.425604;0.3784932;;
48.387;-2.425604;0.3784932;;
48.387;-2.425604;0.3784932;;
48.416;-2.421141;0.3892281;;
48.418;-2.421141;0.3892281;;
48.419;-2.421141;0.3892281;;
48.42;-2.421141;0.3892281;;
48.421;-2.421141;0.3892281;;
48.422;-2.418813;0.3946924;;
48.45;-2.411776;0.4106871;;
48.451;-2.411776;0.4106871;;
48.452;-2.411776;0.4106871;;
48.453;-2.411776;0.4106871;;
48.454;-2.411776;0.4106871;;
48.4679974;;;-0.292124239605081;-0.63739537572612
49.014987;;;0;-0.599340775755622
49.027;-2.246933;0.6648995;;
49.028;-2.246933;0.6648995;;
49.029;-2.246933;0.6648995;;
49.03;-2.246933;0.6648995;;
49.032;-2.246933;0.6648995;;
49.032;-2.246933;0.6648995;;
49.061;-2.235199;0.6778489;;
49.062;-2.235116;0.6779408;;
49.064;-2.235101;0.677958;;
49.066;-2.235099;0.6779593;;
49.094;-2.22352;0.6902981;;
49.096;-2.223207;0.6906319;;
49.096;-2.223207;0.6906319;;
49.098;-2.223207;0.6906319;;
49.1;-2.223207;0.6906319;;
49.1044186;;;-0.033540612935873;-0.562586783853179
49.027;-2.246933;0.6648995;;
49.028;-2.246933;0.6648995;;
49.029;-2.246933;0.6648995;;
49.03;-2.246933;0.6648995;;
49.032;-2.246933;0.6648995;;
49.032;-2.246933;0.6648995;;
49.061;-2.235199;0.6778489;;
49.062;-2.235116;0.6779408;;
49.064;-2.235101;0.677958;;
49.066;-2.235099;0.6779593;;
49.094;-2.22352;0.6902981;;
49.096;-2.223207;0.6906319;;
49.096;-2.223207;0.6906319;;
49.098;-2.223207;0.6906319;;
49.1;-2.223207;0.6906319;;
49.128;-2.211319;0.7028614;;
49.13;-2.210979;0.7032114;;
49.133;-2.210906;0.7032869;;
49.135;-2.210898;0.7032945;;
49.135;-2.210898;0.7032945;;
49.137;-2.210894;0.7032989;;
49.163;-2.198661;0.715449;;
49.166;-2.198464;0.7156445;;
49.168;-2.198435;0.7156733;;
49.169;-2.198426;0.7156823;;
49.17;-2.198426;0.7156823;;
49.17;-2.198426;0.7156823;;
49.1821343;;;-0.221082057548613;-0.533011232173798
49.027;-2.246933;0.6648995;;
49.028;-2.246933;0.6648995;;
49.029;-2.246933;0.6648995;;
49.03;-2.246933;0.6648995;;
49.032;-2.246933;0.6648995;;
49.032;-2.246933;0.6648995;;
49.061;-2.235199;0.6778489;;
49.062;-2.235116;0.6779408;;
49.064;-2.235101;0.677958;;
49.066;-2.235099;0.6779593;;
49.094;-2.22352;0.6902981;;
49.096;-2.223207;0.6906319;;
49.096;-2.223207;0.6906319;;
49.098;-2.223207;0.6906319;;
49.1;-2.223207;0.6906319;;
49.128;-2.211319;0.7028614;;
49.13;-2.210979;0.7032114;;
49.133;-2.210906;0.7032869;;
49.135;-2.210898;0.7032945;;
49.135;-2.210898;0.7032945;;
49.137;-2.210894;0.7032989;;
49.163;-2.198661;0.715449;;
49.166;-2.198464;0.7156445;;
49.168;-2.198435;0.7156733;;
49.169;-2.198426;0.7156823;;
49.17;-2.198426;0.7156823;;
49.17;-2.198426;0.7156823;;
49.197;-2.185719;0.7278658;;
49.198;-2.185719;0.7278658;;
49.2;-2.185719;0.7278658;;
49.202;-2.185719;0.7278658;;
49.204;-2.185719;0.7278658;;
49.205;-2.185719;0.7278658;;
49.231;-2.172842;0.7397867;;
49.232;-2.172842;0.7397867;;
49.234;-2.172842;0.7397867;;
49.236;-2.172842;0.7397867;;
49.236;-2.172842;0.7397867;;
49.237;-2.172842;0.7397867;;
49.2606696;;;-0.38238882731967;-0.509500002900395
49.061;-2.235199;0.6778489;;
49.062;-2.235116;0.6779408;;
49.064;-2.235101;0.677958;;
49.066;-2.235099;0.6779593;;
49.094;-2.22352;0.6902981;;
49.096;-2.223207;0.6906319;;
49.096;-2.223207;0.6906319;;
49.098;-2.223207;0.6906319;;
49.1;-2.223207;0.6906319;;
49.128;-2.211319;0.7028614;;
49.13;-2.210979;0.7032114;;
49.133;-2.210906;0.7032869;;
49.135;-2.210898;0.7032945;;
49.135;-2.210898;0.7032945;;
49.137;-2.210894;0.7032989;;
49.163;-2.198661;0.715449;;
49.166;-2.198464;0.7156445;;
49.168;-2.198435;0.7156733;;
49.169;-2.198426;0.7156823;;
49.17;-2.198426;0.7156823;;
49.17;-2.198426;0.7156823;;
49.197;-2.185719;0.7278658;;
49.198;-2.185719;0.7278658;;
49.2;-2.185719;0.7278658;;
49.202;-2.185719;0.7278658;;
49.204;-2.185719;0.7278658;;
49.205;-2.185719;0.7278658;;
49.231;-2.172842;0.7397867;;
49.232;-2.172842;0.7397867;;
49.234;-2.172842;0.7397867;;
49.236;-2.172842;0.7397867;;
49.236;-2.172842;0.7397867;;
49.237;-2.172842;0.7397867;;
49.267;-2.159912;0.7513413;;
49.268;-2.159836;0.7514094;;
49.278;-2.159804;0.7514373;;
49.278;-2.159804;0.7514378;;
49.279;-2.159804;0.751438;;
49.28;-2.159804;0.751438;;
49.28;-2.159804;0.751438;;
49.281;-2.159804;0.751438;;
49.299;-2.146359;0.7630308;;
49.3;-2.146263;0.7631137;;
49.302;-2.146202;0.7631657;;
49.304;-2.146173;0.7631906;;
49.305;-2.14617;0.7631932;;
49.332;-2.137529;0.7704259;;
49.335;-2.137456;0.7704867;;
49.336;-2.137452;0.7704904;;
49.337;-2.13745;0.7704915;;
49.338;-2.13745;0.770492;;
49.3421568;;;-0.917654408112816;-0.506681370216702
49.128;-2.211319;0.7028614;;
49.13;-2.210979;0.7032114;;
49.133;-2.210906;0.7032869;;
49.135;-2.210898;0.7032945;;
49.135;-2.210898;0.7032945;;
49.137;-2.210894;0.7032989;;
49.163;-2.198661;0.715449;;
49.166;-2.198464;0.7156445;;
49.168;-2.198435;0.7156733;;
49.169;-2.198426;0.7156823;;
49.17;-2.198426;0.7156823;;
49.17;-2.198426;0.7156823;;
49.197;-2.185719;0.7278658;;
49.198;-2.185719;0.7278658;;
49.2;-2.185719;0.7278658;;
49.202;-2.185719;0.7278658;;
49.204;-2.185719;0.7278658;;
49.205;-2.185719;0.7278658;;
49.231;-2.172842;0.7397867;;
49.232;-2.172842;0.7397867;;
49.234;-2.172842;0.7397867;;
49.236;-2.172842;0.7397867;;
49.236;-2.172842;0.7397867;;
49.237;-2.172842;0.7397867;;
49.267;-2.159912;0.7513413;;
49.268;-2.159836;0.7514094;;
49.278;-2.159804;0.7514373;;
49.278;-2.159804;0.7514378;;
49.279;-2.159804;0.751438;;
49.28;-2.159804;0.751438;;
49.28;-2.159804;0.751438;;
49.281;-2.159804;0.751438;;
49.299;-2.146359;0.7630308;;
49.3;-2.146263;0.7631137;;
49.302;-2.146202;0.7631657;;
49.304;-2.146173;0.7631906;;
49.305;-2.14617;0.7631932;;
49.332;-2.137529;0.7704259;;
49.335;-2.137456;0.7704867;;
49.336;-2.137452;0.7704904;;
49.337;-2.13745;0.7704915;;
49.338;-2.13745;0.770492;;
49.367;-2.122565;0.7825685;;
49.368;-2.122565;0.7825685;;
49.37;-2.122565;0.7825685;;
49.371;-2.122565;0.7825685;;
49.372;-2.122565;0.7825685;;
49.373;-2.122565;0.7825685;;
49.373;-2.122565;0.7825685;;
49.4;-2.113418;0.7897578;;
49.402;-2.113361;0.7898027;;
49.404;-2.113342;0.7898173;;
49.405;-2.113335;0.7898231;;
49.4173437;;;-0.857546020624334;-0.503155963455274
49.197;-2.185719;0.7278658;;
49.198;-2.185719;0.7278658;;
49.2;-2.185719;0.7278658;;
49.202;-2.185719;0.7278658;;
49.204;-2.185719;0.7278658;;
49.205;-2.185719;0.7278658;;
49.231;-2.172842;0.7397867;;
49.232;-2.172842;0.7397867;;
49.234;-2.172842;0.7397867;;
49.236;-2.172842;0.7397867;;
49.236;-2.172842;0.7397867;;
49.237;-2.172842;0.7397867;;
49.267;-2.159912;0.7513413;;
49.268;-2.159836;0.7514094;;
49.278;-2.159804;0.7514373;;
49.278;-2.159804;0.7514378;;
49.279;-2.159804;0.751438;;
49.28;-2.159804;0.751438;;
49.28;-2.159804;0.751438;;
49.281;-2.159804;0.751438;;
49.299;-2.146359;0.7630308;;
49.3;-2.146263;0.7631137;;
49.302;-2.146202;0.7631657;;
49.304;-2.146173;0.7631906;;
49.305;-2.14617;0.7631932;;
49.332;-2.137529;0.7704259;;
49.335;-2.137456;0.7704867;;
49.336;-2.137452;0.7704904;;
49.337;-2.13745;0.7704915;;
49.338;-2.13745;0.770492;;
49.367;-2.122565;0.7825685;;
49.368;-2.122565;0.7825685;;
49.37;-2.122565;0.7825685;;
49.371;-2.122565;0.7825685;;
49.372;-2.122565;0.7825685;;
49.373;-2.122565;0.7825685;;
49.373;-2.122565;0.7825685;;
49.4;-2.113418;0.7897578;;
49.402;-2.113361;0.7898027;;
49.404;-2.113342;0.7898173;;
49.405;-2.113335;0.7898231;;
49.436;-2.09167;0.8061764;;
49.437;-2.091543;0.8062727;;
49.438;-2.091513;0.8062953;;
49.441;-2.086365;0.8100396;;
49.442;-2.085685;0.8105347;;
49.443;-2.084908;0.8110999;;
49.469;-2.07713;0.8166525;;
49.47;-2.07713;0.8166525;;
49.472;-2.07713;0.8166525;;
49.474;-2.073005;0.8195496;;
49.474;-2.072711;0.8197565;;
49.476;-2.072413;0.8199657;;
49.476;-2.072413;0.8199657;;
49.4955578;;;-0.625366599821429;-0.493039209850057
49.267;-2.159912;0.7513413;;
49.268;-2.159836;0.7514094;;
49.278;-2.159804;0.7514373;;
49.278;-2.159804;0.7514378;;
49.279;-2.159804;0.751438;;
49.28;-2.159804;0.751438;;
49.28;-2.159804;0.751438;;
49.281;-2.159804;0.751438;;
49.299;-2.146359;0.7630308;;
49.3;-2.146263;0.7631137;;
49.302;-2.146202;0.7631657;;
49.304;-2.146173;0.7631906;;
49.305;-2.14617;0.7631932;;
49.332;-2.137529;0.7704259;;
49.335;-2.137456;0.7704867;;
49.336;-2.137452;0.7704904;;
49.337;-2.13745;0.7704915;;
49.338;-2.13745;0.770492;;
49.367;-2.122565;0.7825685;;
49.368;-2.122565;0.7825685;;
49.37;-2.122565;0.7825685;;
49.371;-2.122565;0.7825685;;
49.372;-2.122565;0.7825685;;
49.373;-2.122565;0.7825685;;
49.373;-2.122565;0.7825685;;
49.4;-2.113418;0.7897578;;
49.402;-2.113361;0.7898027;;
49.404;-2.113342;0.7898173;;
49.405;-2.113335;0.7898231;;
49.436;-2.09167;0.8061764;;
49.437;-2.091543;0.8062727;;
49.438;-2.091513;0.8062953;;
49.441;-2.086365;0.8100396;;
49.442;-2.085685;0.8105347;;
49.443;-2.084908;0.8110999;;
49.469;-2.07713;0.8166525;;
49.47;-2.07713;0.8166525;;
49.472;-2.07713;0.8166525;;
49.474;-2.073005;0.8195496;;
49.474;-2.072711;0.8197565;;
49.476;-2.072413;0.8199657;;
49.476;-2.072413;0.8199657;;
49.501;-2.062843;0.8265633;;
49.503;-2.062779;0.8266073;;
49.505;-2.06276;0.8266203;;
49.505;-2.062759;0.8266209;;
49.507;-2.062748;0.8266285;;
49.536;-2.047914;0.8365349;;
49.538;-2.047914;0.8365349;;
49.54;-2.045029;0.838413;;
49.541;-2.04356;0.8393694;;
49.542;-2.043357;0.8395016;;
49.542;-2.043322;0.839524;;
49.543;-2.043305;0.8395351;;
49.544;-2.043303;0.8395367;;
49.5625343;;;-0.354540255955114;-0.473365726521702
49.332;-2.137529;0.7704259;;
49.335;-2.137456;0.7704867;;
49.336;-2.137452;0.7704904;;
49.337;-2.13745;0.7704915;;
49.338;-2.13745;0.770492;;
49.367;-2.122565;0.7825685;;
49.368;-2.122565;0.7825685;;
49.37;-2.122565;0.7825685;;
49.371;-2.122565;0.7825685;;
49.372;-2.122565;0.7825685;;
49.373;-2.122565;0.7825685;;
49.373;-2.122565;0.7825685;;
49.4;-2.113418;0.7897578;;
49.402;-2.113361;0.7898027;;
49.404;-2.113342;0.7898173;;
49.405;-2.113335;0.7898231;;
49.436;-2.09167;0.8061764;;
49.437;-2.091543;0.8062727;;
49.438;-2.091513;0.8062953;;
49.441;-2.086365;0.8100396;;
49.442;-2.085685;0.8105347;;
49.443;-2.084908;0.8110999;;
49.469;-2.07713;0.8166525;;
49.47;-2.07713;0.8166525;;
49.472;-2.07713;0.8166525;;
49.474;-2.073005;0.8195496;;
49.474;-2.072711;0.8197565;;
49.476;-2.072413;0.8199657;;
49.476;-2.072413;0.8199657;;
49.501;-2.062843;0.8265633;;
49.503;-2.062779;0.8266073;;
49.505;-2.06276;0.8266203;;
49.505;-2.062759;0.8266209;;
49.507;-2.062748;0.8266285;;
49.536;-2.047914;0.8365349;;
49.538;-2.047914;0.8365349;;
49.54;-2.045029;0.838413;;
49.541;-2.04356;0.8393694;;
49.542;-2.043357;0.8395016;;
49.542;-2.043322;0.839524;;
49.543;-2.043305;0.8395351;;
49.544;-2.043303;0.8395367;;
49.569;-2.033576;0.8457513;;
49.571;-2.033514;0.8457913;;
49.573;-2.033491;0.8458053;;
49.575;-2.033479;0.845813;;
49.576;-2.033479;0.845813;;
49.603;-2.017495;0.8556824;;
49.604;-2.017247;0.8558353;;
49.607;-2.013802;0.8579079;;
49.61;-2.013556;0.8580559;;
49.611;-2.013542;0.8580645;;
49.612;-2.013539;0.8580666;;
49.613;-2.013537;0.8580673;;
49.6290705;;;-0.432518685051604;-0.455538499629081
49.4;-2.113418;0.7897578;;
49.402;-2.113361;0.7898027;;
49.404;-2.113342;0.7898173;;
49.405;-2.113335;0.7898231;;
49.436;-2.09167;0.8061764;;
49.437;-2.091543;0.8062727;;
49.438;-2.091513;0.8062953;;
49.441;-2.086365;0.8100396;;
49.442;-2.085685;0.8105347;;
49.443;-2.084908;0.8110999;;
49.469;-2.07713;0.8166525;;
49.47;-2.07713;0.8166525;;
49.472;-2.07713;0.8166525;;
49.474;-2.073005;0.8195496;;
49.474;-2.072711;0.8197565;;
49.476;-2.072413;0.8199657;;
49.476;-2.072413;0.8199657;;
49.501;-2.062843;0.8265633;;
49.503;-2.062779;0.8266073;;
49.505;-2.06276;0.8266203;;
49.505;-2.062759;0.8266209;;
49.507;-2.062748;0.8266285;;
49.536;-2.047914;0.8365349;;
49.538;-2.047914;0.8365349;;
49.54;-2.045029;0.838413;;
49.541;-2.04356;0.8393694;;
49.542;-2.043357;0.8395016;;
49.542;-2.043322;0.839524;;
49.543;-2.043305;0.8395351;;
49.544;-2.043303;0.8395367;;
49.569;-2.033576;0.8457513;;
49.571;-2.033514;0.8457913;;
49.573;-2.033491;0.8458053;;
49.575;-2.033479;0.845813;;
49.576;-2.033479;0.845813;;
49.603;-2.017495;0.8556824;;
49.604;-2.017247;0.8558353;;
49.607;-2.013802;0.8579079;;
49.61;-2.013556;0.8580559;;
49.611;-2.013542;0.8580645;;
49.612;-2.013539;0.8580666;;
49.613;-2.013537;0.8580673;;
49.637;-2.003384;0.864063;;
49.638;-2.003384;0.864063;;
49.64;-2.003384;0.864063;;
49.641;-2.003384;0.864063;;
49.642;-2.003384;0.864063;;
49.67;-1.983873;0.8751355;;
49.671;-1.983727;0.8752186;;
49.673;-1.983709;0.8752291;;
49.675;-1.982378;0.8759628;;
49.676;-1.981938;0.876205;;
49.677;-1.981878;0.8762382;;
49.678;-1.981862;0.8762469;;
49.696606;;;-0.799795591605981;-0.448875217538054
49.469;-2.07713;0.8166525;;
49.47;-2.07713;0.8166525;;
49.472;-2.07713;0.8166525;;
49.474;-2.073005;0.8195496;;
49.474;-2.072711;0.8197565;;
49.476;-2.072413;0.8199657;;
49.476;-2.072413;0.8199657;;
49.501;-2.062843;0.8265633;;
49.503;-2.062779;0.8266073;;
49.505;-2.06276;0.8266203;;
49.505;-2.062759;0.8266209;;
49.507;-2.062748;0.8266285;;
49.536;-2.047914;0.8365349;;
49.538;-2.047914;0.8365349;;
49.54;-2.045029;0.838413;;
49.541;-2.04356;0.8393694;;
49.542;-2.043357;0.8395016;;
49.542;-2.043322;0.839524;;
49.543;-2.043305;0.8395351;;
49.544;-2.043303;0.8395367;;
49.569;-2.033576;0.8457513;;
49.571;-2.033514;0.8457913;;
49.573;-2.033491;0.8458053;;
49.575;-2.033479;0.845813;;
49.576;-2.033479;0.845813;;
49.603;-2.017495;0.8556824;;
49.604;-2.017247;0.8558353;;
49.607;-2.013802;0.8579079;;
49.61;-2.013556;0.8580559;;
49.611;-2.013542;0.8580645;;
49.612;-2.013539;0.8580666;;
49.613;-2.013537;0.8580673;;
49.637;-2.003384;0.864063;;
49.638;-2.003384;0.864063;;
49.64;-2.003384;0.864063;;
49.641;-2.003384;0.864063;;
49.642;-2.003384;0.864063;;
49.67;-1.983873;0.8751355;;
49.671;-1.983727;0.8752186;;
49.673;-1.983709;0.8752291;;
49.675;-1.982378;0.8759628;;
49.676;-1.981938;0.876205;;
49.677;-1.981878;0.8762382;;
49.678;-1.981862;0.8762469;;
49.704;-1.972869;0.8811321;;
49.705;-1.972803;0.8811682;;
49.706;-1.97279;0.8811753;;
49.708;-1.972785;0.8811778;;
49.709;-1.972784;0.8811782;;
49.709;-1.972784;0.8811784;;
49.739;-1.956438;0.8897538;;
49.74;-1.956336;0.8898072;;
49.742;-1.952519;0.8917535;;
49.744;-1.952269;0.8918809;;
49.745;-1.952203;0.8919148;;
49.746;-1.952106;0.8919642;;
49.7634736;;;-0.983891859592644;-0.448962151173858
49.536;-2.047914;0.8365349;;
49.538;-2.047914;0.8365349;;
49.54;-2.045029;0.838413;;
49.541;-2.04356;0.8393694;;
49.542;-2.043357;0.8395016;;
49.542;-2.043322;0.839524;;
49.543;-2.043305;0.8395351;;
49.544;-2.043303;0.8395367;;
49.569;-2.033576;0.8457513;;
49.571;-2.033514;0.8457913;;
49.573;-2.033491;0.8458053;;
49.575;-2.033479;0.845813;;
49.576;-2.033479;0.845813;;
49.603;-2.017495;0.8556824;;
49.604;-2.017247;0.8558353;;
49.607;-2.013802;0.8579079;;
49.61;-2.013556;0.8580559;;
49.611;-2.013542;0.8580645;;
49.612;-2.013539;0.8580666;;
49.613;-2.013537;0.8580673;;
49.637;-2.003384;0.864063;;
49.638;-2.003384;0.864063;;
49.64;-2.003384;0.864063;;
49.641;-2.003384;0.864063;;
49.642;-2.003384;0.864063;;
49.67;-1.983873;0.8751355;;
49.671;-1.983727;0.8752186;;
49.673;-1.983709;0.8752291;;
49.675;-1.982378;0.8759628;;
49.676;-1.981938;0.876205;;
49.677;-1.981878;0.8762382;;
49.678;-1.981862;0.8762469;;
49.704;-1.972869;0.8811321;;
49.705;-1.972803;0.8811682;;
49.706;-1.97279;0.8811753;;
49.708;-1.972785;0.8811778;;
49.709;-1.972784;0.8811782;;
49.709;-1.972784;0.8811784;;
49.739;-1.956438;0.8897538;;
49.74;-1.956336;0.8898072;;
49.742;-1.952519;0.8917535;;
49.744;-1.952269;0.8918809;;
49.745;-1.952203;0.8919148;;
49.746;-1.952106;0.8919642;;
49.772;-1.941751;0.8971373;;
49.773;-1.941668;0.8971785;;
49.775;-1.941653;0.8971859;;
49.777;-1.941652;0.8971865;;
49.777;-1.941652;0.8971865;;
49.779;-1.941652;0.8971867;;
49.807;-1.924323;0.9055111;;
49.808;-1.922334;0.9064379;;
49.81;-1.921002;0.9070589;;
49.812;-1.920577;0.907257;;
49.812;-1.920577;0.907257;;
49.813;-1.920577;0.907257;;
49.8305328;;;-0.989301853280891;-0.449574302528147
49.603;-2.017495;0.8556824;;
49.604;-2.017247;0.8558353;;
49.607;-2.013802;0.8579079;;
49.61;-2.013556;0.8580559;;
49.611;-2.013542;0.8580645;;
49.612;-2.013539;0.8580666;;
49.613;-2.013537;0.8580673;;
49.637;-2.003384;0.864063;;
49.638;-2.003384;0.864063;;
49.64;-2.003384;0.864063;;
49.641;-2.003384;0.864063;;
49.642;-2.003384;0.864063;;
49.67;-1.983873;0.8751355;;
49.671;-1.983727;0.8752186;;
49.673;-1.983709;0.8752291;;
49.675;-1.982378;0.8759628;;
49.676;-1.981938;0.876205;;
49.677;-1.981878;0.8762382;;
49.678;-1.981862;0.8762469;;
49.704;-1.972869;0.8811321;;
49.705;-1.972803;0.8811682;;
49.706;-1.97279;0.8811753;;
49.708;-1.972785;0.8811778;;
49.709;-1.972784;0.8811782;;
49.709;-1.972784;0.8811784;;
49.739;-1.956438;0.8897538;;
49.74;-1.956336;0.8898072;;
49.742;-1.952519;0.8917535;;
49.744;-1.952269;0.8918809;;
49.745;-1.952203;0.8919148;;
49.746;-1.952106;0.8919642;;
49.772;-1.941751;0.8971373;;
49.773;-1.941668;0.8971785;;
49.775;-1.941653;0.8971859;;
49.777;-1.941652;0.8971865;;
49.777;-1.941652;0.8971865;;
49.779;-1.941652;0.8971867;;
49.807;-1.924323;0.9055111;;
49.808;-1.922334;0.9064379;;
49.81;-1.921002;0.9070589;;
49.812;-1.920577;0.907257;;
49.812;-1.920577;0.907257;;
49.813;-1.920577;0.907257;;
49.84;-1.909961;0.912103;;
49.84;-1.909961;0.912103;;
49.842;-1.909961;0.912103;;
49.843;-1.909961;0.912103;;
49.844;-1.909961;0.912103;;
49.845;-1.909961;0.912103;;
49.874;-1.893029;0.9195243;;
49.875;-1.890173;0.9207381;;
49.878;-1.888982;0.9212441;;
49.878;-1.888958;0.921254;;
49.88;-1.888514;0.9214429;;
49.88;-1.888514;0.9214429;;
49.8974613;;;-0.986759964055733;-0.450920387934177
49.67;-1.983873;0.8751355;;
49.671;-1.983727;0.8752186;;
49.673;-1.983709;0.8752291;;
49.675;-1.982378;0.8759628;;
49.676;-1.981938;0.876205;;
49.677;-1.981878;0.8762382;;
49.678;-1.981862;0.8762469;;
49.704;-1.972869;0.8811321;;
49.705;-1.972803;0.8811682;;
49.706;-1.97279;0.8811753;;
49.708;-1.972785;0.8811778;;
49.709;-1.972784;0.8811782;;
49.709;-1.972784;0.8811784;;
49.739;-1.956438;0.8897538;;
49.74;-1.956336;0.8898072;;
49.742;-1.952519;0.8917535;;
49.744;-1.952269;0.8918809;;
49.745;-1.952203;0.8919148;;
49.746;-1.952106;0.8919642;;
49.772;-1.941751;0.8971373;;
49.773;-1.941668;0.8971785;;
49.775;-1.941653;0.8971859;;
49.777;-1.941652;0.8971865;;
49.777;-1.941652;0.8971865;;
49.779;-1.941652;0.8971867;;
49.807;-1.924323;0.9055111;;
49.808;-1.922334;0.9064379;;
49.81;-1.921002;0.9070589;;
49.812;-1.920577;0.907257;;
49.812;-1.920577;0.907257;;
49.813;-1.920577;0.907257;;
49.84;-1.909961;0.912103;;
49.84;-1.909961;0.912103;;
49.842;-1.909961;0.912103;;
49.843;-1.909961;0.912103;;
49.844;-1.909961;0.912103;;
49.845;-1.909961;0.912103;;
49.874;-1.893029;0.9195243;;
49.875;-1.890173;0.9207381;;
49.878;-1.888982;0.9212441;;
49.878;-1.888958;0.921254;;
49.88;-1.888514;0.9214429;;
49.88;-1.888514;0.9214429;;
49.908;-1.877537;0.9259943;;
49.909;-1.877537;0.9259943;;
49.911;-1.877537;0.9259943;;
49.912;-1.877537;0.9259943;;
49.913;-1.877537;0.9259943;;
49.914;-1.877537;0.9259943;;
49.942;-1.85605;0.9344642;;
49.944;-1.855879;0.9345319;;
49.946;-1.855863;0.9345383;;
49.946;-1.855861;0.9345388;;
49.947;-1.855861;0.9345391;;
49.948;-1.85586;0.9345391;;
49.96415;;;-0.985127160876975;-0.457693910291349
49.739;-1.956438;0.8897538;;
49.74;-1.956336;0.8898072;;
49.742;-1.952519;0.8917535;;
49.744;-1.952269;0.8918809;;
49.745;-1.952203;0.8919148;;
49.746;-1.952106;0.8919642;;
49.772;-1.941751;0.8971373;;
49.773;-1.941668;0.8971785;;
49.775;-1.941653;0.8971859;;
49.777;-1.941652;0.8971865;;
49.777;-1.941652;0.8971865;;
49.779;-1.941652;0.8971867;;
49.807;-1.924323;0.9055111;;
49.808;-1.922334;0.9064379;;
49.81;-1.921002;0.9070589;;
49.812;-1.920577;0.907257;;
49.812;-1.920577;0.907257;;
49.813;-1.920577;0.907257;;
49.84;-1.909961;0.912103;;
49.84;-1.909961;0.912103;;
49.842;-1.909961;0.912103;;
49.843;-1.909961;0.912103;;
49.844;-1.909961;0.912103;;
49.845;-1.909961;0.912103;;
49.874;-1.893029;0.9195243;;
49.875;-1.890173;0.9207381;;
49.878;-1.888982;0.9212441;;
49.878;-1.888958;0.921254;;
49.88;-1.888514;0.9214429;;
49.88;-1.888514;0.9214429;;
49.908;-1.877537;0.9259943;;
49.909;-1.877537;0.9259943;;
49.911;-1.877537;0.9259943;;
49.912;-1.877537;0.9259943;;
49.913;-1.877537;0.9259943;;
49.914;-1.877537;0.9259943;;
49.942;-1.85605;0.9344642;;
49.944;-1.855879;0.9345319;;
49.946;-1.855863;0.9345383;;
49.946;-1.855861;0.9345388;;
49.947;-1.855861;0.9345391;;
49.948;-1.85586;0.9345391;;
49.976;-1.844915;0.9386338;;
49.977;-1.844915;0.9386338;;
49.979;-1.844915;0.9386338;;
49.98;-1.844915;0.9386338;;
49.981;-1.844915;0.9386338;;
49.982;-1.844915;0.9386338;;
50.011;-1.822837;0.9464546;;
50.012;-1.822837;0.9464546;;
50.015;-1.822837;0.9464546;;
50.016;-1.822837;0.9464546;;
50.017;-1.822837;0.9464546;;
50.017;-1.822837;0.9464546;;
50.0314752;;;-0.983103365024287;-0.472705313085703
49.813;-1.920577;0.907257;;
49.84;-1.909961;0.912103;;
49.84;-1.909961;0.912103;;
49.842;-1.909961;0.912103;;
49.843;-1.909961;0.912103;;
49.844;-1.909961;0.912103;;
49.845;-1.909961;0.912103;;
49.874;-1.893029;0.9195243;;
49.875;-1.890173;0.9207381;;
49.878;-1.888982;0.9212441;;
49.878;-1.888958;0.921254;;
49.88;-1.888514;0.9214429;;
49.88;-1.888514;0.9214429;;
49.908;-1.877537;0.9259943;;
49.909;-1.877537;0.9259943;;
49.911;-1.877537;0.9259943;;
49.912;-1.877537;0.9259943;;
49.913;-1.877537;0.9259943;;
49.914;-1.877537;0.9259943;;
49.942;-1.85605;0.9344642;;
49.944;-1.855879;0.9345319;;
49.946;-1.855863;0.9345383;;
49.946;-1.855861;0.9345388;;
49.947;-1.855861;0.9345391;;
49.948;-1.85586;0.9345391;;
49.976;-1.844915;0.9386338;;
49.977;-1.844915;0.9386338;;
49.979;-1.844915;0.9386338;;
49.98;-1.844915;0.9386338;;
49.981;-1.844915;0.9386338;;
49.982;-1.844915;0.9386338;;
50.011;-1.822837;0.9464546;;
50.012;-1.822837;0.9464546;;
50.015;-1.822837;0.9464546;;
50.016;-1.822837;0.9464546;;
50.017;-1.822837;0.9464546;;
50.017;-1.822837;0.9464546;;
50.044;-1.811974;0.95009;;
50.045;-1.811889;0.9501184;;
50.047;-1.811878;0.9501223;;
50.048;-1.811875;0.9501233;;
50.077;-1.791158;0.9566664;;
50.079;-1.790583;0.9568481;;
50.081;-1.790484;0.9568792;;
50.081;-1.790472;0.9568831;;
50.082;-1.790444;0.956892;;
50.084;-1.790444;0.956892;;
50.084;-1.790444;0.956892;;
50.084;-1.790444;0.956892;;
50.111;-1.783942;0.9588413;;
50.112;-1.783894;0.9588555;;
50.1135485;;;-0.989758674800607;-0.485505404344186
49.908;-1.877537;0.9259943;;
49.909;-1.877537;0.9259943;;
49.911;-1.877537;0.9259943;;
49.912;-1.877537;0.9259943;;
49.913;-1.877537;0.9259943;;
49.914;-1.877537;0.9259943;;
49.942;-1.85605;0.9344642;;
49.944;-1.855879;0.9345319;;
49.946;-1.855863;0.9345383;;
49.946;-1.855861;0.9345388;;
49.947;-1.855861;0.9345391;;
49.948;-1.85586;0.9345391;;
49.976;-1.844915;0.9386338;;
49.977;-1.844915;0.9386338;;
49.979;-1.844915;0.9386338;;
49.98;-1.844915;0.9386338;;
49.981;-1.844915;0.9386338;;
49.982;-1.844915;0.9386338;;
50.011;-1.822837;0.9464546;;
50.012;-1.822837;0.9464546;;
50.015;-1.822837;0.9464546;;
50.016;-1.822837;0.9464546;;
50.017;-1.822837;0.9464546;;
50.017;-1.822837;0.9464546;;
50.044;-1.811974;0.95009;;
50.045;-1.811889;0.9501184;;
50.047;-1.811878;0.9501223;;
50.048;-1.811875;0.9501233;;
50.077;-1.791158;0.9566664;;
50.079;-1.790583;0.9568481;;
50.081;-1.790484;0.9568792;;
50.081;-1.790472;0.9568831;;
50.082;-1.790444;0.956892;;
50.084;-1.790444;0.956892;;
50.084;-1.790444;0.956892;;
50.084;-1.790444;0.956892;;
50.111;-1.783942;0.9588413;;
50.112;-1.783894;0.9588555;;
50.114;-1.777486;0.9607265;;
50.115;-1.777947;0.960592;;
50.116;-1.777678;0.9606703;;
50.117;-1.776768;0.9609361;;
50.145;-1.765274;0.9641725;;
50.148;-1.76518;0.9641988;;
50.15;-1.765173;0.9642009;;
50.15;-1.765172;0.9642012;;
50.151;-1.765172;0.9642012;;
50.152;-1.765172;0.9642012;;
50.18;-1.742937;0.9700395;;
50.181;-1.742802;0.970075;;
50.183;-1.742749;0.9700888;;
50.184;-1.742739;0.9700917;;
50.185;-1.742737;0.9700921;;
50.186;-1.742737;0.9700922;;
50.188056;;;-0.900649382408462;-0.499838689217712
49.976;-1.844915;0.9386338;;
49.977;-1.844915;0.9386338;;
49.979;-1.844915;0.9386338;;
49.98;-1.844915;0.9386338;;
49.981;-1.844915;0.9386338;;
49.982;-1.844915;0.9386338;;
50.011;-1.822837;0.9464546;;
50.012;-1.822837;0.9464546;;
50.015;-1.822837;0.9464546;;
50.016;-1.822837;0.9464546;;
50.017;-1.822837;0.9464546;;
50.017;-1.822837;0.9464546;;
50.044;-1.811974;0.95009;;
50.045;-1.811889;0.9501184;;
50.047;-1.811878;0.9501223;;
50.048;-1.811875;0.9501233;;
50.077;-1.791158;0.9566664;;
50.079;-1.790583;0.9568481;;
50.081;-1.790484;0.9568792;;
50.081;-1.790472;0.9568831;;
50.082;-1.790444;0.956892;;
50.084;-1.790444;0.956892;;
50.084;-1.790444;0.956892;;
50.084;-1.790444;0.956892;;
50.111;-1.783942;0.9588413;;
50.112;-1.783894;0.9588555;;
50.114;-1.777486;0.9607265;;
50.115;-1.777947;0.960592;;
50.116;-1.777678;0.9606703;;
50.117;-1.776768;0.9609361;;
50.145;-1.765274;0.9641725;;
50.148;-1.76518;0.9641988;;
50.15;-1.765173;0.9642009;;
50.15;-1.765172;0.9642012;;
50.151;-1.765172;0.9642012;;
50.152;-1.765172;0.9642012;;
50.18;-1.742937;0.9700395;;
50.181;-1.742802;0.970075;;
50.183;-1.742749;0.9700888;;
50.184;-1.742739;0.9700917;;
50.185;-1.742737;0.9700921;;
50.186;-1.742737;0.9700922;;
50.213;-1.716993;0.9761731;;
50.214;-1.716993;0.9761731;;
50.216;-1.716993;0.9761731;;
50.218;-1.716993;0.9761731;;
50.219;-1.716993;0.9761731;;
50.22;-1.716993;0.9761731;;
50.248;-1.704554;0.9788553;;
50.249;-1.704554;0.9788553;;
50.251;-1.704554;0.9788553;;
50.251;-1.704554;0.9788553;;
50.252;-1.704554;0.9788553;;
50.254;-1.704554;0.9788553;;
50.2549993;;;-0.255890771985315;-0.505722911524661
50.044;-1.811974;0.95009;;
50.045;-1.811889;0.9501184;;
50.047;-1.811878;0.9501223;;
50.048;-1.811875;0.9501233;;
50.077;-1.791158;0.9566664;;
50.079;-1.790583;0.9568481;;
50.081;-1.790484;0.9568792;;
50.081;-1.790472;0.9568831;;
50.082;-1.790444;0.956892;;
50.084;-1.790444;0.956892;;
50.084;-1.790444;0.956892;;
50.084;-1.790444;0.956892;;
50.111;-1.783942;0.9588413;;
50.112;-1.783894;0.9588555;;
50.114;-1.777486;0.9607265;;
50.115;-1.777947;0.960592;;
50.116;-1.777678;0.9606703;;
50.117;-1.776768;0.9609361;;
50.145;-1.765274;0.9641725;;
50.148;-1.76518;0.9641988;;
50.15;-1.765173;0.9642009;;
50.15;-1.765172;0.9642012;;
50.151;-1.765172;0.9642012;;
50.152;-1.765172;0.9642012;;
50.18;-1.742937;0.9700395;;
50.181;-1.742802;0.970075;;
50.183;-1.742749;0.9700888;;
50.184;-1.742739;0.9700917;;
50.185;-1.742737;0.9700921;;
50.186;-1.742737;0.9700922;;
50.213;-1.716993;0.9761731;;
50.214;-1.716993;0.9761731;;
50.216;-1.716993;0.9761731;;
50.218;-1.716993;0.9761731;;
50.219;-1.716993;0.9761731;;
50.22;-1.716993;0.9761731;;
50.248;-1.704554;0.9788553;;
50.249;-1.704554;0.9788553;;
50.251;-1.704554;0.9788553;;
50.251;-1.704554;0.9788553;;
50.252;-1.704554;0.9788553;;
50.254;-1.704554;0.9788553;;
50.282;-1.683133;0.983086;;
50.283;-1.682974;0.9831175;;
50.286;-1.682946;0.9831229;;
50.288;-1.682944;0.9831233;;
50.289;-1.68154;0.9833826;;
50.29;-1.68048;0.9835784;;
50.315;-1.670045;0.9854358;;
50.316;-1.669941;0.9854542;;
50.318;-1.669941;0.9854542;;
50.32;-1.669941;0.9854542;;
50.321;-1.669941;0.9854542;;
50.322;-1.669941;0.9854542;;
50.3225654;;;-0.0526521239161863;-0.495628484387409
50.111;-1.783942;0.9588413;;
50.112;-1.783894;0.9588555;;
50.114;-1.777486;0.9607265;;
50.115;-1.777947;0.960592;;
50.116;-1.777678;0.9606703;;
50.117;-1.776768;0.9609361;;
50.145;-1.765274;0.9641725;;
50.148;-1.76518;0.9641988;;
50.15;-1.765173;0.9642009;;
50.15;-1.765172;0.9642012;;
50.151;-1.765172;0.9642012;;
50.152;-1.765172;0.9642012;;
50.18;-1.742937;0.9700395;;
50.181;-1.742802;0.970075;;
50.183;-1.742749;0.9700888;;
50.184;-1.742739;0.9700917;;
50.185;-1.742737;0.9700921;;
50.186;-1.742737;0.9700922;;
50.213;-1.716993;0.9761731;;
50.214;-1.716993;0.9761731;;
50.216;-1.716993;0.9761731;;
50.218;-1.716993;0.9761731;;
50.219;-1.716993;0.9761731;;
50.22;-1.716993;0.9761731;;
50.248;-1.704554;0.9788553;;
50.249;-1.704554;0.9788553;;
50.251;-1.704554;0.9788553;;
50.251;-1.704554;0.9788553;;
50.252;-1.704554;0.9788553;;
50.254;-1.704554;0.9788553;;
50.282;-1.683133;0.983086;;
50.283;-1.682974;0.9831175;;
50.286;-1.682946;0.9831229;;
50.288;-1.682944;0.9831233;;
50.289;-1.68154;0.9833826;;
50.29;-1.68048;0.9835784;;
50.315;-1.670045;0.9854358;;
50.316;-1.669941;0.9854542;;
50.318;-1.669941;0.9854542;;
50.32;-1.669941;0.9854542;;
50.321;-1.669941;0.9854542;;
50.322;-1.669941;0.9854542;;
50.349;-1.650331;0.9886339;;
50.351;-1.650169;0.9886602;;
50.354;-1.650152;0.9886629;;
50.354;-1.650151;0.9886631;;
50.355;-1.650151;0.9886631;;
50.356;-1.647701;0.989031;;
50.384;-1.635392;0.9907914;;
50.386;-1.635295;0.9908053;;
50.387;-1.635285;0.9908067;;
50.387;-1.635283;0.990807;;
50.388;-1.63528;0.9908074;;
50.389;-1.629551;0.9915727;;
50.40001;;;-0.0703357390866202;-0.486740162543766
50.18;-1.742937;0.9700395;;
50.181;-1.742802;0.970075;;
50.183;-1.742749;0.9700888;;
50.184;-1.742739;0.9700917;;
50.185;-1.742737;0.9700921;;
50.186;-1.742737;0.9700922;;
50.213;-1.716993;0.9761731;;
50.214;-1.716993;0.9761731;;
50.216;-1.716993;0.9761731;;
50.218;-1.716993;0.9761731;;
50.219;-1.716993;0.9761731;;
50.22;-1.716993;0.9761731;;
50.248;-1.704554;0.9788553;;
50.249;-1.704554;0.9788553;;
50.251;-1.704554;0.9788553;;
50.251;-1.704554;0.9788553;;
50.252;-1.704554;0.9788553;;
50.254;-1.704554;0.9788553;;
50.282;-1.683133;0.983086;;
50.283;-1.682974;0.9831175;;
50.286;-1.682946;0.9831229;;
50.288;-1.682944;0.9831233;;
50.289;-1.68154;0.9833826;;
50.29;-1.68048;0.9835784;;
50.315;-1.670045;0.9854358;;
50.316;-1.669941;0.9854542;;
50.318;-1.669941;0.9854542;;
50.32;-1.669941;0.9854542;;
50.321;-1.669941;0.9854542;;
50.322;-1.669941;0.9854542;;
50.349;-1.650331;0.9886339;;
50.351;-1.650169;0.9886602;;
50.354;-1.650152;0.9886629;;
50.354;-1.650151;0.9886631;;
50.355;-1.650151;0.9886631;;
50.356;-1.647701;0.989031;;
50.384;-1.635392;0.9907914;;
50.386;-1.635295;0.9908053;;
50.387;-1.635285;0.9908067;;
50.387;-1.635283;0.990807;;
50.388;-1.63528;0.9908074;;
50.389;-1.629551;0.9915727;;
50.417;-1.623647;0.9923261;;
50.42;-1.623599;0.9923322;;
50.422;-1.623595;0.9923328;;
50.422;-1.623594;0.9923328;;
50.423;-1.623594;0.9923328;;
50.423;-1.623594;0.9923328;;
50.451;-1.600631;0.9949214;;
50.452;-1.600461;0.9949406;;
50.454;-1.600441;0.9949428;;
50.456;-1.600433;0.9949437;;
50.456;-1.600433;0.9949437;;
50.458;-1.600428;0.9949443;;
50.4821071;;;-0.410709134431306;-0.496534081609333
50.282;-1.683133;0.983086;;
50.283;-1.682974;0.9831175;;
50.286;-1.682946;0.9831229;;
50.288;-1.682944;0.9831233;;
50.289;-1.68154;0.9833826;;
50.29;-1.68048;0.9835784;;
50.315;-1.670045;0.9854358;;
50.316;-1.669941;0.9854542;;
50.318;-1.669941;0.9854542;;
50.32;-1.669941;0.9854542;;
50.321;-1.669941;0.9854542;;
50.322;-1.669941;0.9854542;;
50.349;-1.650331;0.9886339;;
50.351;-1.650169;0.9886602;;
50.354;-1.650152;0.9886629;;
50.354;-1.650151;0.9886631;;
50.355;-1.650151;0.9886631;;
50.356;-1.647701;0.989031;;
50.384;-1.635392;0.9907914;;
50.386;-1.635295;0.9908053;;
50.387;-1.635285;0.9908067;;
50.387;-1.635283;0.990807;;
50.388;-1.63528;0.9908074;;
50.389;-1.629551;0.9915727;;
50.417;-1.623647;0.9923261;;
50.42;-1.623599;0.9923322;;
50.422;-1.623595;0.9923328;;
50.422;-1.623594;0.9923328;;
50.423;-1.623594;0.9923328;;
50.423;-1.623594;0.9923328;;
50.451;-1.600631;0.9949214;;
50.452;-1.600461;0.9949406;;
50.454;-1.600441;0.9949428;;
50.456;-1.600433;0.9949437;;
50.456;-1.600433;0.9949437;;
50.458;-1.600428;0.9949443;;
50.485;-1.587182;0.9961916;;
50.486;-1.587178;0.996192;;
50.488;-1.587072;0.9962019;;
50.49;-1.587064;0.9962027;;
50.491;-1.587061;0.996203;;
50.492;-1.587061;0.996203;;
50.519;-1.575148;0.9971724;;
50.519;-1.575148;0.9971724;;
50.522;-1.575148;0.9971724;;
50.523;-1.575148;0.9971724;;
50.524;-1.575148;0.9971724;;
50.525;-1.575148;0.9971724;;
50.552;-1.55215;0.9986368;;
50.555;-1.551999;0.9986464;;
50.5570369;;;-0.983417050184299;-0.533023760222309
50.349;-1.650331;0.9886339;;
50.351;-1.650169;0.9886602;;
50.354;-1.650152;0.9886629;;
50.354;-1.650151;0.9886631;;
50.355;-1.650151;0.9886631;;
50.356;-1.647701;0.989031;;
50.384;-1.635392;0.9907914;;
50.386;-1.635295;0.9908053;;
50.387;-1.635285;0.9908067;;
50.387;-1.635283;0.990807;;
50.388;-1.63528;0.9908074;;
50.389;-1.629551;0.9915727;;
50.417;-1.623647;0.9923261;;
50.42;-1.623599;0.9923322;;
50.422;-1.623595;0.9923328;;
50.422;-1.623594;0.9923328;;
50.423;-1.623594;0.9923328;;
50.423;-1.623594;0.9923328;;
50.451;-1.600631;0.9949214;;
50.452;-1.600461;0.9949406;;
50.454;-1.600441;0.9949428;;
50.456;-1.600433;0.9949437;;
50.456;-1.600433;0.9949437;;
50.458;-1.600428;0.9949443;;
50.485;-1.587182;0.9961916;;
50.486;-1.587178;0.996192;;
50.488;-1.587072;0.9962019;;
50.49;-1.587064;0.9962027;;
50.491;-1.587061;0.996203;;
50.492;-1.587061;0.996203;;
50.519;-1.575148;0.9971724;;
50.519;-1.575148;0.9971724;;
50.522;-1.575148;0.9971724;;
50.523;-1.575148;0.9971724;;
50.524;-1.575148;0.9971724;;
50.525;-1.575148;0.9971724;;
50.552;-1.55215;0.9986368;;
50.555;-1.551999;0.9986464;;
50.556;-1.545719;0.9989425;;
50.557;-1.544507;0.9989997;;
50.558;-1.544159;0.999016;;
50.559;-1.542663;0.9990866;;
50.586;-1.529437;0.9995626;;
50.589;-1.529132;0.9995749;;
50.591;-1.525696;0.9996678;;
50.592;-1.524873;0.9996901;;
50.592;-1.524732;0.9996939;;
50.593;-1.52464;0.9996964;;
50.594;-1.52464;0.9996964;;
50.621;-1.512874;0.9999171;;
50.624;-1.512874;0.9999171;;
50.625;-1.509996;0.999946;;
50.626;-1.507154;0.9999744;;
50.627;-1.507154;0.9999744;;
50.6345416;;;-0.988191399755884;-0.568819836222057
50.417;-1.623647;0.9923261;;
50.42;-1.623599;0.9923322;;
50.422;-1.623595;0.9923328;;
50.422;-1.623594;0.9923328;;
50.423;-1.623594;0.9923328;;
50.423;-1.623594;0.9923328;;
50.451;-1.600631;0.9949214;;
50.452;-1.600461;0.9949406;;
50.454;-1.600441;0.9949428;;
50.456;-1.600433;0.9949437;;
50.456;-1.600433;0.9949437;;
50.458;-1.600428;0.9949443;;
50.485;-1.587182;0.9961916;;
50.486;-1.587178;0.996192;;
50.488;-1.587072;0.9962019;;
50.49;-1.587064;0.9962027;;
50.491;-1.587061;0.996203;;
50.492;-1.587061;0.996203;;
50.519;-1.575148;0.9971724;;
50.519;-1.575148;0.9971724;;
50.522;-1.575148;0.9971724;;
50.523;-1.575148;0.9971724;;
50.524;-1.575148;0.9971724;;
50.525;-1.575148;0.9971724;;
50.552;-1.55215;0.9986368;;
50.555;-1.551999;0.9986464;;
50.556;-1.545719;0.9989425;;
50.557;-1.544507;0.9989997;;
50.558;-1.544159;0.999016;;
50.559;-1.542663;0.9990866;;
50.586;-1.529437;0.9995626;;
50.589;-1.529132;0.9995749;;
50.591;-1.525696;0.9996678;;
50.592;-1.524873;0.9996901;;
50.592;-1.524732;0.9996939;;
50.593;-1.52464;0.9996964;;
50.594;-1.52464;0.9996964;;
50.621;-1.512874;0.9999171;;
50.624;-1.512874;0.9999171;;
50.625;-1.509996;0.999946;;
50.626;-1.507154;0.9999744;;
50.627;-1.507154;0.9999744;;
50.655;-1.495358;0.9999892;;
50.656;-1.495358;0.9999892;;
50.657;-1.489463;0.9999366;;
50.659;-1.487862;0.9999223;;
50.661;-1.486989;0.9999145;;
50.662;-1.486875;0.9999135;;
50.662;-1.487184;0.9999162;;
50.663;-1.486968;0.9999143;;
50.689;-1.478074;0.9997585;;
50.691;-1.472758;0.9996266;;
50.692;-1.472183;0.9996124;;
50.692;-1.472089;0.9996101;;
50.694;-1.472008;0.999608;;
50.696;-1.471988;0.9996076;;
50.7131752;;;-0.975083098392937;-0.602849714572985
50.485;-1.587182;0.9961916;;
50.486;-1.587178;0.996192;;
50.488;-1.587072;0.9962019;;
50.49;-1.587064;0.9962027;;
50.491;-1.587061;0.996203;;
50.492;-1.587061;0.996203;;
50.519;-1.575148;0.9971724;;
50.519;-1.575148;0.9971724;;
50.522;-1.575148;0.9971724;;
50.523;-1.575148;0.9971724;;
50.524;-1.575148;0.9971724;;
50.525;-1.575148;0.9971724;;
50.552;-1.55215;0.9986368;;
50.555;-1.551999;0.9986464;;
50.556;-1.545719;0.9989425;;
50.557;-1.544507;0.9989997;;
50.558;-1.544159;0.999016;;
50.559;-1.542663;0.9990866;;
50.586;-1.529437;0.9995626;;
50.589;-1.529132;0.9995749;;
50.591;-1.525696;0.9996678;;
50.592;-1.524873;0.9996901;;
50.592;-1.524732;0.9996939;;
50.593;-1.52464;0.9996964;;
50.594;-1.52464;0.9996964;;
50.621;-1.512874;0.9999171;;
50.624;-1.512874;0.9999171;;
50.625;-1.509996;0.999946;;
50.626;-1.507154;0.9999744;;
50.627;-1.507154;0.9999744;;
50.655;-1.495358;0.9999892;;
50.656;-1.495358;0.9999892;;
50.657;-1.489463;0.9999366;;
50.659;-1.487862;0.9999223;;
50.661;-1.486989;0.9999145;;
50.662;-1.486875;0.9999135;;
50.662;-1.487184;0.9999162;;
50.663;-1.486968;0.9999143;;
50.689;-1.478074;0.9997585;;
50.691;-1.472758;0.9996266;;
50.692;-1.472183;0.9996124;;
50.692;-1.472089;0.9996101;;
50.694;-1.472008;0.999608;;
50.696;-1.471988;0.9996076;;
50.724;-1.460216;0.9992083;;
50.725;-1.460216;0.9992083;;
50.727;-1.460216;0.9992083;;
50.728;-1.460216;0.9992083;;
50.728;-1.460216;0.9992083;;
50.729;-1.460216;0.9992083;;
50.758;-1.436924;0.9980064;;
50.759;-1.436791;0.9979995;;
50.76;-1.436746;0.9979972;;
50.762;-1.436725;0.9979961;;
50.762;-1.436723;0.997996;;
50.763;-1.436722;0.997996;;
50.7912889;;;-0.910198129813891;-0.630062577161021
50.552;-1.55215;0.9986368;;
50.555;-1.551999;0.9986464;;
50.556;-1.545719;0.9989425;;
50.557;-1.544507;0.9989997;;
50.558;-1.544159;0.999016;;
50.559;-1.542663;0.9990866;;
50.586;-1.529437;0.9995626;;
50.589;-1.529132;0.9995749;;
50.591;-1.525696;0.9996678;;
50.592;-1.524873;0.9996901;;
50.592;-1.524732;0.9996939;;
50.593;-1.52464;0.9996964;;
50.594;-1.52464;0.9996964;;
50.621;-1.512874;0.9999171;;
50.624;-1.512874;0.9999171;;
50.625;-1.509996;0.999946;;
50.626;-1.507154;0.9999744;;
50.627;-1.507154;0.9999744;;
50.655;-1.495358;0.9999892;;
50.656;-1.495358;0.9999892;;
50.657;-1.489463;0.9999366;;
50.659;-1.487862;0.9999223;;
50.661;-1.486989;0.9999145;;
50.662;-1.486875;0.9999135;;
50.662;-1.487184;0.9999162;;
50.663;-1.486968;0.9999143;;
50.689;-1.478074;0.9997585;;
50.691;-1.472758;0.9996266;;
50.692;-1.472183;0.9996124;;
50.692;-1.472089;0.9996101;;
50.694;-1.472008;0.999608;;
50.696;-1.471988;0.9996076;;
50.724;-1.460216;0.9992083;;
50.725;-1.460216;0.9992083;;
50.727;-1.460216;0.9992083;;
50.728;-1.460216;0.9992083;;
50.728;-1.460216;0.9992083;;
50.729;-1.460216;0.9992083;;
50.758;-1.436924;0.9980064;;
50.759;-1.436791;0.9979995;;
50.76;-1.436746;0.9979972;;
50.762;-1.436725;0.9979961;;
50.762;-1.436723;0.997996;;
50.763;-1.436722;0.997996;;
50.794;-1.419519;0.9967549;;
50.795;-1.419407;0.9967468;;
50.804;-1.419381;0.996745;;
50.805;-1.41938;0.9967449;;
50.805;-1.41938;0.9967449;;
50.806;-1.41938;0.9967449;;
50.827;-1.39768;0.9947516;;
50.828;-1.39768;0.9947516;;
50.83;-1.39768;0.9947516;;
50.832;-1.39768;0.9947516;;
50.833;-1.39768;0.9947516;;
50.834;-1.39768;0.9947516;;
50.8499441;;;-0.90896688113065;-0.653787294142774
50.655;-1.495358;0.9999892;;
50.656;-1.495358;0.9999892;;
50.657;-1.489463;0.9999366;;
50.659;-1.487862;0.9999223;;
50.661;-1.486989;0.9999145;;
50.662;-1.486875;0.9999135;;
50.662;-1.487184;0.9999162;;
50.663;-1.486968;0.9999143;;
50.689;-1.478074;0.9997585;;
50.691;-1.472758;0.9996266;;
50.692;-1.472183;0.9996124;;
50.692;-1.472089;0.9996101;;
50.694;-1.472008;0.999608;;
50.696;-1.471988;0.9996076;;
50.724;-1.460216;0.9992083;;
50.725;-1.460216;0.9992083;;
50.727;-1.460216;0.9992083;;
50.728;-1.460216;0.9992083;;
50.728;-1.460216;0.9992083;;
50.729;-1.460216;0.9992083;;
50.758;-1.436924;0.9980064;;
50.759;-1.436791;0.9979995;;
50.76;-1.436746;0.9979972;;
50.762;-1.436725;0.9979961;;
50.762;-1.436723;0.997996;;
50.763;-1.436722;0.997996;;
50.794;-1.419519;0.9967549;;
50.795;-1.419407;0.9967468;;
50.804;-1.419381;0.996745;;
50.805;-1.41938;0.9967449;;
50.805;-1.41938;0.9967449;;
50.806;-1.41938;0.9967449;;
50.827;-1.39768;0.9947516;;
50.828;-1.39768;0.9947516;;
50.83;-1.39768;0.9947516;;
50.832;-1.39768;0.9947516;;
50.833;-1.39768;0.9947516;;
50.834;-1.39768;0.9947516;;
50.861;-1.390131;0.9939461;;
50.862;-1.390131;0.9939461;;
50.865;-1.390131;0.9939461;;
50.866;-1.390131;0.9939461;;
50.896;-1.371083;0.9916554;;
50.897;-1.371083;0.9916554;;
50.897;-1.371083;0.9916554;;
50.898;-1.371083;0.9916554;;
50.9;-1.371083;0.9916554;;
50.902;-1.371083;0.9916554;;
50.902;-1.371083;0.9916554;;
50.903;-1.371083;0.9916554;;
50.929;-1.359815;0.9901236;;
50.932;-1.359604;0.9900949;;
50.934;-1.359555;0.9900882;;
50.935;-1.359541;0.9900864;;
50.936;-1.359524;0.9900841;;
50.9370748;;;0.300463736157642;-0.642230996598249
50.724;-1.460216;0.9992083;;
50.725;-1.460216;0.9992083;;
50.727;-1.460216;0.9992083;;
50.728;-1.460216;0.9992083;;
50.728;-1.460216;0.9992083;;
50.729;-1.460216;0.9992083;;
50.758;-1.436924;0.9980064;;
50.759;-1.436791;0.9979995;;
50.76;-1.436746;0.9979972;;
50.762;-1.436725;0.9979961;;
50.762;-1.436723;0.997996;;
50.763;-1.436722;0.997996;;
50.794;-1.419519;0.9967549;;
50.795;-1.419407;0.9967468;;
50.804;-1.419381;0.996745;;
50.805;-1.41938;0.9967449;;
50.805;-1.41938;0.9967449;;
50.806;-1.41938;0.9967449;;
50.827;-1.39768;0.9947516;;
50.828;-1.39768;0.9947516;;
50.83;-1.39768;0.9947516;;
50.832;-1.39768;0.9947516;;
50.833;-1.39768;0.9947516;;
50.834;-1.39768;0.9947516;;
50.861;-1.390131;0.9939461;;
50.862;-1.390131;0.9939461;;
50.865;-1.390131;0.9939461;;
50.866;-1.390131;0.9939461;;
50.896;-1.371083;0.9916554;;
50.897;-1.371083;0.9916554;;
50.897;-1.371083;0.9916554;;
50.898;-1.371083;0.9916554;;
50.9;-1.371083;0.9916554;;
50.902;-1.371083;0.9916554;;
50.902;-1.371083;0.9916554;;
50.903;-1.371083;0.9916554;;
50.929;-1.359815;0.9901236;;
50.932;-1.359604;0.9900949;;
50.934;-1.359555;0.9900882;;
50.935;-1.359541;0.9900864;;
50.936;-1.359524;0.9900841;;
50.937;-1.349735;0.9886363;;
50.965;-1.326533;0.9848348;;
50.967;-1.326251;0.9847899;;
50.968;-1.326251;0.9847899;;
50.97;-1.326251;0.9847899;;
50.972;-1.326251;0.9847899;;
50.998;-1.315305;0.9827933;;
51;-1.315012;0.98274;;
51.003;-1.314914;0.982722;;
51.003;-1.314908;0.982721;;
51.004;-1.314895;0.9827187;;
51.005;-1.31488;0.9827158;;
51.018222;;;0.24295643676713;-0.631596494686595
50.794;-1.419519;0.9967549;;
50.795;-1.419407;0.9967468;;
50.804;-1.419381;0.996745;;
50.805;-1.41938;0.9967449;;
50.805;-1.41938;0.9967449;;
50.806;-1.41938;0.9967449;;
50.827;-1.39768;0.9947516;;
50.828;-1.39768;0.9947516;;
50.83;-1.39768;0.9947516;;
50.832;-1.39768;0.9947516;;
50.833;-1.39768;0.9947516;;
50.834;-1.39768;0.9947516;;
50.861;-1.390131;0.9939461;;
50.862;-1.390131;0.9939461;;
50.865;-1.390131;0.9939461;;
50.866;-1.390131;0.9939461;;
50.896;-1.371083;0.9916554;;
50.897;-1.371083;0.9916554;;
50.897;-1.371083;0.9916554;;
50.898;-1.371083;0.9916554;;
50.9;-1.371083;0.9916554;;
50.902;-1.371083;0.9916554;;
50.902;-1.371083;0.9916554;;
50.903;-1.371083;0.9916554;;
50.929;-1.359815;0.9901236;;
50.932;-1.359604;0.9900949;;
50.934;-1.359555;0.9900882;;
50.935;-1.359541;0.9900864;;
50.936;-1.359524;0.9900841;;
50.937;-1.349735;0.9886363;;
50.965;-1.326533;0.9848348;;
50.967;-1.326251;0.9847899;;
50.968;-1.326251;0.9847899;;
50.97;-1.326251;0.9847899;;
50.972;-1.326251;0.9847899;;
50.998;-1.315305;0.9827933;;
51;-1.315012;0.98274;;
51.003;-1.314914;0.982722;;
51.003;-1.314908;0.982721;;
51.004;-1.314895;0.9827187;;
51.005;-1.31488;0.9827158;;
51.032;-1.30764;0.9813241;;
51.032;-1.307571;0.981311;;
51.035;-1.307571;0.981311;;
51.037;-1.307571;0.981311;;
51.038;-1.307571;0.981311;;
51.039;-1.307571;0.981311;;
51.066;-1.284973;0.9766056;;
51.067;-1.284811;0.9765719;;
51.069;-1.284781;0.9765656;;
51.071;-1.284769;0.9765632;;
51.072;-1.284767;0.9765626;;
51.073;-1.284763;0.9765618;;
51.092635;;;-0.214092704575588;-0.631327673418402
50.861;-1.390131;0.9939461;;
50.862;-1.390131;0.9939461;;
50.865;-1.390131;0.9939461;;
50.866;-1.390131;0.9939461;;
50.896;-1.371083;0.9916554;;
50.897;-1.371083;0.9916554;;
50.897;-1.371083;0.9916554;;
50.898;-1.371083;0.9916554;;
50.9;-1.371083;0.9916554;;
50.902;-1.371083;0.9916554;;
50.902;-1.371083;0.9916554;;
50.903;-1.371083;0.9916554;;
50.929;-1.359815;0.9901236;;
50.932;-1.359604;0.9900949;;
50.934;-1.359555;0.9900882;;
50.935;-1.359541;0.9900864;;
50.936;-1.359524;0.9900841;;
50.937;-1.349735;0.9886363;;
50.965;-1.326533;0.9848348;;
50.967;-1.326251;0.9847899;;
50.968;-1.326251;0.9847899;;
50.97;-1.326251;0.9847899;;
50.972;-1.326251;0.9847899;;
50.998;-1.315305;0.9827933;;
51;-1.315012;0.98274;;
51.003;-1.314914;0.982722;;
51.003;-1.314908;0.982721;;
51.004;-1.314895;0.9827187;;
51.005;-1.31488;0.9827158;;
51.032;-1.30764;0.9813241;;
51.032;-1.307571;0.981311;;
51.035;-1.307571;0.981311;;
51.037;-1.307571;0.981311;;
51.038;-1.307571;0.981311;;
51.039;-1.307571;0.981311;;
51.066;-1.284973;0.9766056;;
51.067;-1.284811;0.9765719;;
51.069;-1.284781;0.9765656;;
51.071;-1.284769;0.9765632;;
51.072;-1.284767;0.9765626;;
51.073;-1.284763;0.9765618;;
51.1;-1.26382;0.9717072;;
51.101;-1.263625;0.971662;;
51.102;-1.263625;0.971662;;
51.102;-1.263625;0.971662;;
51.104;-1.263625;0.971662;;
51.107;-1.263625;0.971662;;
51.134;-1.246101;0.9672277;;
51.137;-1.241788;0.9660859;;
51.14;-1.241264;0.9659472;;
51.141;-1.241188;0.9659271;;
51.142;-1.241002;0.9658779;;
51.143;-1.241002;0.9658779;;
51.1598133;;;-0.751376620672229;-0.64551951162427
50.965;-1.326533;0.9848348;;
50.967;-1.326251;0.9847899;;
50.968;-1.326251;0.9847899;;
50.97;-1.326251;0.9847899;;
50.972;-1.326251;0.9847899;;
50.998;-1.315305;0.9827933;;
51;-1.315012;0.98274;;
51.003;-1.314914;0.982722;;
51.003;-1.314908;0.982721;;
51.004;-1.314895;0.9827187;;
51.005;-1.31488;0.9827158;;
51.032;-1.30764;0.9813241;;
51.032;-1.307571;0.981311;;
51.035;-1.307571;0.981311;;
51.037;-1.307571;0.981311;;
51.038;-1.307571;0.981311;;
51.039;-1.307571;0.981311;;
51.066;-1.284973;0.9766056;;
51.067;-1.284811;0.9765719;;
51.069;-1.284781;0.9765656;;
51.071;-1.284769;0.9765632;;
51.072;-1.284767;0.9765626;;
51.073;-1.284763;0.9765618;;
51.1;-1.26382;0.9717072;;
51.101;-1.263625;0.971662;;
51.102;-1.263625;0.971662;;
51.102;-1.263625;0.971662;;
51.104;-1.263625;0.971662;;
51.107;-1.263625;0.971662;;
51.134;-1.246101;0.9672277;;
51.137;-1.241788;0.9660859;;
51.14;-1.241264;0.9659472;;
51.141;-1.241188;0.9659271;;
51.142;-1.241002;0.9658779;;
51.143;-1.241002;0.9658779;;
51.169;-1.229663;0.9627658;;
51.17;-1.229663;0.9627658;;
51.171;-1.229663;0.9627658;;
51.173;-1.229663;0.9627658;;
51.174;-1.229663;0.9627658;;
51.175;-1.229663;0.9627658;;
51.202;-1.210817;0.9572718;;
51.203;-1.21064;0.9572204;;
51.204;-1.21064;0.9572204;;
51.205;-1.208878;0.9566841;;
51.207;-1.207881;0.9563811;;
51.209;-1.207447;0.9562491;;
51.211;-1.207261;0.9561924;;
51.237;-1.201641;0.9544536;;
51.239;-1.201593;0.9544387;;
51.2416474;;;-0.481676688535829;-0.628751137794385
51.032;-1.30764;0.9813241;;
51.032;-1.307571;0.981311;;
51.035;-1.307571;0.981311;;
51.037;-1.307571;0.981311;;
51.038;-1.307571;0.981311;;
51.039;-1.307571;0.981311;;
51.066;-1.284973;0.9766056;;
51.067;-1.284811;0.9765719;;
51.069;-1.284781;0.9765656;;
51.071;-1.284769;0.9765632;;
51.072;-1.284767;0.9765626;;
51.073;-1.284763;0.9765618;;
51.1;-1.26382;0.9717072;;
51.101;-1.263625;0.971662;;
51.102;-1.263625;0.971662;;
51.102;-1.263625;0.971662;;
51.104;-1.263625;0.971662;;
51.107;-1.263625;0.971662;;
51.134;-1.246101;0.9672277;;
51.137;-1.241788;0.9660859;;
51.14;-1.241264;0.9659472;;
51.141;-1.241188;0.9659271;;
51.142;-1.241002;0.9658779;;
51.143;-1.241002;0.9658779;;
51.169;-1.229663;0.9627658;;
51.17;-1.229663;0.9627658;;
51.171;-1.229663;0.9627658;;
51.173;-1.229663;0.9627658;;
51.174;-1.229663;0.9627658;;
51.175;-1.229663;0.9627658;;
51.202;-1.210817;0.9572718;;
51.203;-1.21064;0.9572204;;
51.204;-1.21064;0.9572204;;
51.205;-1.208878;0.9566841;;
51.207;-1.207881;0.9563811;;
51.209;-1.207447;0.9562491;;
51.211;-1.207261;0.9561924;;
51.237;-1.201641;0.9544536;;
51.239;-1.201593;0.9544387;;
51.241;-1.196682;0.9528829;;
51.242;-1.194388;0.9521561;;
51.244;-1.194388;0.9521561;;
51.244;-1.194388;0.9521561;;
51.27;-1.183342;0.9485382;;
51.271;-1.183225;0.9485005;;
51.272;-1.183205;0.9484938;;
51.274;-1.183196;0.9484911;;
51.275;-1.183195;0.9484907;;
51.276;-1.183195;0.9484906;;
51.277;-1.183194;0.9484904;;
51.304;-1.172326;0.9447901;;
51.304;-1.170884;0.9442805;;
51.307;-1.161949;0.941123;;
51.308;-1.16152;0.9409716;;
51.31;-1.161313;0.9408985;;
51.311;-1.161232;0.9408698;;
51.3159876;;;0.641914309398946;-0.571079586639644
51.1;-1.26382;0.9717072;;
51.101;-1.263625;0.971662;;
51.102;-1.263625;0.971662;;
51.102;-1.263625;0.971662;;
51.104;-1.263625;0.971662;;
51.107;-1.263625;0.971662;;
51.134;-1.246101;0.9672277;;
51.137;-1.241788;0.9660859;;
51.14;-1.241264;0.9659472;;
51.141;-1.241188;0.9659271;;
51.142;-1.241002;0.9658779;;
51.143;-1.241002;0.9658779;;
51.169;-1.229663;0.9627658;;
51.17;-1.229663;0.9627658;;
51.171;-1.229663;0.9627658;;
51.173;-1.229663;0.9627658;;
51.174;-1.229663;0.9627658;;
51.175;-1.229663;0.9627658;;
51.202;-1.210817;0.9572718;;
51.203;-1.21064;0.9572204;;
51.204;-1.21064;0.9572204;;
51.205;-1.208878;0.9566841;;
51.207;-1.207881;0.9563811;;
51.209;-1.207447;0.9562491;;
51.211;-1.207261;0.9561924;;
51.237;-1.201641;0.9544536;;
51.239;-1.201593;0.9544387;;
51.241;-1.196682;0.9528829;;
51.242;-1.194388;0.9521561;;
51.244;-1.194388;0.9521561;;
51.244;-1.194388;0.9521561;;
51.27;-1.183342;0.9485382;;
51.271;-1.183225;0.9485005;;
51.272;-1.183205;0.9484938;;
51.274;-1.183196;0.9484911;;
51.275;-1.183195;0.9484907;;
51.276;-1.183195;0.9484906;;
51.277;-1.183194;0.9484904;;
51.304;-1.172326;0.9447901;;
51.304;-1.170884;0.9442805;;
51.307;-1.161949;0.941123;;
51.308;-1.16152;0.9409716;;
51.31;-1.161313;0.9408985;;
51.311;-1.161232;0.9408698;;
51.34;-1.146602;0.9354708;;
51.342;-1.13826;0.9322677;;
51.344;-1.136503;0.931593;;
51.345;-1.136149;0.9314573;;
51.374;-1.124568;0.92685;;
51.375;-1.124568;0.92685;;
51.378;-1.124568;0.92685;;
51.3836061;;;0.308138770197021;-0.535175533946627
51.169;-1.229663;0.9627658;;
51.17;-1.229663;0.9627658;;
51.171;-1.229663;0.9627658;;
51.173;-1.229663;0.9627658;;
51.174;-1.229663;0.9627658;;
51.175;-1.229663;0.9627658;;
51.202;-1.210817;0.9572718;;
51.203;-1.21064;0.9572204;;
51.204;-1.21064;0.9572204;;
51.205;-1.208878;0.9566841;;
51.207;-1.207881;0.9563811;;
51.209;-1.207447;0.9562491;;
51.211;-1.207261;0.9561924;;
51.237;-1.201641;0.9544536;;
51.239;-1.201593;0.9544387;;
51.241;-1.196682;0.9528829;;
51.242;-1.194388;0.9521561;;
51.244;-1.194388;0.9521561;;
51.244;-1.194388;0.9521561;;
51.27;-1.183342;0.9485382;;
51.271;-1.183225;0.9485005;;
51.272;-1.183205;0.9484938;;
51.274;-1.183196;0.9484911;;
51.275;-1.183195;0.9484907;;
51.276;-1.183195;0.9484906;;
51.277;-1.183194;0.9484904;;
51.304;-1.172326;0.9447901;;
51.304;-1.170884;0.9442805;;
51.307;-1.161949;0.941123;;
51.308;-1.16152;0.9409716;;
51.31;-1.161313;0.9408985;;
51.311;-1.161232;0.9408698;;
51.34;-1.146602;0.9354708;;
51.342;-1.13826;0.9322677;;
51.344;-1.136503;0.931593;;
51.345;-1.136149;0.9314573;;
51.374;-1.124568;0.92685;;
51.375;-1.124568;0.92685;;
51.378;-1.124568;0.92685;;
51.408;-1.107122;0.9195904;;
51.409;-1.107122;0.9195904;;
51.41;-1.107122;0.9195904;;
51.412;-1.107122;0.9195904;;
51.412;-1.107122;0.9195904;;
51.414;-1.107122;0.9195904;;
51.441;-1.092281;0.9131075;;
51.442;-1.092281;0.9131075;;
51.444;-1.092281;0.9131075;;
51.445;-1.092281;0.9131075;;
51.446;-1.092281;0.9131075;;
51.4615962;;;-0.476150657115161;-0.539852857068167
51.237;-1.201641;0.9544536;;
51.239;-1.201593;0.9544387;;
51.241;-1.196682;0.9528829;;
51.242;-1.194388;0.9521561;;
51.244;-1.194388;0.9521561;;
51.244;-1.194388;0.9521561;;
51.27;-1.183342;0.9485382;;
51.271;-1.183225;0.9485005;;
51.272;-1.183205;0.9484938;;
51.274;-1.183196;0.9484911;;
51.275;-1.183195;0.9484907;;
51.276;-1.183195;0.9484906;;
51.277;-1.183194;0.9484904;;
51.304;-1.172326;0.9447901;;
51.304;-1.170884;0.9442805;;
51.307;-1.161949;0.941123;;
51.308;-1.16152;0.9409716;;
51.31;-1.161313;0.9408985;;
51.311;-1.161232;0.9408698;;
51.34;-1.146602;0.9354708;;
51.342;-1.13826;0.9322677;;
51.344;-1.136503;0.931593;;
51.345;-1.136149;0.9314573;;
51.374;-1.124568;0.92685;;
51.375;-1.124568;0.92685;;
51.378;-1.124568;0.92685;;
51.408;-1.107122;0.9195904;;
51.409;-1.107122;0.9195904;;
51.41;-1.107122;0.9195904;;
51.412;-1.107122;0.9195904;;
51.412;-1.107122;0.9195904;;
51.414;-1.107122;0.9195904;;
51.441;-1.092281;0.9131075;;
51.442;-1.092281;0.9131075;;
51.444;-1.092281;0.9131075;;
51.445;-1.092281;0.9131075;;
51.446;-1.092281;0.9131075;;
51.475;-1.08162;0.9082721;;
51.476;-1.08162;0.9082721;;
51.476;-1.078376;0.9067663;;
51.479;-1.076449;0.9058718;;
51.509;-1.060618;0.8982991;;
51.511;-1.060502;0.8982432;;
51.512;-1.060489;0.8982372;;
51.514;-1.060485;0.8982354;;
51.5395413;;;-0.884668571516702;-0.557243237316824
51.34;-1.146602;0.9354708;;
51.342;-1.13826;0.9322677;;
51.344;-1.136503;0.931593;;
51.345;-1.136149;0.9314573;;
51.374;-1.124568;0.92685;;
51.375;-1.124568;0.92685;;
51.378;-1.124568;0.92685;;
51.408;-1.107122;0.9195904;;
51.409;-1.107122;0.9195904;;
51.41;-1.107122;0.9195904;;
51.412;-1.107122;0.9195904;;
51.412;-1.107122;0.9195904;;
51.414;-1.107122;0.9195904;;
51.441;-1.092281;0.9131075;;
51.442;-1.092281;0.9131075;;
51.444;-1.092281;0.9131075;;
51.445;-1.092281;0.9131075;;
51.446;-1.092281;0.9131075;;
51.475;-1.08162;0.9082721;;
51.476;-1.08162;0.9082721;;
51.476;-1.078376;0.9067663;;
51.479;-1.076449;0.9058718;;
51.509;-1.060618;0.8982991;;
51.511;-1.060502;0.8982432;;
51.512;-1.060489;0.8982372;;
51.514;-1.060485;0.8982354;;
51.541;-1.044981;0.8904804;;
51.543;-1.045105;0.890542;;
51.546;-1.044882;0.8904307;;
51.547;-1.04486;0.8904195;;
51.549;-1.044838;0.8904089;;
51.55;-1.044838;0.8904089;;
51.575;-1.029434;0.8823631;;
51.576;-1.029315;0.882301;;
51.577;-1.029292;0.8822889;;
51.579;-1.029284;0.8822847;;
51.58;-1.029282;0.8822839;;
51.58;-1.029282;0.8822838;;
51.609;-1.011387;0.8724984;;
51.611;-1.011271;0.8724353;;
51.612;-1.011246;0.8724214;;
51.613;-1.011237;0.8724169;;
51.614;-1.011235;0.8724157;;
51.615;-1.011233;0.8724146;;
51.6175556;;;-0.911201577769889;-0.561528082938513
51.408;-1.107122;0.9195904;;
51.409;-1.107122;0.9195904;;
51.41;-1.107122;0.9195904;;
51.412;-1.107122;0.9195904;;
51.412;-1.107122;0.9195904;;
51.414;-1.107122;0.9195904;;
51.441;-1.092281;0.9131075;;
51.442;-1.092281;0.9131075;;
51.444;-1.092281;0.9131075;;
51.445;-1.092281;0.9131075;;
51.446;-1.092281;0.9131075;;
51.475;-1.08162;0.9082721;;
51.476;-1.08162;0.9082721;;
51.476;-1.078376;0.9067663;;
51.479;-1.076449;0.9058718;;
51.509;-1.060618;0.8982991;;
51.511;-1.060502;0.8982432;;
51.512;-1.060489;0.8982372;;
51.514;-1.060485;0.8982354;;
51.541;-1.044981;0.8904804;;
51.543;-1.045105;0.890542;;
51.546;-1.044882;0.8904307;;
51.547;-1.04486;0.8904195;;
51.549;-1.044838;0.8904089;;
51.55;-1.044838;0.8904089;;
51.575;-1.029434;0.8823631;;
51.576;-1.029315;0.882301;;
51.577;-1.029292;0.8822889;;
51.579;-1.029284;0.8822847;;
51.58;-1.029282;0.8822839;;
51.58;-1.029282;0.8822838;;
51.609;-1.011387;0.8724984;;
51.611;-1.011271;0.8724353;;
51.612;-1.011246;0.8724214;;
51.613;-1.011237;0.8724169;;
51.614;-1.011235;0.8724157;;
51.615;-1.011233;0.8724146;;
51.644;-0.9984406;0.8651232;;
51.645;-0.9984406;0.8651232;;
51.646;-0.9984406;0.8651232;;
51.647;-0.9984406;0.8651232;;
51.647;-0.9984406;0.8651232;;
51.649;-0.9984406;0.8651232;;
51.677;-0.9838105;0.8564714;;
51.678;-0.9836309;0.8563651;;
51.68;-0.9835614;0.856324;;
51.681;-0.9835484;0.8563163;;
51.681;-0.9835462;0.856315;;
51.682;-0.9835443;0.8563139;;
51.6955879;;;-0.505725138184667;-0.543137055192053
51.475;-1.08162;0.9082721;;
51.476;-1.08162;0.9082721;;
51.476;-1.078376;0.9067663;;
51.479;-1.076449;0.9058718;;
51.509;-1.060618;0.8982991;;
51.511;-1.060502;0.8982432;;
51.512;-1.060489;0.8982372;;
51.514;-1.060485;0.8982354;;
51.541;-1.044981;0.8904804;;
51.543;-1.045105;0.890542;;
51.546;-1.044882;0.8904307;;
51.547;-1.04486;0.8904195;;
51.549;-1.044838;0.8904089;;
51.55;-1.044838;0.8904089;;
51.575;-1.029434;0.8823631;;
51.576;-1.029315;0.882301;;
51.577;-1.029292;0.8822889;;
51.579;-1.029284;0.8822847;;
51.58;-1.029282;0.8822839;;
51.58;-1.029282;0.8822838;;
51.609;-1.011387;0.8724984;;
51.611;-1.011271;0.8724353;;
51.612;-1.011246;0.8724214;;
51.613;-1.011237;0.8724169;;
51.614;-1.011235;0.8724157;;
51.615;-1.011233;0.8724146;;
51.644;-0.9984406;0.8651232;;
51.645;-0.9984406;0.8651232;;
51.646;-0.9984406;0.8651232;;
51.647;-0.9984406;0.8651232;;
51.647;-0.9984406;0.8651232;;
51.649;-0.9984406;0.8651232;;
51.677;-0.9838105;0.8564714;;
51.678;-0.9836309;0.8563651;;
51.68;-0.9835614;0.856324;;
51.681;-0.9835484;0.8563163;;
51.681;-0.9835462;0.856315;;
51.682;-0.9835443;0.8563139;;
51.71;-0.9735628;0.850214;;
51.71;-0.9735628;0.850214;;
51.713;-0.9704859;0.8482964;;
51.713;-0.9701486;0.8480862;;
51.716;-0.9687361;0.8472059;;
51.716;-0.9686613;0.8471593;;
51.744;-0.9539475;0.8377493;;
51.746;-0.9538605;0.8376936;;
51.749;-0.9538294;0.8376738;;
51.75;-0.9538201;0.8376678;;
51.7625618;;;0.708809879190971;-0.477825065481596
51.541;-1.044981;0.8904804;;
51.543;-1.045105;0.890542;;
51.546;-1.044882;0.8904307;;
51.547;-1.04486;0.8904195;;
51.549;-1.044838;0.8904089;;
51.55;-1.044838;0.8904089;;
51.575;-1.029434;0.8823631;;
51.576;-1.029315;0.882301;;
51.577;-1.029292;0.8822889;;
51.579;-1.029284;0.8822847;;
51.58;-1.029282;0.8822839;;
51.58;-1.029282;0.8822838;;
51.609;-1.011387;0.8724984;;
51.611;-1.011271;0.8724353;;
51.612;-1.011246;0.8724214;;
51.613;-1.011237;0.8724169;;
51.614;-1.011235;0.8724157;;
51.615;-1.011233;0.8724146;;
51.644;-0.9984406;0.8651232;;
51.645;-0.9984406;0.8651232;;
51.646;-0.9984406;0.8651232;;
51.647;-0.9984406;0.8651232;;
51.647;-0.9984406;0.8651232;;
51.649;-0.9984406;0.8651232;;
51.677;-0.9838105;0.8564714;;
51.678;-0.9836309;0.8563651;;
51.68;-0.9835614;0.856324;;
51.681;-0.9835484;0.8563163;;
51.681;-0.9835462;0.856315;;
51.682;-0.9835443;0.8563139;;
51.71;-0.9735628;0.850214;;
51.71;-0.9735628;0.850214;;
51.713;-0.9704859;0.8482964;;
51.713;-0.9701486;0.8480862;;
51.716;-0.9687361;0.8472059;;
51.716;-0.9686613;0.8471593;;
51.744;-0.9539475;0.8377493;;
51.746;-0.9538605;0.8376936;;
51.749;-0.9538294;0.8376738;;
51.75;-0.9538201;0.8376678;;
51.779;-0.9440737;0.8312308;;
51.781;-0.9397173;0.8282991;;
51.782;-0.9393392;0.8280447;;
51.785;-0.9332663;0.8238922;;
51.786;-0.9324106;0.8233072;;
51.787;-0.9317905;0.8228832;;
51.812;-0.9247495;0.8179769;;
51.813;-0.9246796;0.8179281;;
51.814;-0.9246796;0.8179281;;
51.817;-0.9246796;0.8179281;;
51.818;-0.9246796;0.8179281;;
51.819;-0.92106;0.8153663;;
51.8410025;;;0.379312402069675;-0.425283820630619
51.644;-0.9984406;0.8651232;;
51.645;-0.9984406;0.8651232;;
51.646;-0.9984406;0.8651232;;
51.647;-0.9984406;0.8651232;;
51.647;-0.9984406;0.8651232;;
51.649;-0.9984406;0.8651232;;
51.677;-0.9838105;0.8564714;;
51.678;-0.9836309;0.8563651;;
51.68;-0.9835614;0.856324;;
51.681;-0.9835484;0.8563163;;
51.681;-0.9835462;0.856315;;
51.682;-0.9835443;0.8563139;;
51.71;-0.9735628;0.850214;;
51.71;-0.9735628;0.850214;;
51.713;-0.9704859;0.8482964;;
51.713;-0.9701486;0.8480862;;
51.716;-0.9687361;0.8472059;;
51.716;-0.9686613;0.8471593;;
51.744;-0.9539475;0.8377493;;
51.746;-0.9538605;0.8376936;;
51.749;-0.9538294;0.8376738;;
51.75;-0.9538201;0.8376678;;
51.779;-0.9440737;0.8312308;;
51.781;-0.9397173;0.8282991;;
51.782;-0.9393392;0.8280447;;
51.785;-0.9332663;0.8238922;;
51.786;-0.9324106;0.8233072;;
51.787;-0.9317905;0.8228832;;
51.812;-0.9247495;0.8179769;;
51.813;-0.9246796;0.8179281;;
51.814;-0.9246796;0.8179281;;
51.817;-0.9246796;0.8179281;;
51.818;-0.9246796;0.8179281;;
51.819;-0.92106;0.8153663;;
51.847;-0.9106727;0.8078924;;
51.848;-0.9105765;0.8078232;;
51.849;-0.9105141;0.8077783;;
51.85;-0.9104909;0.8077617;;
51.85;-0.910487;0.8077588;;
51.851;-0.9104843;0.8077569;;
51.881;-0.8966594;0.7974821;;
51.882;-0.8965845;0.7974263;;
51.885;-0.8965517;0.7974021;;
51.886;-0.8925286;0.7943386;;
51.887;-0.8919094;0.7938671;;
51.888;-0.8918219;0.7938005;;
51.914;-0.8826928;0.7867213;;
51.915;-0.8826346;0.7866762;;
51.917;-0.8826116;0.7866584;;
51.919;-0.8826054;0.7866536;;
51.9197218;;;-0.675848897980303;-0.413388502826901
51.71;-0.9735628;0.850214;;
51.71;-0.9735628;0.850214;;
51.713;-0.9704859;0.8482964;;
51.713;-0.9701486;0.8480862;;
51.716;-0.9687361;0.8472059;;
51.716;-0.9686613;0.8471593;;
51.744;-0.9539475;0.8377493;;
51.746;-0.9538605;0.8376936;;
51.749;-0.9538294;0.8376738;;
51.75;-0.9538201;0.8376678;;
51.779;-0.9440737;0.8312308;;
51.781;-0.9397173;0.8282991;;
51.782;-0.9393392;0.8280447;;
51.785;-0.9332663;0.8238922;;
51.786;-0.9324106;0.8233072;;
51.787;-0.9317905;0.8228832;;
51.812;-0.9247495;0.8179769;;
51.813;-0.9246796;0.8179281;;
51.814;-0.9246796;0.8179281;;
51.817;-0.9246796;0.8179281;;
51.818;-0.9246796;0.8179281;;
51.819;-0.92106;0.8153663;;
51.847;-0.9106727;0.8078924;;
51.848;-0.9105765;0.8078232;;
51.849;-0.9105141;0.8077783;;
51.85;-0.9104909;0.8077617;;
51.85;-0.910487;0.8077588;;
51.851;-0.9104843;0.8077569;;
51.881;-0.8966594;0.7974821;;
51.882;-0.8965845;0.7974263;;
51.885;-0.8965517;0.7974021;;
51.886;-0.8925286;0.7943386;;
51.887;-0.8919094;0.7938671;;
51.888;-0.8918219;0.7938005;;
51.914;-0.8826928;0.7867213;;
51.915;-0.8826346;0.7866762;;
51.917;-0.8826116;0.7866584;;
51.919;-0.8826054;0.7866536;;
51.919;-0.8795922;0.7842744;;
51.92;-0.8789361;0.7837563;;
51.948;-0.8668268;0.7740079;;
51.95;-0.8667052;0.7739105;;
51.952;-0.8650901;0.7725846;;
51.953;-0.8646432;0.7722178;;
51.954;-0.8644288;0.7720417;;
51.956;-0.8642549;0.771899;;
51.982;-0.8553443;0.7644721;;
51.984;-0.8552903;0.7644271;;
51.986;-0.8522447;0.7618436;;
51.987;-0.8514875;0.7612013;;
51.988;-0.8509479;0.7607435;;
51.989;-0.8508742;0.760681;;
51.9975486;;;-0.833265211106426;-0.407625496906983
51.779;-0.9440737;0.8312308;;
51.781;-0.9397173;0.8282991;;
51.782;-0.9393392;0.8280447;;
51.785;-0.9332663;0.8238922;;
51.786;-0.9324106;0.8233072;;
51.787;-0.9317905;0.8228832;;
51.812;-0.9247495;0.8179769;;
51.813;-0.9246796;0.8179281;;
51.814;-0.9246796;0.8179281;;
51.817;-0.9246796;0.8179281;;
51.818;-0.9246796;0.8179281;;
51.819;-0.92106;0.8153663;;
51.847;-0.9106727;0.8078924;;
51.848;-0.9105765;0.8078232;;
51.849;-0.9105141;0.8077783;;
51.85;-0.9104909;0.8077617;;
51.85;-0.910487;0.8077588;;
51.851;-0.9104843;0.8077569;;
51.881;-0.8966594;0.7974821;;
51.882;-0.8965845;0.7974263;;
51.885;-0.8965517;0.7974021;;
51.886;-0.8925286;0.7943386;;
51.887;-0.8919094;0.7938671;;
51.888;-0.8918219;0.7938005;;
51.914;-0.8826928;0.7867213;;
51.915;-0.8826346;0.7866762;;
51.917;-0.8826116;0.7866584;;
51.919;-0.8826054;0.7866536;;
51.919;-0.8795922;0.7842744;;
51.92;-0.8789361;0.7837563;;
51.948;-0.8668268;0.7740079;;
51.95;-0.8667052;0.7739105;;
51.952;-0.8650901;0.7725846;;
51.953;-0.8646432;0.7722178;;
51.954;-0.8644288;0.7720417;;
51.956;-0.8642549;0.771899;;
51.982;-0.8553443;0.7644721;;
51.984;-0.8552903;0.7644271;;
51.986;-0.8522447;0.7618436;;
51.987;-0.8514875;0.7612013;;
51.988;-0.8509479;0.7607435;;
51.989;-0.8508742;0.760681;;
52.017;-0.8463047;0.7567573;;
52.018;-0.8433111;0.7541567;;
52.02;-0.8424754;0.7534308;;
52.022;-0.8366094;0.7482532;;
52.05;-0.8289551;0.7414159;;
52.05;-0.8289112;0.7413767;;
52.052;-0.8262101;0.7389171;;
52.055;-0.8249341;0.7377552;;
52.057;-0.8244713;0.7373337;;
52.058;-0.8244713;0.7373337;;
52.058;-0.8244713;0.7373337;;
52.059;-0.8244713;0.7373337;;
52.0646257;;;-0.370715047867018;-0.383816126640307
51.847;-0.9106727;0.8078924;;
51.848;-0.9105765;0.8078232;;
51.849;-0.9105141;0.8077783;;
51.85;-0.9104909;0.8077617;;
51.85;-0.910487;0.8077588;;
51.851;-0.9104843;0.8077569;;
51.881;-0.8966594;0.7974821;;
51.882;-0.8965845;0.7974263;;
51.885;-0.8965517;0.7974021;;
51.886;-0.8925286;0.7943386;;
51.887;-0.8919094;0.7938671;;
51.888;-0.8918219;0.7938005;;
51.914;-0.8826928;0.7867213;;
51.915;-0.8826346;0.7866762;;
51.917;-0.8826116;0.7866584;;
51.919;-0.8826054;0.7866536;;
51.919;-0.8795922;0.7842744;;
51.92;-0.8789361;0.7837563;;
51.948;-0.8668268;0.7740079;;
51.95;-0.8667052;0.7739105;;
51.952;-0.8650901;0.7725846;;
51.953;-0.8646432;0.7722178;;
51.954;-0.8644288;0.7720417;;
51.956;-0.8642549;0.771899;;
51.982;-0.8553443;0.7644721;;
51.984;-0.8552903;0.7644271;;
51.986;-0.8522447;0.7618436;;
51.987;-0.8514875;0.7612013;;
51.988;-0.8509479;0.7607435;;
51.989;-0.8508742;0.760681;;
52.017;-0.8463047;0.7567573;;
52.018;-0.8433111;0.7541567;;
52.02;-0.8424754;0.7534308;;
52.022;-0.8366094;0.7482532;;
52.05;-0.8289551;0.7414159;;
52.05;-0.8289112;0.7413767;;
52.052;-0.8262101;0.7389171;;
52.055;-0.8249341;0.7377552;;
52.057;-0.8244713;0.7373337;;
52.058;-0.8244713;0.7373337;;
52.058;-0.8244713;0.7373337;;
52.059;-0.8244713;0.7373337;;
52.085;-0.8160178;0.7294978;;
52.088;-0.8099909;0.7237972;;
52.09;-0.8095922;0.72342;;
52.119;-0.803354;0.7174146;;
52.121;-0.7996062;0.7137542;;
52.122;-0.7992694;0.7134252;;
52.124;-0.7991639;0.7133222;;
52.1427977;;;-0.0995717823308267;-0.353005449714244
51.914;-0.8826928;0.7867213;;
51.915;-0.8826346;0.7866762;;
51.917;-0.8826116;0.7866584;;
51.919;-0.8826054;0.7866536;;
51.919;-0.8795922;0.7842744;;
51.92;-0.8789361;0.7837563;;
51.948;-0.8668268;0.7740079;;
51.95;-0.8667052;0.7739105;;
51.952;-0.8650901;0.7725846;;
51.953;-0.8646432;0.7722178;;
51.954;-0.8644288;0.7720417;;
51.956;-0.8642549;0.771899;;
51.982;-0.8553443;0.7644721;;
51.984;-0.8552903;0.7644271;;
51.986;-0.8522447;0.7618436;;
51.987;-0.8514875;0.7612013;;
51.988;-0.8509479;0.7607435;;
51.989;-0.8508742;0.760681;;
52.017;-0.8463047;0.7567573;;
52.018;-0.8433111;0.7541567;;
52.02;-0.8424754;0.7534308;;
52.022;-0.8366094;0.7482532;;
52.05;-0.8289551;0.7414159;;
52.05;-0.8289112;0.7413767;;
52.052;-0.8262101;0.7389171;;
52.055;-0.8249341;0.7377552;;
52.057;-0.8244713;0.7373337;;
52.058;-0.8244713;0.7373337;;
52.058;-0.8244713;0.7373337;;
52.059;-0.8244713;0.7373337;;
52.085;-0.8160178;0.7294978;;
52.088;-0.8099909;0.7237972;;
52.09;-0.8095922;0.72342;;
52.119;-0.803354;0.7174146;;
52.121;-0.7996062;0.7137542;;
52.122;-0.7992694;0.7134252;;
52.124;-0.7991639;0.7133222;;
52.152;-0.7909324;0.7051388;;
52.155;-0.7908057;0.7050129;;
52.158;-0.787291;0.7014566;;
52.187;-0.7746986;0.6884274;;
52.188;-0.77454;0.6882633;;
52.19;-0.7744898;0.6882113;;
52.192;-0.7744848;0.6882061;;
52.2211043;;;-0.695127885032018;-0.369899184831425
52.017;-0.8463047;0.7567573;;
52.018;-0.8433111;0.7541567;;
52.02;-0.8424754;0.7534308;;
52.022;-0.8366094;0.7482532;;
52.05;-0.8289551;0.7414159;;
52.05;-0.8289112;0.7413767;;
52.052;-0.8262101;0.7389171;;
52.055;-0.8249341;0.7377552;;
52.057;-0.8244713;0.7373337;;
52.058;-0.8244713;0.7373337;;
52.058;-0.8244713;0.7373337;;
52.059;-0.8244713;0.7373337;;
52.085;-0.8160178;0.7294978;;
52.088;-0.8099909;0.7237972;;
52.09;-0.8095922;0.72342;;
52.119;-0.803354;0.7174146;;
52.121;-0.7996062;0.7137542;;
52.122;-0.7992694;0.7134252;;
52.124;-0.7991639;0.7133222;;
52.152;-0.7909324;0.7051388;;
52.155;-0.7908057;0.7050129;;
52.158;-0.787291;0.7014566;;
52.187;-0.7746986;0.6884274;;
52.188;-0.77454;0.6882633;;
52.19;-0.7744898;0.6882113;;
52.192;-0.7744848;0.6882061;;
52.221;-0.7627198;0.6755832;;
52.222;-0.7627131;0.6755761;;
52.223;-0.7627981;0.6756673;;
52.227;-0.7625585;0.6754102;;
52.229;-0.7625172;0.6753659;;
52.23;-0.7625172;0.6753659;;
52.23;-0.7625172;0.6753659;;
52.23;-0.7625172;0.6753659;;
52.254;-0.7531221;0.6649596;;
52.255;-0.7513078;0.6629159;;
52.256;-0.7509772;0.6625435;;
52.258;-0.7508419;0.662391;;
52.289;-0.7396035;0.6494536;;
52.291;-0.7393939;0.6492123;;
52.293;-0.7393546;0.6491671;;
52.294;-0.7393414;0.649152;;
52.296;-0.7393306;0.6491395;;
52.297;-0.7393306;0.6491395;;
52.299087;;;-0.964579386939418;-0.404973310332318
52.085;-0.8160178;0.7294978;;
52.088;-0.8099909;0.7237972;;
52.09;-0.8095922;0.72342;;
52.119;-0.803354;0.7174146;;
52.121;-0.7996062;0.7137542;;
52.122;-0.7992694;0.7134252;;
52.124;-0.7991639;0.7133222;;
52.152;-0.7909324;0.7051388;;
52.155;-0.7908057;0.7050129;;
52.158;-0.787291;0.7014566;;
52.187;-0.7746986;0.6884274;;
52.188;-0.77454;0.6882633;;
52.19;-0.7744898;0.6882113;;
52.192;-0.7744848;0.6882061;;
52.221;-0.7627198;0.6755832;;
52.222;-0.7627131;0.6755761;;
52.223;-0.7627981;0.6756673;;
52.227;-0.7625585;0.6754102;;
52.229;-0.7625172;0.6753659;;
52.23;-0.7625172;0.6753659;;
52.23;-0.7625172;0.6753659;;
52.23;-0.7625172;0.6753659;;
52.254;-0.7531221;0.6649596;;
52.255;-0.7513078;0.6629159;;
52.256;-0.7509772;0.6625435;;
52.258;-0.7508419;0.662391;;
52.289;-0.7396035;0.6494536;;
52.291;-0.7393939;0.6492123;;
52.293;-0.7393546;0.6491671;;
52.294;-0.7393414;0.649152;;
52.296;-0.7393306;0.6491395;;
52.297;-0.7393306;0.6491395;;
52.322;-0.7274937;0.6350018;;
52.322;-0.7274538;0.634954;;
52.325;-0.7272888;0.6347571;;
52.326;-0.7272684;0.6347327;;
52.328;-0.7272572;0.6347193;;
52.328;-0.7272572;0.6347193;;
52.356;-0.7169999;0.6220217;;
52.357;-0.7169999;0.6220217;;
52.359;-0.7169999;0.6220217;;
52.36;-0.7169999;0.6220217;;
52.361;-0.7169999;0.6220217;;
52.3775265;;;-0.894464746065401;-0.436670579831502
52.152;-0.7909324;0.7051388;;
52.155;-0.7908057;0.7050129;;
52.158;-0.787291;0.7014566;;
52.187;-0.7746986;0.6884274;;
52.188;-0.77454;0.6882633;;
52.19;-0.7744898;0.6882113;;
52.192;-0.7744848;0.6882061;;
52.221;-0.7627198;0.6755832;;
52.222;-0.7627131;0.6755761;;
52.223;-0.7627981;0.6756673;;
52.227;-0.7625585;0.6754102;;
52.229;-0.7625172;0.6753659;;
52.23;-0.7625172;0.6753659;;
52.23;-0.7625172;0.6753659;;
52.23;-0.7625172;0.6753659;;
52.254;-0.7531221;0.6649596;;
52.255;-0.7513078;0.6629159;;
52.256;-0.7509772;0.6625435;;
52.258;-0.7508419;0.662391;;
52.289;-0.7396035;0.6494536;;
52.291;-0.7393939;0.6492123;;
52.293;-0.7393546;0.6491671;;
52.294;-0.7393414;0.649152;;
52.296;-0.7393306;0.6491395;;
52.297;-0.7393306;0.6491395;;
52.322;-0.7274937;0.6350018;;
52.322;-0.7274538;0.634954;;
52.325;-0.7272888;0.6347571;;
52.326;-0.7272684;0.6347327;;
52.328;-0.7272572;0.6347193;;
52.328;-0.7272572;0.6347193;;
52.356;-0.7169999;0.6220217;;
52.357;-0.7169999;0.6220217;;
52.359;-0.7169999;0.6220217;;
52.36;-0.7169999;0.6220217;;
52.361;-0.7169999;0.6220217;;
52.39;-0.7098687;0.6129358;;
52.397;-0.7097436;0.6127763;;
52.398;-0.7097436;0.6127763;;
52.399;-0.7097436;0.6127763;;
52.399;-0.7097436;0.6127763;;
52.4;-0.7070196;0.6092422;;
52.401;-0.7063925;0.6084287;;
52.401;-0.7062846;0.6082887;;
52.424;-0.6976886;0.5969039;;
52.426;-0.697618;0.5968103;;
52.426;-0.696404;0.5951729;;
52.428;-0.6957386;0.5942754;;
52.4475499;;;-0.879614576004953;-0.454705404507412
52.221;-0.7627198;0.6755832;;
52.222;-0.7627131;0.6755761;;
52.223;-0.7627981;0.6756673;;
52.227;-0.7625585;0.6754102;;
52.229;-0.7625172;0.6753659;;
52.23;-0.7625172;0.6753659;;
52.23;-0.7625172;0.6753659;;
52.23;-0.7625172;0.6753659;;
52.254;-0.7531221;0.6649596;;
52.255;-0.7513078;0.6629159;;
52.256;-0.7509772;0.6625435;;
52.258;-0.7508419;0.662391;;
52.289;-0.7396035;0.6494536;;
52.291;-0.7393939;0.6492123;;
52.293;-0.7393546;0.6491671;;
52.294;-0.7393414;0.649152;;
52.296;-0.7393306;0.6491395;;
52.297;-0.7393306;0.6491395;;
52.322;-0.7274937;0.6350018;;
52.322;-0.7274538;0.634954;;
52.325;-0.7272888;0.6347571;;
52.326;-0.7272684;0.6347327;;
52.328;-0.7272572;0.6347193;;
52.328;-0.7272572;0.6347193;;
52.356;-0.7169999;0.6220217;;
52.357;-0.7169999;0.6220217;;
52.359;-0.7169999;0.6220217;;
52.36;-0.7169999;0.6220217;;
52.361;-0.7169999;0.6220217;;
52.39;-0.7098687;0.6129358;;
52.397;-0.7097436;0.6127763;;
52.398;-0.7097436;0.6127763;;
52.399;-0.7097436;0.6127763;;
52.399;-0.7097436;0.6127763;;
52.4;-0.7070196;0.6092422;;
52.401;-0.7063925;0.6084287;;
52.401;-0.7062846;0.6082887;;
52.424;-0.6976886;0.5969039;;
52.426;-0.697618;0.5968103;;
52.426;-0.696404;0.5951729;;
52.428;-0.6957386;0.5942754;;
52.459;-0.6911312;0.5879888;;
52.46;-0.6911115;0.5879619;;
52.462;-0.691098;0.5879434;;
52.463;-0.6910951;0.5879395;;
52.464;-0.6910944;0.5879385;;
52.465;-0.6910939;0.5879378;;
52.492;-0.6777169;0.5690744;;
52.494;-0.6776087;0.5689218;;
52.496;-0.6775959;0.5689036;;
52.498;-0.6775948;0.5689023;;
52.499;-0.6775945;0.5689018;;
52.5;-0.6775945;0.5689017;;
52.501;-0.6775945;0.5689017;;
52.5227332;;;-0.891663587519558;-0.451176425174153
52.289;-0.7396035;0.6494536;;
52.291;-0.7393939;0.6492123;;
52.293;-0.7393546;0.6491671;;
52.294;-0.7393414;0.649152;;
52.296;-0.7393306;0.6491395;;
52.297;-0.7393306;0.6491395;;
52.322;-0.7274937;0.6350018;;
52.322;-0.7274538;0.634954;;
52.325;-0.7272888;0.6347571;;
52.326;-0.7272684;0.6347327;;
52.328;-0.7272572;0.6347193;;
52.328;-0.7272572;0.6347193;;
52.356;-0.7169999;0.6220217;;
52.357;-0.7169999;0.6220217;;
52.359;-0.7169999;0.6220217;;
52.36;-0.7169999;0.6220217;;
52.361;-0.7169999;0.6220217;;
52.39;-0.7098687;0.6129358;;
52.397;-0.7097436;0.6127763;;
52.398;-0.7097436;0.6127763;;
52.399;-0.7097436;0.6127763;;
52.399;-0.7097436;0.6127763;;
52.4;-0.7070196;0.6092422;;
52.401;-0.7063925;0.6084287;;
52.401;-0.7062846;0.6082887;;
52.424;-0.6976886;0.5969039;;
52.426;-0.697618;0.5968103;;
52.426;-0.696404;0.5951729;;
52.428;-0.6957386;0.5942754;;
52.459;-0.6911312;0.5879888;;
52.46;-0.6911115;0.5879619;;
52.462;-0.691098;0.5879434;;
52.463;-0.6910951;0.5879395;;
52.464;-0.6910944;0.5879385;;
52.465;-0.6910939;0.5879378;;
52.492;-0.6777169;0.5690744;;
52.494;-0.6776087;0.5689218;;
52.496;-0.6775959;0.5689036;;
52.498;-0.6775948;0.5689023;;
52.499;-0.6775945;0.5689018;;
52.5;-0.6775945;0.5689017;;
52.501;-0.6775945;0.5689017;;
52.527;-0.6654429;0.5509214;;
52.528;-0.6654429;0.5509214;;
52.529;-0.6654429;0.5509214;;
52.531;-0.6654429;0.5509214;;
52.532;-0.6654429;0.5509214;;
52.533;-0.6654429;0.5509214;;
52.533;-0.6654429;0.5509214;;
52.56;-0.6548557;0.5345383;;
52.561;-0.6548557;0.5345383;;
52.562;-0.6548557;0.5345383;;
52.565;-0.6548557;0.5345383;;
52.565;-0.6548557;0.5345383;;
52.566;-0.6548557;0.5345383;;
52.5893197;;;-0.690221033368521;-0.439716026466946
52.356;-0.7169999;0.6220217;;
52.357;-0.7169999;0.6220217;;
52.359;-0.7169999;0.6220217;;
52.36;-0.7169999;0.6220217;;
52.361;-0.7169999;0.6220217;;
52.39;-0.7098687;0.6129358;;
52.397;-0.7097436;0.6127763;;
52.398;-0.7097436;0.6127763;;
52.399;-0.7097436;0.6127763;;
52.399;-0.7097436;0.6127763;;
52.4;-0.7070196;0.6092422;;
52.401;-0.7063925;0.6084287;;
52.401;-0.7062846;0.6082887;;
52.424;-0.6976886;0.5969039;;
52.426;-0.697618;0.5968103;;
52.426;-0.696404;0.5951729;;
52.428;-0.6957386;0.5942754;;
52.459;-0.6911312;0.5879888;;
52.46;-0.6911115;0.5879619;;
52.462;-0.691098;0.5879434;;
52.463;-0.6910951;0.5879395;;
52.464;-0.6910944;0.5879385;;
52.465;-0.6910939;0.5879378;;
52.492;-0.6777169;0.5690744;;
52.494;-0.6776087;0.5689218;;
52.496;-0.6775959;0.5689036;;
52.498;-0.6775948;0.5689023;;
52.499;-0.6775945;0.5689018;;
52.5;-0.6775945;0.5689017;;
52.501;-0.6775945;0.5689017;;
52.527;-0.6654429;0.5509214;;
52.528;-0.6654429;0.5509214;;
52.529;-0.6654429;0.5509214;;
52.531;-0.6654429;0.5509214;;
52.532;-0.6654429;0.5509214;;
52.533;-0.6654429;0.5509214;;
52.533;-0.6654429;0.5509214;;
52.56;-0.6548557;0.5345383;;
52.561;-0.6548557;0.5345383;;
52.562;-0.6548557;0.5345383;;
52.565;-0.6548557;0.5345383;;
52.565;-0.6548557;0.5345383;;
52.566;-0.6548557;0.5345383;;
52.594;-0.6467535;0.5215058;;
52.594;-0.6467354;0.5214767;;
52.595;-0.646695;0.5214117;;
52.597;-0.6466826;0.5213916;;
52.598;-0.6466809;0.5213889;;
52.599;-0.6466799;0.5213873;;
52.628;-0.6367242;0.5047259;;
52.63;-0.6365907;0.5045025;;
52.631;-0.6365623;0.504455;;
52.632;-0.6365537;0.5044406;;
52.633;-0.6365508;0.5044357;;
52.633;-0.6365502;0.5044348;;
52.6567152;;;0.0966414324779173;-0.398495852202683
52.424;-0.6976886;0.5969039;;
52.426;-0.697618;0.5968103;;
52.426;-0.696404;0.5951729;;
52.428;-0.6957386;0.5942754;;
52.459;-0.6911312;0.5879888;;
52.46;-0.6911115;0.5879619;;
52.462;-0.691098;0.5879434;;
52.463;-0.6910951;0.5879395;;
52.464;-0.6910944;0.5879385;;
52.465;-0.6910939;0.5879378;;
52.492;-0.6777169;0.5690744;;
52.494;-0.6776087;0.5689218;;
52.496;-0.6775959;0.5689036;;
52.498;-0.6775948;0.5689023;;
52.499;-0.6775945;0.5689018;;
52.5;-0.6775945;0.5689017;;
52.501;-0.6775945;0.5689017;;
52.527;-0.6654429;0.5509214;;
52.528;-0.6654429;0.5509214;;
52.529;-0.6654429;0.5509214;;
52.531;-0.6654429;0.5509214;;
52.532;-0.6654429;0.5509214;;
52.533;-0.6654429;0.5509214;;
52.533;-0.6654429;0.5509214;;
52.56;-0.6548557;0.5345383;;
52.561;-0.6548557;0.5345383;;
52.562;-0.6548557;0.5345383;;
52.565;-0.6548557;0.5345383;;
52.565;-0.6548557;0.5345383;;
52.566;-0.6548557;0.5345383;;
52.594;-0.6467535;0.5215058;;
52.594;-0.6467354;0.5214767;;
52.595;-0.646695;0.5214117;;
52.597;-0.6466826;0.5213916;;
52.598;-0.6466809;0.5213889;;
52.599;-0.6466799;0.5213873;;
52.628;-0.6367242;0.5047259;;
52.63;-0.6365907;0.5045025;;
52.631;-0.6365623;0.504455;;
52.632;-0.6365537;0.5044406;;
52.633;-0.6365508;0.5044357;;
52.633;-0.6365502;0.5044348;;
52.661;-0.628998;0.4912775;;
52.662;-0.6289412;0.4911784;;
52.664;-0.6289341;0.4911663;;
52.665;-0.6289324;0.4911632;;
52.667;-0.6289315;0.4911616;;
52.668;-0.6289315;0.4911616;;
52.696;-0.6198124;0.4746157;;
52.697;-0.619666;0.4743502;;
52.699;-0.6195908;0.4742137;;
52.7;-0.619579;0.4741922;;
52.701;-0.6195665;0.4741696;;
52.702;-0.6182543;0.4717216;;
52.7238963;;;0.948689657565905;-0.327000168072691
52.492;-0.6777169;0.5690744;;
52.494;-0.6776087;0.5689218;;
52.496;-0.6775959;0.5689036;;
52.498;-0.6775948;0.5689023;;
52.499;-0.6775945;0.5689018;;
52.5;-0.6775945;0.5689017;;
52.501;-0.6775945;0.5689017;;
52.527;-0.6654429;0.5509214;;
52.528;-0.6654429;0.5509214;;
52.529;-0.6654429;0.5509214;;
52.531;-0.6654429;0.5509214;;
52.532;-0.6654429;0.5509214;;
52.533;-0.6654429;0.5509214;;
52.533;-0.6654429;0.5509214;;
52.56;-0.6548557;0.5345383;;
52.561;-0.6548557;0.5345383;;
52.562;-0.6548557;0.5345383;;
52.565;-0.6548557;0.5345383;;
52.565;-0.6548557;0.5345383;;
52.566;-0.6548557;0.5345383;;
52.594;-0.6467535;0.5215058;;
52.594;-0.6467354;0.5214767;;
52.595;-0.646695;0.5214117;;
52.597;-0.6466826;0.5213916;;
52.598;-0.6466809;0.5213889;;
52.599;-0.6466799;0.5213873;;
52.628;-0.6367242;0.5047259;;
52.63;-0.6365907;0.5045025;;
52.631;-0.6365623;0.504455;;
52.632;-0.6365537;0.5044406;;
52.633;-0.6365508;0.5044357;;
52.633;-0.6365502;0.5044348;;
52.661;-0.628998;0.4912775;;
52.662;-0.6289412;0.4911784;;
52.664;-0.6289341;0.4911663;;
52.665;-0.6289324;0.4911632;;
52.667;-0.6289315;0.4911616;;
52.668;-0.6289315;0.4911616;;
52.696;-0.6198124;0.4746157;;
52.697;-0.619666;0.4743502;;
52.699;-0.6195908;0.4742137;;
52.7;-0.619579;0.4741922;;
52.701;-0.6195665;0.4741696;;
52.702;-0.6182543;0.4717216;;
52.729;-0.6122387;0.4603025;;
52.73;-0.612193;0.4602158;;
52.732;-0.6121863;0.4602029;;
52.734;-0.6121842;0.4601989;;
52.735;-0.6121832;0.4601971;;
52.736;-0.6121832;0.4601971;;
52.764;-0.6038743;0.4437902;;
52.767;-0.6037018;0.4434494;;
52.776;-0.6019838;0.4399594;;
52.778;-0.6018373;0.4396617;;
52.78;-0.6017163;0.4394158;;
52.781;-0.5996923;0.4352468;;
52.7906392;;;0.981186199205537;-0.254301972675145
52.56;-0.6548557;0.5345383;;
52.561;-0.6548557;0.5345383;;
52.562;-0.6548557;0.5345383;;
52.565;-0.6548557;0.5345383;;
52.565;-0.6548557;0.5345383;;
52.566;-0.6548557;0.5345383;;
52.594;-0.6467535;0.5215058;;
52.594;-0.6467354;0.5214767;;
52.595;-0.646695;0.5214117;;
52.597;-0.6466826;0.5213916;;
52.598;-0.6466809;0.5213889;;
52.599;-0.6466799;0.5213873;;
52.628;-0.6367242;0.5047259;;
52.63;-0.6365907;0.5045025;;
52.631;-0.6365623;0.504455;;
52.632;-0.6365537;0.5044406;;
52.633;-0.6365508;0.5044357;;
52.633;-0.6365502;0.5044348;;
52.661;-0.628998;0.4912775;;
52.662;-0.6289412;0.4911784;;
52.664;-0.6289341;0.4911663;;
52.665;-0.6289324;0.4911632;;
52.667;-0.6289315;0.4911616;;
52.668;-0.6289315;0.4911616;;
52.696;-0.6198124;0.4746157;;
52.697;-0.619666;0.4743502;;
52.699;-0.6195908;0.4742137;;
52.7;-0.619579;0.4741922;;
52.701;-0.6195665;0.4741696;;
52.702;-0.6182543;0.4717216;;
52.729;-0.6122387;0.4603025;;
52.73;-0.612193;0.4602158;;
52.732;-0.6121863;0.4602029;;
52.734;-0.6121842;0.4601989;;
52.735;-0.6121832;0.4601971;;
52.736;-0.6121832;0.4601971;;
52.764;-0.6038743;0.4437902;;
52.767;-0.6037018;0.4434494;;
52.776;-0.6019838;0.4399594;;
52.778;-0.6018373;0.4396617;;
52.78;-0.6017163;0.4394158;;
52.781;-0.5996923;0.4352468;;
52.798;-0.5964937;0.4285738;;
52.799;-0.5964546;0.4284922;;
52.8;-0.5964491;0.4284808;;
52.801;-0.5964479;0.4284784;;
52.802;-0.5964478;0.4284779;;
52.805;-0.5964476;0.4284777;;
52.832;-0.5885447;0.411387;;
52.835;-0.5872024;0.4084063;;
52.838;-0.5869205;0.4077802;;
52.839;-0.5868575;0.4076403;;
52.84;-0.5868485;0.4076202;;
52.8576504;;;0.903674030237125;-0.231101576749011
52.628;-0.6367242;0.5047259;;
52.63;-0.6365907;0.5045025;;
52.631;-0.6365623;0.504455;;
52.632;-0.6365537;0.5044406;;
52.633;-0.6365508;0.5044357;;
52.633;-0.6365502;0.5044348;;
52.661;-0.628998;0.4912775;;
52.662;-0.6289412;0.4911784;;
52.664;-0.6289341;0.4911663;;
52.665;-0.6289324;0.4911632;;
52.667;-0.6289315;0.4911616;;
52.668;-0.6289315;0.4911616;;
52.696;-0.6198124;0.4746157;;
52.697;-0.619666;0.4743502;;
52.699;-0.6195908;0.4742137;;
52.7;-0.619579;0.4741922;;
52.701;-0.6195665;0.4741696;;
52.702;-0.6182543;0.4717216;;
52.729;-0.6122387;0.4603025;;
52.73;-0.612193;0.4602158;;
52.732;-0.6121863;0.4602029;;
52.734;-0.6121842;0.4601989;;
52.735;-0.6121832;0.4601971;;
52.736;-0.6121832;0.4601971;;
52.764;-0.6038743;0.4437902;;
52.767;-0.6037018;0.4434494;;
52.776;-0.6019838;0.4399594;;
52.778;-0.6018373;0.4396617;;
52.78;-0.6017163;0.4394158;;
52.781;-0.5996923;0.4352468;;
52.798;-0.5964937;0.4285738;;
52.799;-0.5964546;0.4284922;;
52.8;-0.5964491;0.4284808;;
52.801;-0.5964479;0.4284784;;
52.802;-0.5964478;0.4284779;;
52.805;-0.5964476;0.4284777;;
52.832;-0.5885447;0.411387;;
52.835;-0.5872024;0.4084063;;
52.838;-0.5869205;0.4077802;;
52.839;-0.5868575;0.4076403;;
52.84;-0.5868485;0.4076202;;
52.868;-0.5821669;0.3969649;;
52.901;-0.574649;0.3791075;;
52.902;-0.5746099;0.3790148;;
52.907;-0.5731788;0.3755018;;
52.9247207;;;0.616170187258111;-0.216747201730127
52.729;-0.6122387;0.4603025;;
52.73;-0.612193;0.4602158;;
52.732;-0.6121863;0.4602029;;
52.734;-0.6121842;0.4601989;;
52.735;-0.6121832;0.4601971;;
52.736;-0.6121832;0.4601971;;
52.764;-0.6038743;0.4437902;;
52.767;-0.6037018;0.4434494;;
52.776;-0.6019838;0.4399594;;
52.778;-0.6018373;0.4396617;;
52.78;-0.6017163;0.4394158;;
52.781;-0.5996923;0.4352468;;
52.798;-0.5964937;0.4285738;;
52.799;-0.5964546;0.4284922;;
52.8;-0.5964491;0.4284808;;
52.801;-0.5964479;0.4284784;;
52.802;-0.5964478;0.4284779;;
52.805;-0.5964476;0.4284777;;
52.832;-0.5885447;0.411387;;
52.835;-0.5872024;0.4084063;;
52.838;-0.5869205;0.4077802;;
52.839;-0.5868575;0.4076403;;
52.84;-0.5868485;0.4076202;;
52.868;-0.5821669;0.3969649;;
52.901;-0.574649;0.3791075;;
52.902;-0.5746099;0.3790148;;
52.907;-0.5731788;0.3755018;;
52.935;-0.5687729;0.3644376;;
52.94;-0.5667783;0.3592986;;
52.942;-0.5666832;0.3590537;;
52.969;-0.5625491;0.3481156;;
52.97;-0.5609885;0.3438769;;
52.972;-0.5607113;0.3431239;;
52.974;-0.5606055;0.3428365;;
52.975;-0.5605549;0.3426989;;
52.975;-0.5605462;0.3426752;;
53.002;-0.5565847;0.3316118;;
53.0032115;;;-0.757703640315102;-0.237655314643185
52.778;-0.6018373;0.4396617;;
52.78;-0.6017163;0.4394158;;
52.781;-0.5996923;0.4352468;;
52.798;-0.5964937;0.4285738;;
52.799;-0.5964546;0.4284922;;
52.8;-0.5964491;0.4284808;;
52.801;-0.5964479;0.4284784;;
52.802;-0.5964478;0.4284779;;
52.805;-0.5964476;0.4284777;;
52.832;-0.5885447;0.411387;;
52.835;-0.5872024;0.4084063;;
52.838;-0.5869205;0.4077802;;
52.839;-0.5868575;0.4076403;;
52.84;-0.5868485;0.4076202;;
52.868;-0.5821669;0.3969649;;
52.901;-0.574649;0.3791075;;
52.902;-0.5746099;0.3790148;;
52.907;-0.5731788;0.3755018;;
52.935;-0.5687729;0.3644376;;
52.94;-0.5667783;0.3592986;;
52.942;-0.5666832;0.3590537;;
52.969;-0.5625491;0.3481156;;
52.97;-0.5609885;0.3438769;;
52.972;-0.5607113;0.3431239;;
52.974;-0.5606055;0.3428365;;
52.975;-0.5605549;0.3426989;;
52.975;-0.5605462;0.3426752;;
53.002;-0.5565847;0.3316118;;
53.003;-0.554912;0.326809;;
53.004;-0.5548062;0.3265051;;
53.005;-0.5547575;0.3263651;;
53.007;-0.5546665;0.326104;;
53.009;-0.5546382;0.3260227;;
53.036;-0.5490413;0.3093134;;
53.038;-0.5489961;0.3091784;;
53.039;-0.5489902;0.3091607;;
53.041;-0.5489902;0.3091607;;
53.042;-0.5489902;0.3091607;;
53.043;-0.5489902;0.3091607;;
53.071;-0.5438038;0.292722;;
53.073;-0.5437626;0.2925913;;
53.074;-0.5437597;0.2925822;;
53.076;-0.5437583;0.2925776;;
53.077;-0.5437576;0.2925755;;
53.078;-0.5437575;0.2925752;;
53.0807805;;;-0.941221762121734;-0.244957050852782
52.868;-0.5821669;0.3969649;;
52.901;-0.574649;0.3791075;;
52.902;-0.5746099;0.3790148;;
52.907;-0.5731788;0.3755018;;
52.935;-0.5687729;0.3644376;;
52.94;-0.5667783;0.3592986;;
52.942;-0.5666832;0.3590537;;
52.969;-0.5625491;0.3481156;;
52.97;-0.5609885;0.3438769;;
52.972;-0.5607113;0.3431239;;
52.974;-0.5606055;0.3428365;;
52.975;-0.5605549;0.3426989;;
52.975;-0.5605462;0.3426752;;
53.002;-0.5565847;0.3316118;;
53.003;-0.554912;0.326809;;
53.004;-0.5548062;0.3265051;;
53.005;-0.5547575;0.3263651;;
53.007;-0.5546665;0.326104;;
53.009;-0.5546382;0.3260227;;
53.036;-0.5490413;0.3093134;;
53.038;-0.5489961;0.3091784;;
53.039;-0.5489902;0.3091607;;
53.041;-0.5489902;0.3091607;;
53.042;-0.5489902;0.3091607;;
53.043;-0.5489902;0.3091607;;
53.071;-0.5438038;0.292722;;
53.073;-0.5437626;0.2925913;;
53.074;-0.5437597;0.2925822;;
53.076;-0.5437583;0.2925776;;
53.077;-0.5437576;0.2925755;;
53.078;-0.5437575;0.2925752;;
53.106;-0.5387428;0.2756478;;
53.107;-0.5387112;0.275541;;
53.108;-0.5387032;0.2755142;;
53.11;-0.538699;0.2755;;
53.112;-0.5386972;0.2754938;;
53.112;-0.5386972;0.2754938;;
53.112;-0.5386972;0.2754938;;
53.14;-0.5341089;0.2589485;;
53.142;-0.5341089;0.2589485;;
53.144;-0.5341089;0.2589485;;
53.145;-0.5341089;0.2589485;;
53.145;-0.5341089;0.2589485;;
53.1590376;;;-0.819608395245398;-0.257954424187765
52.935;-0.5687729;0.3644376;;
52.94;-0.5667783;0.3592986;;
52.942;-0.5666832;0.3590537;;
52.969;-0.5625491;0.3481156;;
52.97;-0.5609885;0.3438769;;
52.972;-0.5607113;0.3431239;;
52.974;-0.5606055;0.3428365;;
52.975;-0.5605549;0.3426989;;
52.975;-0.5605462;0.3426752;;
53.002;-0.5565847;0.3316118;;
53.003;-0.554912;0.326809;;
53.004;-0.5548062;0.3265051;;
53.005;-0.5547575;0.3263651;;
53.007;-0.5546665;0.326104;;
53.009;-0.5546382;0.3260227;;
53.036;-0.5490413;0.3093134;;
53.038;-0.5489961;0.3091784;;
53.039;-0.5489902;0.3091607;;
53.041;-0.5489902;0.3091607;;
53.042;-0.5489902;0.3091607;;
53.043;-0.5489902;0.3091607;;
53.071;-0.5438038;0.292722;;
53.073;-0.5437626;0.2925913;;
53.074;-0.5437597;0.2925822;;
53.076;-0.5437583;0.2925776;;
53.077;-0.5437576;0.2925755;;
53.078;-0.5437575;0.2925752;;
53.106;-0.5387428;0.2756478;;
53.107;-0.5387112;0.275541;;
53.108;-0.5387032;0.2755142;;
53.11;-0.538699;0.2755;;
53.112;-0.5386972;0.2754938;;
53.112;-0.5386972;0.2754938;;
53.112;-0.5386972;0.2754938;;
53.14;-0.5341089;0.2589485;;
53.142;-0.5341089;0.2589485;;
53.144;-0.5341089;0.2589485;;
53.145;-0.5341089;0.2589485;;
53.145;-0.5341089;0.2589485;;
53.174;-0.5311889;0.247798;;
53.174;-0.5311744;0.2477426;;
53.175;-0.5311651;0.2477072;;
53.177;-0.5311636;0.2477014;;
53.179;-0.5302609;0.2441259;;
53.18;-0.5300491;0.2432871;;
53.181;-0.5297741;0.2421979;;
53.182;-0.5297114;0.2419495;;
53.208;-0.5256708;0.2251215;;
53.21;-0.525637;0.2249808;;
53.211;-0.5256338;0.2249676;;
53.212;-0.525633;0.2249643;;
53.2260215;;;-0.518479656115252;-0.302584961322926
53.002;-0.5565847;0.3316118;;
53.003;-0.554912;0.326809;;
53.004;-0.5548062;0.3265051;;
53.005;-0.5547575;0.3263651;;
53.007;-0.5546665;0.326104;;
53.009;-0.5546382;0.3260227;;
53.036;-0.5490413;0.3093134;;
53.038;-0.5489961;0.3091784;;
53.039;-0.5489902;0.3091607;;
53.041;-0.5489902;0.3091607;;
53.042;-0.5489902;0.3091607;;
53.043;-0.5489902;0.3091607;;
53.071;-0.5438038;0.292722;;
53.073;-0.5437626;0.2925913;;
53.074;-0.5437597;0.2925822;;
53.076;-0.5437583;0.2925776;;
53.077;-0.5437576;0.2925755;;
53.078;-0.5437575;0.2925752;;
53.106;-0.5387428;0.2756478;;
53.107;-0.5387112;0.275541;;
53.108;-0.5387032;0.2755142;;
53.11;-0.538699;0.2755;;
53.112;-0.5386972;0.2754938;;
53.112;-0.5386972;0.2754938;;
53.112;-0.5386972;0.2754938;;
53.14;-0.5341089;0.2589485;;
53.142;-0.5341089;0.2589485;;
53.144;-0.5341089;0.2589485;;
53.145;-0.5341089;0.2589485;;
53.145;-0.5341089;0.2589485;;
53.174;-0.5311889;0.247798;;
53.174;-0.5311744;0.2477426;;
53.175;-0.5311651;0.2477072;;
53.177;-0.5311636;0.2477014;;
53.179;-0.5302609;0.2441259;;
53.18;-0.5300491;0.2432871;;
53.181;-0.5297741;0.2421979;;
53.182;-0.5297114;0.2419495;;
53.208;-0.5256708;0.2251215;;
53.21;-0.525637;0.2249808;;
53.211;-0.5256338;0.2249676;;
53.212;-0.525633;0.2249643;;
53.242;-0.5218865;0.20806;;
53.244;-0.521823;0.2077734;;
53.245;-0.521823;0.2077734;;
53.246;-0.521823;0.2077734;;
53.247;-0.521823;0.2077734;;
53.248;-0.521823;0.2077734;;
53.249;-0.521823;0.2077734;;
53.277;-0.5183281;0.1905786;;
53.278;-0.5183281;0.1905786;;
53.28;-0.5183281;0.1905786;;
53.281;-0.5183281;0.1905786;;
53.281;-0.5183281;0.1905786;;
53.282;-0.5174163;0.1858086;;
53.304093;;;-0.428659031206769;-0.330923338299995
53.071;-0.5438038;0.292722;;
53.073;-0.5437626;0.2925913;;
53.074;-0.5437597;0.2925822;;
53.076;-0.5437583;0.2925776;;
53.077;-0.5437576;0.2925755;;
53.078;-0.5437575;0.2925752;;
53.106;-0.5387428;0.2756478;;
53.107;-0.5387112;0.275541;;
53.108;-0.5387032;0.2755142;;
53.11;-0.538699;0.2755;;
53.112;-0.5386972;0.2754938;;
53.112;-0.5386972;0.2754938;;
53.112;-0.5386972;0.2754938;;
53.14;-0.5341089;0.2589485;;
53.142;-0.5341089;0.2589485;;
53.144;-0.5341089;0.2589485;;
53.145;-0.5341089;0.2589485;;
53.145;-0.5341089;0.2589485;;
53.174;-0.5311889;0.247798;;
53.174;-0.5311744;0.2477426;;
53.175;-0.5311651;0.2477072;;
53.177;-0.5311636;0.2477014;;
53.179;-0.5302609;0.2441259;;
53.18;-0.5300491;0.2432871;;
53.181;-0.5297741;0.2421979;;
53.182;-0.5297114;0.2419495;;
53.208;-0.5256708;0.2251215;;
53.21;-0.525637;0.2249808;;
53.211;-0.5256338;0.2249676;;
53.212;-0.525633;0.2249643;;
53.242;-0.5218865;0.20806;;
53.244;-0.521823;0.2077734;;
53.245;-0.521823;0.2077734;;
53.246;-0.521823;0.2077734;;
53.247;-0.521823;0.2077734;;
53.248;-0.521823;0.2077734;;
53.249;-0.521823;0.2077734;;
53.277;-0.5183281;0.1905786;;
53.278;-0.5183281;0.1905786;;
53.28;-0.5183281;0.1905786;;
53.281;-0.5183281;0.1905786;;
53.281;-0.5183281;0.1905786;;
53.282;-0.5174163;0.1858086;;
53.31;-0.515162;0.1734723;;
53.311;-0.5151463;0.1733864;;
53.312;-0.5151424;0.1733653;;
53.314;-0.5151418;0.1733622;;
53.315;-0.5151418;0.1733616;;
53.316;-0.5151417;0.1733615;;
53.316;-0.5151417;0.1733614;;
53.346;-0.5119051;0.1538237;;
53.347;-0.5118675;0.1535969;;
53.349;-0.5114639;0.150976;;
53.35;-0.511395;0.150528;;
53.351;-0.5113371;0.1501523;;
53.352;-0.5113371;0.1501523;;
53.3711558;;;-0.829470962353726;-0.344512580809171
53.14;-0.5341089;0.2589485;;
53.142;-0.5341089;0.2589485;;
53.144;-0.5341089;0.2589485;;
53.145;-0.5341089;0.2589485;;
53.145;-0.5341089;0.2589485;;
53.174;-0.5311889;0.247798;;
53.174;-0.5311744;0.2477426;;
53.175;-0.5311651;0.2477072;;
53.177;-0.5311636;0.2477014;;
53.179;-0.5302609;0.2441259;;
53.18;-0.5300491;0.2432871;;
53.181;-0.5297741;0.2421979;;
53.182;-0.5297114;0.2419495;;
53.208;-0.5256708;0.2251215;;
53.21;-0.525637;0.2249808;;
53.211;-0.5256338;0.2249676;;
53.212;-0.525633;0.2249643;;
53.242;-0.5218865;0.20806;;
53.244;-0.521823;0.2077734;;
53.245;-0.521823;0.2077734;;
53.246;-0.521823;0.2077734;;
53.247;-0.521823;0.2077734;;
53.248;-0.521823;0.2077734;;
53.249;-0.521823;0.2077734;;
53.277;-0.5183281;0.1905786;;
53.278;-0.5183281;0.1905786;;
53.28;-0.5183281;0.1905786;;
53.281;-0.5183281;0.1905786;;
53.281;-0.5183281;0.1905786;;
53.282;-0.5174163;0.1858086;;
53.31;-0.515162;0.1734723;;
53.311;-0.5151463;0.1733864;;
53.312;-0.5151424;0.1733653;;
53.314;-0.5151418;0.1733622;;
53.315;-0.5151418;0.1733616;;
53.316;-0.5151417;0.1733615;;
53.316;-0.5151417;0.1733614;;
53.346;-0.5119051;0.1538237;;
53.347;-0.5118675;0.1535969;;
53.349;-0.5114639;0.150976;;
53.35;-0.511395;0.150528;;
53.351;-0.5113371;0.1501523;;
53.352;-0.5113371;0.1501523;;
53.38;-0.5097068;0.138982;;
53.381;-0.509678;0.1387848;;
53.384;-0.509667;0.1387094;;
53.384;-0.5096664;0.1387049;;
53.386;-0.5096633;0.138684;;
53.386;-0.5096631;0.1386823;;
53.412;-0.5070648;0.1186576;;
53.414;-0.5070648;0.1186576;;
53.415;-0.5068315;0.1166791;;
53.416;-0.506748;0.1159715;;
53.417;-0.5067089;0.11564;;
53.418;-0.5067033;0.1155927;;
53.4380868;;;-0.925379229001065;-0.3460783753278
53.208;-0.5256708;0.2251215;;
53.21;-0.525637;0.2249808;;
53.211;-0.5256338;0.2249676;;
53.212;-0.525633;0.2249643;;
53.242;-0.5218865;0.20806;;
53.244;-0.521823;0.2077734;;
53.245;-0.521823;0.2077734;;
53.246;-0.521823;0.2077734;;
53.247;-0.521823;0.2077734;;
53.248;-0.521823;0.2077734;;
53.249;-0.521823;0.2077734;;
53.277;-0.5183281;0.1905786;;
53.278;-0.5183281;0.1905786;;
53.28;-0.5183281;0.1905786;;
53.281;-0.5183281;0.1905786;;
53.281;-0.5183281;0.1905786;;
53.282;-0.5174163;0.1858086;;
53.31;-0.515162;0.1734723;;
53.311;-0.5151463;0.1733864;;
53.312;-0.5151424;0.1733653;;
53.314;-0.5151418;0.1733622;;
53.315;-0.5151418;0.1733616;;
53.316;-0.5151417;0.1733615;;
53.316;-0.5151417;0.1733614;;
53.346;-0.5119051;0.1538237;;
53.347;-0.5118675;0.1535969;;
53.349;-0.5114639;0.150976;;
53.35;-0.511395;0.150528;;
53.351;-0.5113371;0.1501523;;
53.352;-0.5113371;0.1501523;;
53.38;-0.5097068;0.138982;;
53.381;-0.509678;0.1387848;;
53.384;-0.509667;0.1387094;;
53.384;-0.5096664;0.1387049;;
53.386;-0.5096633;0.138684;;
53.386;-0.5096631;0.1386823;;
53.412;-0.5070648;0.1186576;;
53.414;-0.5070648;0.1186576;;
53.415;-0.5068315;0.1166791;;
53.416;-0.506748;0.1159715;;
53.417;-0.5067089;0.11564;;
53.418;-0.5067033;0.1155927;;
53.446;-0.5054133;0.103904;;
53.448;-0.5054041;0.1038205;;
53.45;-0.5054024;0.1038054;;
53.45;-0.5054021;0.1038026;;
53.451;-0.5054019;0.1038007;;
53.452;-0.5054019;0.1038007;;
53.48;-0.5035547;0.08422212;;
53.482;-0.5035399;0.08406562;;
53.484;-0.5032665;0.08075327;;
53.485;-0.5032387;0.0804174;;
53.486;-0.5032387;0.0804174;;
53.486;-0.5032387;0.0804174;;
53.5051146;;;-0.734069437434868;-0.33926560069953
53.277;-0.5183281;0.1905786;;
53.278;-0.5183281;0.1905786;;
53.28;-0.5183281;0.1905786;;
53.281;-0.5183281;0.1905786;;
53.281;-0.5183281;0.1905786;;
53.282;-0.5174163;0.1858086;;
53.31;-0.515162;0.1734723;;
53.311;-0.5151463;0.1733864;;
53.312;-0.5151424;0.1733653;;
53.314;-0.5151418;0.1733622;;
53.315;-0.5151418;0.1733616;;
53.316;-0.5151417;0.1733615;;
53.316;-0.5151417;0.1733614;;
53.346;-0.5119051;0.1538237;;
53.347;-0.5118675;0.1535969;;
53.349;-0.5114639;0.150976;;
53.35;-0.511395;0.150528;;
53.351;-0.5113371;0.1501523;;
53.352;-0.5113371;0.1501523;;
53.38;-0.5097068;0.138982;;
53.381;-0.509678;0.1387848;;
53.384;-0.509667;0.1387094;;
53.384;-0.5096664;0.1387049;;
53.386;-0.5096633;0.138684;;
53.386;-0.5096631;0.1386823;;
53.412;-0.5070648;0.1186576;;
53.414;-0.5070648;0.1186576;;
53.415;-0.5068315;0.1166791;;
53.416;-0.506748;0.1159715;;
53.417;-0.5067089;0.11564;;
53.418;-0.5067033;0.1155927;;
53.446;-0.5054133;0.103904;;
53.448;-0.5054041;0.1038205;;
53.45;-0.5054024;0.1038054;;
53.45;-0.5054021;0.1038026;;
53.451;-0.5054019;0.1038007;;
53.452;-0.5054019;0.1038007;;
53.48;-0.5035547;0.08422212;;
53.482;-0.5035399;0.08406562;;
53.484;-0.5032665;0.08075327;;
53.485;-0.5032387;0.0804174;;
53.486;-0.5032387;0.0804174;;
53.486;-0.5032387;0.0804174;;
53.515;-0.5023733;0.06884572;;
53.517;-0.5023667;0.06875852;;
53.518;-0.5023663;0.06875236;;
53.519;-0.5023661;0.06874949;;
53.554;-0.5011795;0.04803884;;
53.555;-0.501161;0.04771586;;
53.559;-0.501042;0.04563854;;
53.56;-0.501042;0.04563854;;
53.56;-0.501042;0.04563854;;
53.561;-0.501042;0.04563854;;
53.561;-0.501042;0.04563854;;
53.562;-0.5008231;0.04050496;;
53.5837082;;;0.0300210921875606;-0.318659976454444
53.346;-0.5119051;0.1538237;;
53.347;-0.5118675;0.1535969;;
53.349;-0.5114639;0.150976;;
53.35;-0.511395;0.150528;;
53.351;-0.5113371;0.1501523;;
53.352;-0.5113371;0.1501523;;
53.38;-0.5097068;0.138982;;
53.381;-0.509678;0.1387848;;
53.384;-0.509667;0.1387094;;
53.384;-0.5096664;0.1387049;;
53.386;-0.5096633;0.138684;;
53.386;-0.5096631;0.1386823;;
53.412;-0.5070648;0.1186576;;
53.414;-0.5070648;0.1186576;;
53.415;-0.5068315;0.1166791;;
53.416;-0.506748;0.1159715;;
53.417;-0.5067089;0.11564;;
53.418;-0.5067033;0.1155927;;
53.446;-0.5054133;0.103904;;
53.448;-0.5054041;0.1038205;;
53.45;-0.5054024;0.1038054;;
53.45;-0.5054021;0.1038026;;
53.451;-0.5054019;0.1038007;;
53.452;-0.5054019;0.1038007;;
53.48;-0.5035547;0.08422212;;
53.482;-0.5035399;0.08406562;;
53.484;-0.5032665;0.08075327;;
53.485;-0.5032387;0.0804174;;
53.486;-0.5032387;0.0804174;;
53.486;-0.5032387;0.0804174;;
53.515;-0.5023733;0.06884572;;
53.517;-0.5023667;0.06875852;;
53.518;-0.5023663;0.06875236;;
53.519;-0.5023661;0.06874949;;
53.554;-0.5011795;0.04803884;;
53.555;-0.501161;0.04771586;;
53.559;-0.501042;0.04563854;;
53.56;-0.501042;0.04563854;;
53.56;-0.501042;0.04563854;;
53.561;-0.501042;0.04563854;;
53.561;-0.501042;0.04563854;;
53.562;-0.5008231;0.04050496;;
53.583;-0.5003924;0.02797886;;
53.586;-0.5003918;0.02796105;;
53.589;-0.5003914;0.02794922;;
53.59;-0.5003874;0.02783254;;
53.591;-0.5003874;0.02783254;;
53.591;-0.5003874;0.02783254;;
53.618;-0.5000389;0.008615753;;
53.619;-0.5000364;0.008478764;;
53.62;-0.5000359;0.008453422;;
53.621;-0.5000357;0.00844449;;
53.622;-0.5000356;0.00843964;;
53.624;-0.5000356;0.00843964;;
53.6506647;;;-0.203493672147706;-0.353748574582855
53.412;-0.5070648;0.1186576;;
53.414;-0.5070648;0.1186576;;
53.415;-0.5068315;0.1166791;;
53.416;-0.506748;0.1159715;;
53.417;-0.5067089;0.11564;;
53.418;-0.5067033;0.1155927;;
53.446;-0.5054133;0.103904;;
53.448;-0.5054041;0.1038205;;
53.45;-0.5054024;0.1038054;;
53.45;-0.5054021;0.1038026;;
53.451;-0.5054019;0.1038007;;
53.452;-0.5054019;0.1038007;;
53.48;-0.5035547;0.08422212;;
53.482;-0.5035399;0.08406562;;
53.484;-0.5032665;0.08075327;;
53.485;-0.5032387;0.0804174;;
53.486;-0.5032387;0.0804174;;
53.486;-0.5032387;0.0804174;;
53.515;-0.5023733;0.06884572;;
53.517;-0.5023667;0.06875852;;
53.518;-0.5023663;0.06875236;;
53.519;-0.5023661;0.06874949;;
53.554;-0.5011795;0.04803884;;
53.555;-0.501161;0.04771586;;
53.559;-0.501042;0.04563854;;
53.56;-0.501042;0.04563854;;
53.56;-0.501042;0.04563854;;
53.561;-0.501042;0.04563854;;
53.561;-0.501042;0.04563854;;
53.562;-0.5008231;0.04050496;;
53.583;-0.5003924;0.02797886;;
53.586;-0.5003918;0.02796105;;
53.589;-0.5003914;0.02794922;;
53.59;-0.5003874;0.02783254;;
53.591;-0.5003874;0.02783254;;
53.591;-0.5003874;0.02783254;;
53.618;-0.5000389;0.008615753;;
53.619;-0.5000364;0.008478764;;
53.62;-0.5000359;0.008453422;;
53.621;-0.5000357;0.00844449;;
53.622;-0.5000356;0.00843964;;
53.624;-0.5000356;0.00843964;;
53.652;-0.5000259;-0.006891479;;
53.654;-0.5000259;-0.006909312;;
53.656;-0.5000257;-0.007092746;;
53.656;-0.5000257;-0.007118764;;
53.657;-0.5000257;-0.007148592;;
53.659;-0.5000257;-0.007164239;;
53.686;-0.5002964;-0.02428666;;
53.687;-0.5002985;-0.02442262;;
53.688;-0.5002987;-0.0244354;;
53.691;-0.5002988;-0.02444312;;
53.692;-0.5002989;-0.02444556;;
53.693;-0.5002989;-0.02444589;;
53.717565;;;-0.672203939272843;-0.394191510788336
53.48;-0.5035547;0.08422212;;
53.482;-0.5035399;0.08406562;;
53.484;-0.5032665;0.08075327;;
53.485;-0.5032387;0.0804174;;
53.486;-0.5032387;0.0804174;;
53.486;-0.5032387;0.0804174;;
53.515;-0.5023733;0.06884572;;
53.517;-0.5023667;0.06875852;;
53.518;-0.5023663;0.06875236;;
53.519;-0.5023661;0.06874949;;
53.554;-0.5011795;0.04803884;;
53.555;-0.501161;0.04771586;;
53.559;-0.501042;0.04563854;;
53.56;-0.501042;0.04563854;;
53.56;-0.501042;0.04563854;;
53.561;-0.501042;0.04563854;;
53.561;-0.501042;0.04563854;;
53.562;-0.5008231;0.04050496;;
53.583;-0.5003924;0.02797886;;
53.586;-0.5003918;0.02796105;;
53.589;-0.5003914;0.02794922;;
53.59;-0.5003874;0.02783254;;
53.591;-0.5003874;0.02783254;;
53.591;-0.5003874;0.02783254;;
53.618;-0.5000389;0.008615753;;
53.619;-0.5000364;0.008478764;;
53.62;-0.5000359;0.008453422;;
53.621;-0.5000357;0.00844449;;
53.622;-0.5000356;0.00843964;;
53.624;-0.5000356;0.00843964;;
53.652;-0.5000259;-0.006891479;;
53.654;-0.5000259;-0.006909312;;
53.656;-0.5000257;-0.007092746;;
53.656;-0.5000257;-0.007118764;;
53.657;-0.5000257;-0.007148592;;
53.659;-0.5000257;-0.007164239;;
53.686;-0.5002964;-0.02428666;;
53.687;-0.5002985;-0.02442262;;
53.688;-0.5002987;-0.0244354;;
53.691;-0.5002988;-0.02444312;;
53.692;-0.5002989;-0.02444556;;
53.693;-0.5002989;-0.02444589;;
53.721;-0.5008802;-0.04188221;;
53.722;-0.5008859;-0.0420517;;
53.723;-0.5008892;-0.04215245;;
53.725;-0.5008904;-0.04218802;;
53.726;-0.5008907;-0.04219669;;
53.726;-0.5008908;-0.04219818;;
53.756;-0.5019175;-0.06184549;;
53.758;-0.5019308;-0.06209973;;
53.759;-0.5019337;-0.06215417;;
53.76;-0.5019344;-0.06216763;;
53.761;-0.5019347;-0.06217361;;
53.761;-0.5019348;-0.06217648;;
53.7841749;;;-0.716728069534402;-0.39576378661734
53.554;-0.5011795;0.04803884;;
53.555;-0.501161;0.04771586;;
53.559;-0.501042;0.04563854;;
53.56;-0.501042;0.04563854;;
53.56;-0.501042;0.04563854;;
53.561;-0.501042;0.04563854;;
53.561;-0.501042;0.04563854;;
53.562;-0.5008231;0.04050496;;
53.583;-0.5003924;0.02797886;;
53.586;-0.5003918;0.02796105;;
53.589;-0.5003914;0.02794922;;
53.59;-0.5003874;0.02783254;;
53.591;-0.5003874;0.02783254;;
53.591;-0.5003874;0.02783254;;
53.618;-0.5000389;0.008615753;;
53.619;-0.5000364;0.008478764;;
53.62;-0.5000359;0.008453422;;
53.621;-0.5000357;0.00844449;;
53.622;-0.5000356;0.00843964;;
53.624;-0.5000356;0.00843964;;
53.652;-0.5000259;-0.006891479;;
53.654;-0.5000259;-0.006909312;;
53.656;-0.5000257;-0.007092746;;
53.656;-0.5000257;-0.007118764;;
53.657;-0.5000257;-0.007148592;;
53.659;-0.5000257;-0.007164239;;
53.686;-0.5002964;-0.02428666;;
53.687;-0.5002985;-0.02442262;;
53.688;-0.5002987;-0.0244354;;
53.691;-0.5002988;-0.02444312;;
53.692;-0.5002989;-0.02444556;;
53.693;-0.5002989;-0.02444589;;
53.721;-0.5008802;-0.04188221;;
53.722;-0.5008859;-0.0420517;;
53.723;-0.5008892;-0.04215245;;
53.725;-0.5008904;-0.04218802;;
53.726;-0.5008907;-0.04219669;;
53.726;-0.5008908;-0.04219818;;
53.756;-0.5019175;-0.06184549;;
53.758;-0.5019308;-0.06209973;;
53.759;-0.5019337;-0.06215417;;
53.76;-0.5019344;-0.06216763;;
53.761;-0.5019347;-0.06217361;;
53.761;-0.5019348;-0.06217648;;
53.789;-0.5029801;-0.0771316;;
53.791;-0.5029872;-0.07723332;;
53.792;-0.5029883;-0.0772501;;
53.792;-0.5029887;-0.07725508;;
53.794;-0.5029893;-0.07726346;;
53.795;-0.5029893;-0.07726346;;
53.824;-0.5044851;-0.09460455;;
53.825;-0.5044851;-0.09460455;;
53.827;-0.5044851;-0.09460455;;
53.827;-0.5044851;-0.09460455;;
53.828;-0.5044851;-0.09460455;;
53.829;-0.5044851;-0.09460455;;
53.8516904;;;-0.249860880227417;-0.373325158506609
53.618;-0.5000389;0.008615753;;
53.619;-0.5000364;0.008478764;;
53.62;-0.5000359;0.008453422;;
53.621;-0.5000357;0.00844449;;
53.622;-0.5000356;0.00843964;;
53.624;-0.5000356;0.00843964;;
53.652;-0.5000259;-0.006891479;;
53.654;-0.5000259;-0.006909312;;
53.656;-0.5000257;-0.007092746;;
53.656;-0.5000257;-0.007118764;;
53.657;-0.5000257;-0.007148592;;
53.659;-0.5000257;-0.007164239;;
53.686;-0.5002964;-0.02428666;;
53.687;-0.5002985;-0.02442262;;
53.688;-0.5002987;-0.0244354;;
53.691;-0.5002988;-0.02444312;;
53.692;-0.5002989;-0.02444556;;
53.693;-0.5002989;-0.02444589;;
53.721;-0.5008802;-0.04188221;;
53.722;-0.5008859;-0.0420517;;
53.723;-0.5008892;-0.04215245;;
53.725;-0.5008904;-0.04218802;;
53.726;-0.5008907;-0.04219669;;
53.726;-0.5008908;-0.04219818;;
53.756;-0.5019175;-0.06184549;;
53.758;-0.5019308;-0.06209973;;
53.759;-0.5019337;-0.06215417;;
53.76;-0.5019344;-0.06216763;;
53.761;-0.5019347;-0.06217361;;
53.761;-0.5019348;-0.06217648;;
53.789;-0.5029801;-0.0771316;;
53.791;-0.5029872;-0.07723332;;
53.792;-0.5029883;-0.0772501;;
53.792;-0.5029887;-0.07725508;;
53.794;-0.5029893;-0.07726346;;
53.795;-0.5029893;-0.07726346;;
53.824;-0.5044851;-0.09460455;;
53.825;-0.5044851;-0.09460455;;
53.827;-0.5044851;-0.09460455;;
53.827;-0.5044851;-0.09460455;;
53.828;-0.5044851;-0.09460455;;
53.829;-0.5044851;-0.09460455;;
53.856;-0.5063212;-0.1122479;;
53.857;-0.5063356;-0.1123854;;
53.858;-0.506338;-0.1124091;;
53.86;-0.506338;-0.1124091;;
53.862;-0.506338;-0.1124091;;
53.862;-0.506338;-0.1124091;;
53.862;-0.506338;-0.1124091;;
53.891;-0.5086876;-0.1315156;;
53.892;-0.5087007;-0.1316229;;
53.895;-0.5087065;-0.1316694;;
53.896;-0.5087079;-0.1316815;;
53.897;-0.5092041;-0.135364;;
53.898;-0.5092041;-0.135364;;
53.9186962;;;-0.153844169800375;-0.364983970888661
53.686;-0.5002964;-0.02428666;;
53.687;-0.5002985;-0.02442262;;
53.688;-0.5002987;-0.0244354;;
53.691;-0.5002988;-0.02444312;;
53.692;-0.5002989;-0.02444556;;
53.693;-0.5002989;-0.02444589;;
53.721;-0.5008802;-0.04188221;;
53.722;-0.5008859;-0.0420517;;
53.723;-0.5008892;-0.04215245;;
53.725;-0.5008904;-0.04218802;;
53.726;-0.5008907;-0.04219669;;
53.726;-0.5008908;-0.04219818;;
53.756;-0.5019175;-0.06184549;;
53.758;-0.5019308;-0.06209973;;
53.759;-0.5019337;-0.06215417;;
53.76;-0.5019344;-0.06216763;;
53.761;-0.5019347;-0.06217361;;
53.761;-0.5019348;-0.06217648;;
53.789;-0.5029801;-0.0771316;;
53.791;-0.5029872;-0.07723332;;
53.792;-0.5029883;-0.0772501;;
53.792;-0.5029887;-0.07725508;;
53.794;-0.5029893;-0.07726346;;
53.795;-0.5029893;-0.07726346;;
53.824;-0.5044851;-0.09460455;;
53.825;-0.5044851;-0.09460455;;
53.827;-0.5044851;-0.09460455;;
53.827;-0.5044851;-0.09460455;;
53.828;-0.5044851;-0.09460455;;
53.829;-0.5044851;-0.09460455;;
53.856;-0.5063212;-0.1122479;;
53.857;-0.5063356;-0.1123854;;
53.858;-0.506338;-0.1124091;;
53.86;-0.506338;-0.1124091;;
53.862;-0.506338;-0.1124091;;
53.862;-0.506338;-0.1124091;;
53.862;-0.506338;-0.1124091;;
53.891;-0.5086876;-0.1315156;;
53.892;-0.5087007;-0.1316229;;
53.895;-0.5087065;-0.1316694;;
53.896;-0.5087079;-0.1316815;;
53.897;-0.5092041;-0.135364;;
53.898;-0.5092041;-0.135364;;
53.927;-0.510856;-0.1469498;;
53.928;-0.510856;-0.1469498;;
53.93;-0.510856;-0.1469498;;
53.931;-0.510856;-0.1469498;;
53.932;-0.510856;-0.1469498;;
53.932;-0.510856;-0.1469498;;
53.933;-0.510856;-0.1469498;;
53.959;-0.5139006;-0.1661453;;
53.961;-0.5139258;-0.1663044;;
53.962;-0.5139281;-0.1663189;;
53.963;-0.5142162;-0.1680073;;
53.965;-0.5145222;-0.1698012;;
53.965;-0.5145328;-0.1698635;;
53.9856689;;;-0.169164999369384;-0.367660633082452
53.756;-0.5019175;-0.06184549;;
53.758;-0.5019308;-0.06209973;;
53.759;-0.5019337;-0.06215417;;
53.76;-0.5019344;-0.06216763;;
53.761;-0.5019347;-0.06217361;;
53.761;-0.5019348;-0.06217648;;
53.789;-0.5029801;-0.0771316;;
53.791;-0.5029872;-0.07723332;;
53.792;-0.5029883;-0.0772501;;
53.792;-0.5029887;-0.07725508;;
53.794;-0.5029893;-0.07726346;;
53.795;-0.5029893;-0.07726346;;
53.824;-0.5044851;-0.09460455;;
53.825;-0.5044851;-0.09460455;;
53.827;-0.5044851;-0.09460455;;
53.827;-0.5044851;-0.09460455;;
53.828;-0.5044851;-0.09460455;;
53.829;-0.5044851;-0.09460455;;
53.856;-0.5063212;-0.1122479;;
53.857;-0.5063356;-0.1123854;;
53.858;-0.506338;-0.1124091;;
53.86;-0.506338;-0.1124091;;
53.862;-0.506338;-0.1124091;;
53.862;-0.506338;-0.1124091;;
53.862;-0.506338;-0.1124091;;
53.891;-0.5086876;-0.1315156;;
53.892;-0.5087007;-0.1316229;;
53.895;-0.5087065;-0.1316694;;
53.896;-0.5087079;-0.1316815;;
53.897;-0.5092041;-0.135364;;
53.898;-0.5092041;-0.135364;;
53.927;-0.510856;-0.1469498;;
53.928;-0.510856;-0.1469498;;
53.93;-0.510856;-0.1469498;;
53.931;-0.510856;-0.1469498;;
53.932;-0.510856;-0.1469498;;
53.932;-0.510856;-0.1469498;;
53.933;-0.510856;-0.1469498;;
53.959;-0.5139006;-0.1661453;;
53.961;-0.5139258;-0.1663044;;
53.962;-0.5139281;-0.1663189;;
53.963;-0.5142162;-0.1680073;;
53.965;-0.5145222;-0.1698012;;
53.965;-0.5145328;-0.1698635;;
53.992;-0.5165951;-0.1814211;;
53.995;-0.5166125;-0.1815184;;
53.998;-0.5166138;-0.1815261;;
53.999;-0.516614;-0.1815267;;
54.027;-0.520414;-0.2010168;;
54.028;-0.5204371;-0.2011353;;
54.029;-0.5204434;-0.2011677;;
54.031;-0.5209222;-0.2034812;;
54.032;-0.5210645;-0.2041683;;
54.033;-0.5210879;-0.2042813;;
54.034;-0.5210953;-0.2043169;;
54.034;-0.5210958;-0.2043196;;
54.0528183;;;-0.121037648780442;-0.345580239380468
53.824;-0.5044851;-0.09460455;;
53.825;-0.5044851;-0.09460455;;
53.827;-0.5044851;-0.09460455;;
53.827;-0.5044851;-0.09460455;;
53.828;-0.5044851;-0.09460455;;
53.829;-0.5044851;-0.09460455;;
53.856;-0.5063212;-0.1122479;;
53.857;-0.5063356;-0.1123854;;
53.858;-0.506338;-0.1124091;;
53.86;-0.506338;-0.1124091;;
53.862;-0.506338;-0.1124091;;
53.862;-0.506338;-0.1124091;;
53.862;-0.506338;-0.1124091;;
53.891;-0.5086876;-0.1315156;;
53.892;-0.5087007;-0.1316229;;
53.895;-0.5087065;-0.1316694;;
53.896;-0.5087079;-0.1316815;;
53.897;-0.5092041;-0.135364;;
53.898;-0.5092041;-0.135364;;
53.927;-0.510856;-0.1469498;;
53.928;-0.510856;-0.1469498;;
53.93;-0.510856;-0.1469498;;
53.931;-0.510856;-0.1469498;;
53.932;-0.510856;-0.1469498;;
53.932;-0.510856;-0.1469498;;
53.933;-0.510856;-0.1469498;;
53.959;-0.5139006;-0.1661453;;
53.961;-0.5139258;-0.1663044;;
53.962;-0.5139281;-0.1663189;;
53.963;-0.5142162;-0.1680073;;
53.965;-0.5145222;-0.1698012;;
53.965;-0.5145328;-0.1698635;;
53.992;-0.5165951;-0.1814211;;
53.995;-0.5166125;-0.1815184;;
53.998;-0.5166138;-0.1815261;;
53.999;-0.516614;-0.1815267;;
54.027;-0.520414;-0.2010168;;
54.028;-0.5204371;-0.2011353;;
54.029;-0.5204434;-0.2011677;;
54.031;-0.5209222;-0.2034812;;
54.032;-0.5210645;-0.2041683;;
54.033;-0.5210879;-0.2042813;;
54.034;-0.5210953;-0.2043169;;
54.034;-0.5210958;-0.2043196;;
54.061;-0.5235437;-0.2157095;;
54.063;-0.5235797;-0.2158768;;
54.064;-0.5235868;-0.21591;;
54.065;-0.5235885;-0.2159177;;
54.066;-0.5235894;-0.2159223;;
54.095;-0.5281901;-0.235766;;
54.097;-0.5281901;-0.235766;;
54.098;-0.528598;-0.2374367;;
54.099;-0.5287355;-0.2379997;;
54.1;-0.5288813;-0.238597;;
54.101;-0.5288813;-0.238597;;
54.101;-0.5288813;-0.238597;;
54.119552;;;-0.015456498932018;-0.309075512918645
53.891;-0.5086876;-0.1315156;;
53.892;-0.5087007;-0.1316229;;
53.895;-0.5087065;-0.1316694;;
53.896;-0.5087079;-0.1316815;;
53.897;-0.5092041;-0.135364;;
53.898;-0.5092041;-0.135364;;
53.927;-0.510856;-0.1469498;;
53.928;-0.510856;-0.1469498;;
53.93;-0.510856;-0.1469498;;
53.931;-0.510856;-0.1469498;;
53.932;-0.510856;-0.1469498;;
53.932;-0.510856;-0.1469498;;
53.933;-0.510856;-0.1469498;;
53.959;-0.5139006;-0.1661453;;
53.961;-0.5139258;-0.1663044;;
53.962;-0.5139281;-0.1663189;;
53.963;-0.5142162;-0.1680073;;
53.965;-0.5145222;-0.1698012;;
53.965;-0.5145328;-0.1698635;;
53.992;-0.5165951;-0.1814211;;
53.995;-0.5166125;-0.1815184;;
53.998;-0.5166138;-0.1815261;;
53.999;-0.516614;-0.1815267;;
54.027;-0.520414;-0.2010168;;
54.028;-0.5204371;-0.2011353;;
54.029;-0.5204434;-0.2011677;;
54.031;-0.5209222;-0.2034812;;
54.032;-0.5210645;-0.2041683;;
54.033;-0.5210879;-0.2042813;;
54.034;-0.5210953;-0.2043169;;
54.034;-0.5210958;-0.2043196;;
54.061;-0.5235437;-0.2157095;;
54.063;-0.5235797;-0.2158768;;
54.064;-0.5235868;-0.21591;;
54.065;-0.5235885;-0.2159177;;
54.066;-0.5235894;-0.2159223;;
54.095;-0.5281901;-0.235766;;
54.097;-0.5281901;-0.235766;;
54.098;-0.528598;-0.2374367;;
54.099;-0.5287355;-0.2379997;;
54.1;-0.5288813;-0.238597;;
54.101;-0.5288813;-0.238597;;
54.101;-0.5288813;-0.238597;;
54.129;-0.5317075;-0.2498116;;
54.131;-0.5317652;-0.2500406;;
54.133;-0.5317777;-0.2500906;;
54.134;-0.5317809;-0.2501031;;
54.135;-0.5317833;-0.2501129;;
54.136;-0.5317837;-0.2501143;;
54.162;-0.5371854;-0.2701553;;
54.164;-0.5372307;-0.2703235;;
54.166;-0.537639;-0.2717713;;
54.168;-0.5378061;-0.2723642;;
54.169;-0.5378714;-0.2725958;;
54.17;-0.5378804;-0.2726277;;
54.1872349;;;-0.0303950774298195;-0.275842064124969
53.992;-0.5165951;-0.1814211;;
53.995;-0.5166125;-0.1815184;;
53.998;-0.5166138;-0.1815261;;
53.999;-0.516614;-0.1815267;;
54.027;-0.520414;-0.2010168;;
54.028;-0.5204371;-0.2011353;;
54.029;-0.5204434;-0.2011677;;
54.031;-0.5209222;-0.2034812;;
54.032;-0.5210645;-0.2041683;;
54.033;-0.5210879;-0.2042813;;
54.034;-0.5210953;-0.2043169;;
54.034;-0.5210958;-0.2043196;;
54.061;-0.5235437;-0.2157095;;
54.063;-0.5235797;-0.2158768;;
54.064;-0.5235868;-0.21591;;
54.065;-0.5235885;-0.2159177;;
54.066;-0.5235894;-0.2159223;;
54.095;-0.5281901;-0.235766;;
54.097;-0.5281901;-0.235766;;
54.098;-0.528598;-0.2374367;;
54.099;-0.5287355;-0.2379997;;
54.1;-0.5288813;-0.238597;;
54.101;-0.5288813;-0.238597;;
54.101;-0.5288813;-0.238597;;
54.129;-0.5317075;-0.2498116;;
54.131;-0.5317652;-0.2500406;;
54.133;-0.5317777;-0.2500906;;
54.134;-0.5317809;-0.2501031;;
54.135;-0.5317833;-0.2501129;;
54.136;-0.5317837;-0.2501143;;
54.162;-0.5371854;-0.2701553;;
54.164;-0.5372307;-0.2703235;;
54.166;-0.537639;-0.2717713;;
54.168;-0.5378061;-0.2723642;;
54.169;-0.5378714;-0.2725958;;
54.17;-0.5378804;-0.2726277;;
54.197;-0.5411379;-0.2838702;;
54.2;-0.5411664;-0.2839684;;
54.201;-0.5411683;-0.2839749;;
54.202;-0.5411686;-0.283976;;
54.202;-0.5411687;-0.2839765;;
54.203;-0.5411687;-0.2839765;;
54.231;-0.5463766;-0.3009978;;
54.232;-0.546937;-0.3027695;;
54.234;-0.5470638;-0.3031707;;
54.236;-0.5470736;-0.3032016;;
54.237;-0.547077;-0.3032123;;
54.238;-0.5470775;-0.303214;;
54.265;-0.5498694;-0.3118509;;
54.267;-0.5498925;-0.3119225;;
54.2686526;;;-0.170125761712015;-0.24855403280601
54.027;-0.520414;-0.2010168;;
54.028;-0.5204371;-0.2011353;;
54.029;-0.5204434;-0.2011677;;
54.031;-0.5209222;-0.2034812;;
54.032;-0.5210645;-0.2041683;;
54.033;-0.5210879;-0.2042813;;
54.034;-0.5210953;-0.2043169;;
54.034;-0.5210958;-0.2043196;;
54.061;-0.5235437;-0.2157095;;
54.063;-0.5235797;-0.2158768;;
54.064;-0.5235868;-0.21591;;
54.065;-0.5235885;-0.2159177;;
54.066;-0.5235894;-0.2159223;;
54.095;-0.5281901;-0.235766;;
54.097;-0.5281901;-0.235766;;
54.098;-0.528598;-0.2374367;;
54.099;-0.5287355;-0.2379997;;
54.1;-0.5288813;-0.238597;;
54.101;-0.5288813;-0.238597;;
54.101;-0.5288813;-0.238597;;
54.129;-0.5317075;-0.2498116;;
54.131;-0.5317652;-0.2500406;;
54.133;-0.5317777;-0.2500906;;
54.134;-0.5317809;-0.2501031;;
54.135;-0.5317833;-0.2501129;;
54.136;-0.5317837;-0.2501143;;
54.162;-0.5371854;-0.2701553;;
54.164;-0.5372307;-0.2703235;;
54.166;-0.537639;-0.2717713;;
54.168;-0.5378061;-0.2723642;;
54.169;-0.5378714;-0.2725958;;
54.17;-0.5378804;-0.2726277;;
54.197;-0.5411379;-0.2838702;;
54.2;-0.5411664;-0.2839684;;
54.201;-0.5411683;-0.2839749;;
54.202;-0.5411686;-0.283976;;
54.202;-0.5411687;-0.2839765;;
54.203;-0.5411687;-0.2839765;;
54.231;-0.5463766;-0.3009978;;
54.232;-0.546937;-0.3027695;;
54.234;-0.5470638;-0.3031707;;
54.236;-0.5470736;-0.3032016;;
54.237;-0.547077;-0.3032123;;
54.238;-0.5470775;-0.303214;;
54.265;-0.5498694;-0.3118509;;
54.267;-0.5498925;-0.3119225;;
54.269;-0.5515812;-0.3170023;;
54.27;-0.5517641;-0.3175523;;
54.277;-0.5521927;-0.318842;;
54.278;-0.5521953;-0.3188494;;
54.3;-0.5560284;-0.3300219;;
54.302;-0.5560971;-0.330222;;
54.304;-0.5561096;-0.3302586;;
54.304;-0.556111;-0.3302628;;
54.306;-0.5561162;-0.3302777;;
54.307;-0.5561167;-0.3302792;;
54.3321539;;;-0.348274468405231;-0.227654451301613
54.095;-0.5281901;-0.235766;;
54.097;-0.5281901;-0.235766;;
54.098;-0.528598;-0.2374367;;
54.099;-0.5287355;-0.2379997;;
54.1;-0.5288813;-0.238597;;
54.101;-0.5288813;-0.238597;;
54.101;-0.5288813;-0.238597;;
54.129;-0.5317075;-0.2498116;;
54.131;-0.5317652;-0.2500406;;
54.133;-0.5317777;-0.2500906;;
54.134;-0.5317809;-0.2501031;;
54.135;-0.5317833;-0.2501129;;
54.136;-0.5317837;-0.2501143;;
54.162;-0.5371854;-0.2701553;;
54.164;-0.5372307;-0.2703235;;
54.166;-0.537639;-0.2717713;;
54.168;-0.5378061;-0.2723642;;
54.169;-0.5378714;-0.2725958;;
54.17;-0.5378804;-0.2726277;;
54.197;-0.5411379;-0.2838702;;
54.2;-0.5411664;-0.2839684;;
54.201;-0.5411683;-0.2839749;;
54.202;-0.5411686;-0.283976;;
54.202;-0.5411687;-0.2839765;;
54.203;-0.5411687;-0.2839765;;
54.231;-0.5463766;-0.3009978;;
54.232;-0.546937;-0.3027695;;
54.234;-0.5470638;-0.3031707;;
54.236;-0.5470736;-0.3032016;;
54.237;-0.547077;-0.3032123;;
54.238;-0.5470775;-0.303214;;
54.265;-0.5498694;-0.3118509;;
54.267;-0.5498925;-0.3119225;;
54.269;-0.5515812;-0.3170023;;
54.27;-0.5517641;-0.3175523;;
54.277;-0.5521927;-0.318842;;
54.278;-0.5521953;-0.3188494;;
54.3;-0.5560284;-0.3300219;;
54.302;-0.5560971;-0.330222;;
54.304;-0.5561096;-0.3302586;;
54.304;-0.556111;-0.3302628;;
54.306;-0.5561162;-0.3302777;;
54.307;-0.5561167;-0.3302792;;
54.334;-0.563818;-0.3514884;;
54.336;-0.5638422;-0.3515548;;
54.338;-0.5640453;-0.3521143;;
54.339;-0.5640801;-0.3522101;;
54.34;-0.5641083;-0.3522878;;
54.341;-0.5641083;-0.3522878;;
54.368;-0.572472;-0.3737472;;
54.37;-0.5725408;-0.3739237;;
54.372;-0.572549;-0.3739447;;
54.373;-0.5725501;-0.3739475;;
54.374;-0.5725501;-0.3739475;;
54.375;-0.5725501;-0.3739475;;
54.3991856;;;-0.856151888340416;-0.23403640726207
54.162;-0.5371854;-0.2701553;;
54.164;-0.5372307;-0.2703235;;
54.166;-0.537639;-0.2717713;;
54.168;-0.5378061;-0.2723642;;
54.169;-0.5378714;-0.2725958;;
54.17;-0.5378804;-0.2726277;;
54.197;-0.5411379;-0.2838702;;
54.2;-0.5411664;-0.2839684;;
54.201;-0.5411683;-0.2839749;;
54.202;-0.5411686;-0.283976;;
54.202;-0.5411687;-0.2839765;;
54.203;-0.5411687;-0.2839765;;
54.231;-0.5463766;-0.3009978;;
54.232;-0.546937;-0.3027695;;
54.234;-0.5470638;-0.3031707;;
54.236;-0.5470736;-0.3032016;;
54.237;-0.547077;-0.3032123;;
54.238;-0.5470775;-0.303214;;
54.265;-0.5498694;-0.3118509;;
54.267;-0.5498925;-0.3119225;;
54.269;-0.5515812;-0.3170023;;
54.27;-0.5517641;-0.3175523;;
54.277;-0.5521927;-0.318842;;
54.278;-0.5521953;-0.3188494;;
54.3;-0.5560284;-0.3300219;;
54.302;-0.5560971;-0.330222;;
54.304;-0.5561096;-0.3302586;;
54.304;-0.556111;-0.3302628;;
54.306;-0.5561162;-0.3302777;;
54.307;-0.5561167;-0.3302792;;
54.334;-0.563818;-0.3514884;;
54.336;-0.5638422;-0.3515548;;
54.338;-0.5640453;-0.3521143;;
54.339;-0.5640801;-0.3522101;;
54.34;-0.5641083;-0.3522878;;
54.341;-0.5641083;-0.3522878;;
54.368;-0.572472;-0.3737472;;
54.37;-0.5725408;-0.3739237;;
54.372;-0.572549;-0.3739447;;
54.373;-0.5725501;-0.3739475;;
54.374;-0.5725501;-0.3739475;;
54.375;-0.5725501;-0.3739475;;
54.401;-0.5784616;-0.3882843;;
54.404;-0.5784665;-0.388296;;
54.406;-0.5785118;-0.3884061;;
54.407;-0.5785165;-0.3884173;;
54.407;-0.5785173;-0.3884192;;
54.408;-0.5785176;-0.38842;;
54.436;-0.5860366;-0.4057925;;
54.437;-0.5860804;-0.4058939;;
54.44;-0.5860977;-0.4059336;;
54.44;-0.5860985;-0.4059356;;
54.441;-0.5861015;-0.4059426;;
54.443;-0.5861042;-0.4059487;;
54.466094;;;-0.273349275719158;-0.248266819115804
54.231;-0.5463766;-0.3009978;;
54.232;-0.546937;-0.3027695;;
54.234;-0.5470638;-0.3031707;;
54.236;-0.5470736;-0.3032016;;
54.237;-0.547077;-0.3032123;;
54.238;-0.5470775;-0.303214;;
54.265;-0.5498694;-0.3118509;;
54.267;-0.5498925;-0.3119225;;
54.269;-0.5515812;-0.3170023;;
54.27;-0.5517641;-0.3175523;;
54.277;-0.5521927;-0.318842;;
54.278;-0.5521953;-0.3188494;;
54.3;-0.5560284;-0.3300219;;
54.302;-0.5560971;-0.330222;;
54.304;-0.5561096;-0.3302586;;
54.304;-0.556111;-0.3302628;;
54.306;-0.5561162;-0.3302777;;
54.307;-0.5561167;-0.3302792;;
54.334;-0.563818;-0.3514884;;
54.336;-0.5638422;-0.3515548;;
54.338;-0.5640453;-0.3521143;;
54.339;-0.5640801;-0.3522101;;
54.34;-0.5641083;-0.3522878;;
54.341;-0.5641083;-0.3522878;;
54.368;-0.572472;-0.3737472;;
54.37;-0.5725408;-0.3739237;;
54.372;-0.572549;-0.3739447;;
54.373;-0.5725501;-0.3739475;;
54.374;-0.5725501;-0.3739475;;
54.375;-0.5725501;-0.3739475;;
54.401;-0.5784616;-0.3882843;;
54.404;-0.5784665;-0.388296;;
54.406;-0.5785118;-0.3884061;;
54.407;-0.5785165;-0.3884173;;
54.407;-0.5785173;-0.3884192;;
54.408;-0.5785176;-0.38842;;
54.436;-0.5860366;-0.4057925;;
54.437;-0.5860804;-0.4058939;;
54.44;-0.5860977;-0.4059336;;
54.44;-0.5860985;-0.4059356;;
54.441;-0.5861015;-0.4059426;;
54.443;-0.5861042;-0.4059487;;
54.47;-0.5926775;-0.4204324;;
54.471;-0.5926796;-0.4204372;;
54.473;-0.5927161;-0.4205176;;
54.475;-0.5927315;-0.4205515;;
54.477;-0.5927388;-0.4205676;;
54.478;-0.5927388;-0.4205676;;
54.504;-0.6009744;-0.4378921;;
54.506;-0.6010466;-0.4380439;;
54.508;-0.6010519;-0.4380551;;
54.509;-0.6010531;-0.4380575;;
54.51;-0.6010538;-0.4380591;;
54.511;-0.601054;-0.4380593;;
54.5322749;;;-0.0898991069347765;-0.288212540827369
54.278;-0.5521953;-0.3188494;;
54.3;-0.5560284;-0.3300219;;
54.302;-0.5560971;-0.330222;;
54.304;-0.5561096;-0.3302586;;
54.304;-0.556111;-0.3302628;;
54.306;-0.5561162;-0.3302777;;
54.307;-0.5561167;-0.3302792;;
54.334;-0.563818;-0.3514884;;
54.336;-0.5638422;-0.3515548;;
54.338;-0.5640453;-0.3521143;;
54.339;-0.5640801;-0.3522101;;
54.34;-0.5641083;-0.3522878;;
54.341;-0.5641083;-0.3522878;;
54.368;-0.572472;-0.3737472;;
54.37;-0.5725408;-0.3739237;;
54.372;-0.572549;-0.3739447;;
54.373;-0.5725501;-0.3739475;;
54.374;-0.5725501;-0.3739475;;
54.375;-0.5725501;-0.3739475;;
54.401;-0.5784616;-0.3882843;;
54.404;-0.5784665;-0.388296;;
54.406;-0.5785118;-0.3884061;;
54.407;-0.5785165;-0.3884173;;
54.407;-0.5785173;-0.3884192;;
54.408;-0.5785176;-0.38842;;
54.436;-0.5860366;-0.4057925;;
54.437;-0.5860804;-0.4058939;;
54.44;-0.5860977;-0.4059336;;
54.44;-0.5860985;-0.4059356;;
54.441;-0.5861015;-0.4059426;;
54.443;-0.5861042;-0.4059487;;
54.47;-0.5926775;-0.4204324;;
54.471;-0.5926796;-0.4204372;;
54.473;-0.5927161;-0.4205176;;
54.475;-0.5927315;-0.4205515;;
54.477;-0.5927388;-0.4205676;;
54.478;-0.5927388;-0.4205676;;
54.504;-0.6009744;-0.4378921;;
54.506;-0.6010466;-0.4380439;;
54.508;-0.6010519;-0.4380551;;
54.509;-0.6010531;-0.4380575;;
54.51;-0.6010538;-0.4380591;;
54.511;-0.601054;-0.4380593;;
54.538;-0.6078866;-0.4518067;;
54.541;-0.6079928;-0.4520204;;
54.543;-0.6080053;-0.4520455;;
54.544;-0.6080083;-0.4520516;;
54.545;-0.6080118;-0.4520586;;
54.545;-0.6080124;-0.4520598;;
54.571;-0.617416;-0.4701505;;
54.573;-0.617482;-0.4702775;;
54.575;-0.6174991;-0.4703104;;
54.576;-0.6175024;-0.4703167;;
54.577;-0.6175067;-0.4703249;;
54.578;-0.6175067;-0.4703249;;
54.603341;;;-0.0121997826329222;-0.326419693975002
54.368;-0.572472;-0.3737472;;
54.37;-0.5725408;-0.3739237;;
54.372;-0.572549;-0.3739447;;
54.373;-0.5725501;-0.3739475;;
54.374;-0.5725501;-0.3739475;;
54.375;-0.5725501;-0.3739475;;
54.401;-0.5784616;-0.3882843;;
54.404;-0.5784665;-0.388296;;
54.406;-0.5785118;-0.3884061;;
54.407;-0.5785165;-0.3884173;;
54.407;-0.5785173;-0.3884192;;
54.408;-0.5785176;-0.38842;;
54.436;-0.5860366;-0.4057925;;
54.437;-0.5860804;-0.4058939;;
54.44;-0.5860977;-0.4059336;;
54.44;-0.5860985;-0.4059356;;
54.441;-0.5861015;-0.4059426;;
54.443;-0.5861042;-0.4059487;;
54.47;-0.5926775;-0.4204324;;
54.471;-0.5926796;-0.4204372;;
54.473;-0.5927161;-0.4205176;;
54.475;-0.5927315;-0.4205515;;
54.477;-0.5927388;-0.4205676;;
54.478;-0.5927388;-0.4205676;;
54.504;-0.6009744;-0.4378921;;
54.506;-0.6010466;-0.4380439;;
54.508;-0.6010519;-0.4380551;;
54.509;-0.6010531;-0.4380575;;
54.51;-0.6010538;-0.4380591;;
54.511;-0.601054;-0.4380593;;
54.538;-0.6078866;-0.4518067;;
54.541;-0.6079928;-0.4520204;;
54.543;-0.6080053;-0.4520455;;
54.544;-0.6080083;-0.4520516;;
54.545;-0.6080118;-0.4520586;;
54.545;-0.6080124;-0.4520598;;
54.571;-0.617416;-0.4701505;;
54.573;-0.617482;-0.4702775;;
54.575;-0.6174991;-0.4703104;;
54.576;-0.6175024;-0.4703167;;
54.577;-0.6175067;-0.4703249;;
54.578;-0.6175067;-0.4703249;;
54.606;-0.6224468;-0.4794783;;
54.607;-0.6224484;-0.4794812;;
54.609;-0.6222255;-0.4790684;;
54.611;-0.6223529;-0.4793044;;
54.613;-0.6224582;-0.4794993;;
54.614;-0.622473;-0.4795268;;
54.639;-0.6280812;-0.4896491;;
54.64;-0.6281251;-0.4897283;;
54.641;-0.6281326;-0.4897419;;
54.649;-0.6281361;-0.4897482;;
54.651;-0.6339187;-0.4999032;;
54.651;-0.6339187;-0.4999032;;
54.6672074;;;0.0141452061246121;-0.360632341056252
54.436;-0.5860366;-0.4057925;;
54.437;-0.5860804;-0.4058939;;
54.44;-0.5860977;-0.4059336;;
54.44;-0.5860985;-0.4059356;;
54.441;-0.5861015;-0.4059426;;
54.443;-0.5861042;-0.4059487;;
54.47;-0.5926775;-0.4204324;;
54.471;-0.5926796;-0.4204372;;
54.473;-0.5927161;-0.4205176;;
54.475;-0.5927315;-0.4205515;;
54.477;-0.5927388;-0.4205676;;
54.478;-0.5927388;-0.4205676;;
54.504;-0.6009744;-0.4378921;;
54.506;-0.6010466;-0.4380439;;
54.508;-0.6010519;-0.4380551;;
54.509;-0.6010531;-0.4380575;;
54.51;-0.6010538;-0.4380591;;
54.511;-0.601054;-0.4380593;;
54.538;-0.6078866;-0.4518067;;
54.541;-0.6079928;-0.4520204;;
54.543;-0.6080053;-0.4520455;;
54.544;-0.6080083;-0.4520516;;
54.545;-0.6080118;-0.4520586;;
54.545;-0.6080124;-0.4520598;;
54.571;-0.617416;-0.4701505;;
54.573;-0.617482;-0.4702775;;
54.575;-0.6174991;-0.4703104;;
54.576;-0.6175024;-0.4703167;;
54.577;-0.6175067;-0.4703249;;
54.578;-0.6175067;-0.4703249;;
54.606;-0.6224468;-0.4794783;;
54.607;-0.6224484;-0.4794812;;
54.609;-0.6222255;-0.4790684;;
54.611;-0.6223529;-0.4793044;;
54.613;-0.6224582;-0.4794993;;
54.614;-0.622473;-0.4795268;;
54.639;-0.6280812;-0.4896491;;
54.64;-0.6281251;-0.4897283;;
54.641;-0.6281326;-0.4897419;;
54.649;-0.6281361;-0.4897482;;
54.651;-0.6339187;-0.4999032;;
54.651;-0.6339187;-0.4999032;;
54.673;-0.6403654;-0.5109074;;
54.674;-0.6404238;-0.5110072;;
54.676;-0.6404375;-0.5110306;;
54.678;-0.6404385;-0.5110322;;
54.679;-0.6404388;-0.5110328;;
54.679;-0.6404389;-0.5110328;;
54.68;-0.6404389;-0.5110329;;
54.707;-0.6520674;-0.530104;;
54.709;-0.6520674;-0.530104;;
54.711;-0.6520674;-0.530104;;
54.713;-0.6538896;-0.5330059;;
54.714;-0.6540918;-0.5333279;;
54.7342477;;;-0.0824107691104168;-0.387500839378119
54.504;-0.6009744;-0.4378921;;
54.506;-0.6010466;-0.4380439;;
54.508;-0.6010519;-0.4380551;;
54.509;-0.6010531;-0.4380575;;
54.51;-0.6010538;-0.4380591;;
54.511;-0.601054;-0.4380593;;
54.538;-0.6078866;-0.4518067;;
54.541;-0.6079928;-0.4520204;;
54.543;-0.6080053;-0.4520455;;
54.544;-0.6080083;-0.4520516;;
54.545;-0.6080118;-0.4520586;;
54.545;-0.6080124;-0.4520598;;
54.571;-0.617416;-0.4701505;;
54.573;-0.617482;-0.4702775;;
54.575;-0.6174991;-0.4703104;;
54.576;-0.6175024;-0.4703167;;
54.577;-0.6175067;-0.4703249;;
54.578;-0.6175067;-0.4703249;;
54.606;-0.6224468;-0.4794783;;
54.607;-0.6224484;-0.4794812;;
54.609;-0.6222255;-0.4790684;;
54.611;-0.6223529;-0.4793044;;
54.613;-0.6224582;-0.4794993;;
54.614;-0.622473;-0.4795268;;
54.639;-0.6280812;-0.4896491;;
54.64;-0.6281251;-0.4897283;;
54.641;-0.6281326;-0.4897419;;
54.649;-0.6281361;-0.4897482;;
54.651;-0.6339187;-0.4999032;;
54.651;-0.6339187;-0.4999032;;
54.673;-0.6403654;-0.5109074;;
54.674;-0.6404238;-0.5110072;;
54.676;-0.6404375;-0.5110306;;
54.678;-0.6404385;-0.5110322;;
54.679;-0.6404388;-0.5110328;;
54.679;-0.6404389;-0.5110328;;
54.68;-0.6404389;-0.5110329;;
54.707;-0.6520674;-0.530104;;
54.709;-0.6520674;-0.530104;;
54.711;-0.6520674;-0.530104;;
54.713;-0.6538896;-0.5330059;;
54.714;-0.6540918;-0.5333279;;
54.741;-0.6603905;-0.5431892;;
54.743;-0.6604278;-0.5432477;;
54.745;-0.6604425;-0.5432706;;
54.746;-0.6604461;-0.5432763;;
54.748;-0.660449;-0.5432808;;
54.748;-0.660449;-0.5432808;;
54.749;-0.660449;-0.5432808;;
54.775;-0.6714919;-0.559977;;
54.776;-0.6714919;-0.559977;;
54.778;-0.6728327;-0.5619535;;
54.779;-0.6731607;-0.5624371;;
54.781;-0.673401;-0.5627913;;
54.8014265;;;-0.640809502814029;-0.383004911012693
54.571;-0.617416;-0.4701505;;
54.573;-0.617482;-0.4702775;;
54.575;-0.6174991;-0.4703104;;
54.576;-0.6175024;-0.4703167;;
54.577;-0.6175067;-0.4703249;;
54.578;-0.6175067;-0.4703249;;
54.606;-0.6224468;-0.4794783;;
54.607;-0.6224484;-0.4794812;;
54.609;-0.6222255;-0.4790684;;
54.611;-0.6223529;-0.4793044;;
54.613;-0.6224582;-0.4794993;;
54.614;-0.622473;-0.4795268;;
54.639;-0.6280812;-0.4896491;;
54.64;-0.6281251;-0.4897283;;
54.641;-0.6281326;-0.4897419;;
54.649;-0.6281361;-0.4897482;;
54.651;-0.6339187;-0.4999032;;
54.651;-0.6339187;-0.4999032;;
54.673;-0.6403654;-0.5109074;;
54.674;-0.6404238;-0.5110072;;
54.676;-0.6404375;-0.5110306;;
54.678;-0.6404385;-0.5110322;;
54.679;-0.6404388;-0.5110328;;
54.679;-0.6404389;-0.5110328;;
54.68;-0.6404389;-0.5110329;;
54.707;-0.6520674;-0.530104;;
54.709;-0.6520674;-0.530104;;
54.711;-0.6520674;-0.530104;;
54.713;-0.6538896;-0.5330059;;
54.714;-0.6540918;-0.5333279;;
54.741;-0.6603905;-0.5431892;;
54.743;-0.6604278;-0.5432477;;
54.745;-0.6604425;-0.5432706;;
54.746;-0.6604461;-0.5432763;;
54.748;-0.660449;-0.5432808;;
54.748;-0.660449;-0.5432808;;
54.749;-0.660449;-0.5432808;;
54.775;-0.6714919;-0.559977;;
54.776;-0.6714919;-0.559977;;
54.778;-0.6728327;-0.5619535;;
54.779;-0.6731607;-0.5624371;;
54.781;-0.673401;-0.5627913;;
54.809;-0.6800333;-0.5724102;;
54.81;-0.6800767;-0.5724732;;
54.81;-0.6800923;-0.5724958;;
54.813;-0.6800923;-0.5724958;;
54.815;-0.6800923;-0.5724958;;
54.816;-0.6800923;-0.5724958;;
54.816;-0.6800923;-0.5724958;;
54.817;-0.6800923;-0.5724958;;
54.843;-0.6920644;-0.5892639;;
54.846;-0.6922576;-0.5895345;;
54.847;-0.6932157;-0.5908448;;
54.848;-0.693513;-0.5912513;;
54.849;-0.6936166;-0.5913929;;
54.8681539;;;-0.896124433238195;-0.381270398363326
54.639;-0.6280812;-0.4896491;;
54.64;-0.6281251;-0.4897283;;
54.641;-0.6281326;-0.4897419;;
54.649;-0.6281361;-0.4897482;;
54.651;-0.6339187;-0.4999032;;
54.651;-0.6339187;-0.4999032;;
54.673;-0.6403654;-0.5109074;;
54.674;-0.6404238;-0.5110072;;
54.676;-0.6404375;-0.5110306;;
54.678;-0.6404385;-0.5110322;;
54.679;-0.6404388;-0.5110328;;
54.679;-0.6404389;-0.5110328;;
54.68;-0.6404389;-0.5110329;;
54.707;-0.6520674;-0.530104;;
54.709;-0.6520674;-0.530104;;
54.711;-0.6520674;-0.530104;;
54.713;-0.6538896;-0.5330059;;
54.714;-0.6540918;-0.5333279;;
54.741;-0.6603905;-0.5431892;;
54.743;-0.6604278;-0.5432477;;
54.745;-0.6604425;-0.5432706;;
54.746;-0.6604461;-0.5432763;;
54.748;-0.660449;-0.5432808;;
54.748;-0.660449;-0.5432808;;
54.749;-0.660449;-0.5432808;;
54.775;-0.6714919;-0.559977;;
54.776;-0.6714919;-0.559977;;
54.778;-0.6728327;-0.5619535;;
54.779;-0.6731607;-0.5624371;;
54.781;-0.673401;-0.5627913;;
54.809;-0.6800333;-0.5724102;;
54.81;-0.6800767;-0.5724732;;
54.81;-0.6800923;-0.5724958;;
54.813;-0.6800923;-0.5724958;;
54.815;-0.6800923;-0.5724958;;
54.816;-0.6800923;-0.5724958;;
54.816;-0.6800923;-0.5724958;;
54.817;-0.6800923;-0.5724958;;
54.843;-0.6920644;-0.5892639;;
54.846;-0.6922576;-0.5895345;;
54.847;-0.6932157;-0.5908448;;
54.848;-0.693513;-0.5912513;;
54.849;-0.6936166;-0.5913929;;
54.878;-0.7006421;-0.6008542;;
54.879;-0.7007031;-0.6009363;;
54.88;-0.7007031;-0.6009363;;
54.881;-0.7007031;-0.6009363;;
54.883;-0.7007031;-0.6009363;;
54.884;-0.7007031;-0.6009363;;
54.885;-0.7007031;-0.6009363;;
54.911;-0.7116799;-0.6152628;;
54.913;-0.7146484;-0.6190478;;
54.915;-0.7148907;-0.6193568;;
54.916;-0.7149321;-0.6194096;;
54.916;-0.7149523;-0.6194353;;
54.916;-0.7149608;-0.6194461;;
54.9350991;;;-0.805616562820377;-0.380732250962363
54.707;-0.6520674;-0.530104;;
54.709;-0.6520674;-0.530104;;
54.711;-0.6520674;-0.530104;;
54.713;-0.6538896;-0.5330059;;
54.714;-0.6540918;-0.5333279;;
54.741;-0.6603905;-0.5431892;;
54.743;-0.6604278;-0.5432477;;
54.745;-0.6604425;-0.5432706;;
54.746;-0.6604461;-0.5432763;;
54.748;-0.660449;-0.5432808;;
54.748;-0.660449;-0.5432808;;
54.749;-0.660449;-0.5432808;;
54.775;-0.6714919;-0.559977;;
54.776;-0.6714919;-0.559977;;
54.778;-0.6728327;-0.5619535;;
54.779;-0.6731607;-0.5624371;;
54.781;-0.673401;-0.5627913;;
54.809;-0.6800333;-0.5724102;;
54.81;-0.6800767;-0.5724732;;
54.81;-0.6800923;-0.5724958;;
54.813;-0.6800923;-0.5724958;;
54.815;-0.6800923;-0.5724958;;
54.816;-0.6800923;-0.5724958;;
54.816;-0.6800923;-0.5724958;;
54.817;-0.6800923;-0.5724958;;
54.843;-0.6920644;-0.5892639;;
54.846;-0.6922576;-0.5895345;;
54.847;-0.6932157;-0.5908448;;
54.848;-0.693513;-0.5912513;;
54.849;-0.6936166;-0.5913929;;
54.878;-0.7006421;-0.6008542;;
54.879;-0.7007031;-0.6009363;;
54.88;-0.7007031;-0.6009363;;
54.881;-0.7007031;-0.6009363;;
54.883;-0.7007031;-0.6009363;;
54.884;-0.7007031;-0.6009363;;
54.885;-0.7007031;-0.6009363;;
54.911;-0.7116799;-0.6152628;;
54.913;-0.7146484;-0.6190478;;
54.915;-0.7148907;-0.6193568;;
54.916;-0.7149321;-0.6194096;;
54.916;-0.7149523;-0.6194353;;
54.916;-0.7149608;-0.6194461;;
54.945;-0.722106;-0.6283945;;
54.946;-0.7221543;-0.628455;;
54.947;-0.7221638;-0.628467;;
54.949;-0.7221673;-0.6284713;;
54.95;-0.7221679;-0.6284721;;
54.978;-0.7341245;-0.6429865;;
54.978;-0.7341947;-0.6430717;;
54.981;-0.7368888;-0.6462659;;
54.983;-0.7370645;-0.6464742;;
54.984;-0.7370947;-0.6465101;;
55.0022887;;;-0.360803811098661;-0.374667795384802
54.775;-0.6714919;-0.559977;;
54.776;-0.6714919;-0.559977;;
54.778;-0.6728327;-0.5619535;;
54.779;-0.6731607;-0.5624371;;
54.781;-0.673401;-0.5627913;;
54.809;-0.6800333;-0.5724102;;
54.81;-0.6800767;-0.5724732;;
54.81;-0.6800923;-0.5724958;;
54.813;-0.6800923;-0.5724958;;
54.815;-0.6800923;-0.5724958;;
54.816;-0.6800923;-0.5724958;;
54.816;-0.6800923;-0.5724958;;
54.817;-0.6800923;-0.5724958;;
54.843;-0.6920644;-0.5892639;;
54.846;-0.6922576;-0.5895345;;
54.847;-0.6932157;-0.5908448;;
54.848;-0.693513;-0.5912513;;
54.849;-0.6936166;-0.5913929;;
54.878;-0.7006421;-0.6008542;;
54.879;-0.7007031;-0.6009363;;
54.88;-0.7007031;-0.6009363;;
54.881;-0.7007031;-0.6009363;;
54.883;-0.7007031;-0.6009363;;
54.884;-0.7007031;-0.6009363;;
54.885;-0.7007031;-0.6009363;;
54.911;-0.7116799;-0.6152628;;
54.913;-0.7146484;-0.6190478;;
54.915;-0.7148907;-0.6193568;;
54.916;-0.7149321;-0.6194096;;
54.916;-0.7149523;-0.6194353;;
54.916;-0.7149608;-0.6194461;;
54.945;-0.722106;-0.6283945;;
54.946;-0.7221543;-0.628455;;
54.947;-0.7221638;-0.628467;;
54.949;-0.7221673;-0.6284713;;
54.95;-0.7221679;-0.6284721;;
54.978;-0.7341245;-0.6429865;;
54.978;-0.7341947;-0.6430717;;
54.981;-0.7368888;-0.6462659;;
54.983;-0.7370645;-0.6464742;;
54.984;-0.7370947;-0.6465101;;
55.014;-0.7445416;-0.6551933;;
55.016;-0.7447005;-0.6553786;;
55.018;-0.7447759;-0.6554665;;
55.018;-0.7447788;-0.6554699;;
55.019;-0.7447851;-0.6554773;;
55.019;-0.7447858;-0.6554781;;
55.02;-0.7447872;-0.6554797;;
55.046;-0.7578803;-0.6702645;;
55.047;-0.7579874;-0.6703854;;
55.048;-0.7599619;-0.6725637;;
55.05;-0.7602926;-0.6729285;;
55.051;-0.7603152;-0.6729534;;
55.052;-0.7603219;-0.6729608;;
55.053;-0.7603278;-0.6729673;;
55.0611431;;;-0.0125726474027297;-0.358664472930801
54.843;-0.6920644;-0.5892639;;
54.846;-0.6922576;-0.5895345;;
54.847;-0.6932157;-0.5908448;;
54.848;-0.693513;-0.5912513;;
54.849;-0.6936166;-0.5913929;;
54.878;-0.7006421;-0.6008542;;
54.879;-0.7007031;-0.6009363;;
54.88;-0.7007031;-0.6009363;;
54.881;-0.7007031;-0.6009363;;
54.883;-0.7007031;-0.6009363;;
54.884;-0.7007031;-0.6009363;;
54.885;-0.7007031;-0.6009363;;
54.911;-0.7116799;-0.6152628;;
54.913;-0.7146484;-0.6190478;;
54.915;-0.7148907;-0.6193568;;
54.916;-0.7149321;-0.6194096;;
54.916;-0.7149523;-0.6194353;;
54.916;-0.7149608;-0.6194461;;
54.945;-0.722106;-0.6283945;;
54.946;-0.7221543;-0.628455;;
54.947;-0.7221638;-0.628467;;
54.949;-0.7221673;-0.6284713;;
54.95;-0.7221679;-0.6284721;;
54.978;-0.7341245;-0.6429865;;
54.978;-0.7341947;-0.6430717;;
54.981;-0.7368888;-0.6462659;;
54.983;-0.7370645;-0.6464742;;
54.984;-0.7370947;-0.6465101;;
55.014;-0.7445416;-0.6551933;;
55.016;-0.7447005;-0.6553786;;
55.018;-0.7447759;-0.6554665;;
55.018;-0.7447788;-0.6554699;;
55.019;-0.7447851;-0.6554773;;
55.019;-0.7447858;-0.6554781;;
55.02;-0.7447872;-0.6554797;;
55.046;-0.7578803;-0.6702645;;
55.047;-0.7579874;-0.6703854;;
55.048;-0.7599619;-0.6725637;;
55.05;-0.7602926;-0.6729285;;
55.051;-0.7603152;-0.6729534;;
55.052;-0.7603219;-0.6729608;;
55.053;-0.7603278;-0.6729673;;
55.079;-0.7644466;-0.6774668;;
55.08;-0.7644466;-0.6774668;;
55.081;-0.7644466;-0.6774668;;
55.083;-0.7644466;-0.6774668;;
55.084;-0.7686436;-0.6819906;;
55.085;-0.7692155;-0.6826072;;
55.113;-0.7774165;-0.6912827;;
55.115;-0.7774794;-0.6913493;;
55.116;-0.7774836;-0.6913537;;
55.118;-0.7774878;-0.6913581;;
55.118;-0.7774879;-0.6913582;;
55.12;-0.7774896;-0.6913601;;
55.1281513;;;-0.00370599637290414;-0.326904281931538
54.911;-0.7116799;-0.6152628;;
54.913;-0.7146484;-0.6190478;;
54.915;-0.7148907;-0.6193568;;
54.916;-0.7149321;-0.6194096;;
54.916;-0.7149523;-0.6194353;;
54.916;-0.7149608;-0.6194461;;
54.945;-0.722106;-0.6283945;;
54.946;-0.7221543;-0.628455;;
54.947;-0.7221638;-0.628467;;
54.949;-0.7221673;-0.6284713;;
54.95;-0.7221679;-0.6284721;;
54.978;-0.7341245;-0.6429865;;
54.978;-0.7341947;-0.6430717;;
54.981;-0.7368888;-0.6462659;;
54.983;-0.7370645;-0.6464742;;
54.984;-0.7370947;-0.6465101;;
55.014;-0.7445416;-0.6551933;;
55.016;-0.7447005;-0.6553786;;
55.018;-0.7447759;-0.6554665;;
55.018;-0.7447788;-0.6554699;;
55.019;-0.7447851;-0.6554773;;
55.019;-0.7447858;-0.6554781;;
55.02;-0.7447872;-0.6554797;;
55.046;-0.7578803;-0.6702645;;
55.047;-0.7579874;-0.6703854;;
55.048;-0.7599619;-0.6725637;;
55.05;-0.7602926;-0.6729285;;
55.051;-0.7603152;-0.6729534;;
55.052;-0.7603219;-0.6729608;;
55.053;-0.7603278;-0.6729673;;
55.079;-0.7644466;-0.6774668;;
55.08;-0.7644466;-0.6774668;;
55.081;-0.7644466;-0.6774668;;
55.083;-0.7644466;-0.6774668;;
55.084;-0.7686436;-0.6819906;;
55.085;-0.7692155;-0.6826072;;
55.113;-0.7774165;-0.6912827;;
55.115;-0.7774794;-0.6913493;;
55.116;-0.7774836;-0.6913537;;
55.118;-0.7774878;-0.6913581;;
55.118;-0.7774879;-0.6913582;;
55.12;-0.7774896;-0.6913601;;
55.148;-0.7936328;-0.7078422;;
55.149;-0.7937553;-0.7079673;;
55.151;-0.7937754;-0.7079878;;
55.152;-0.7937781;-0.7079906;;
55.152;-0.7937781;-0.7079906;;
55.152;-0.7937781;-0.7079906;;
55.182;-0.8093961;-0.7232332;;
55.182;-0.8093961;-0.7232332;;
55.184;-0.8093961;-0.7232332;;
55.186;-0.8093961;-0.7232332;;
55.188;-0.8093961;-0.7232332;;
55.2022004;;;-0.0188387875479292;-0.292037341875649
54.978;-0.7341245;-0.6429865;;
54.978;-0.7341947;-0.6430717;;
54.981;-0.7368888;-0.6462659;;
54.983;-0.7370645;-0.6464742;;
54.984;-0.7370947;-0.6465101;;
55.014;-0.7445416;-0.6551933;;
55.016;-0.7447005;-0.6553786;;
55.018;-0.7447759;-0.6554665;;
55.018;-0.7447788;-0.6554699;;
55.019;-0.7447851;-0.6554773;;
55.019;-0.7447858;-0.6554781;;
55.02;-0.7447872;-0.6554797;;
55.046;-0.7578803;-0.6702645;;
55.047;-0.7579874;-0.6703854;;
55.048;-0.7599619;-0.6725637;;
55.05;-0.7602926;-0.6729285;;
55.051;-0.7603152;-0.6729534;;
55.052;-0.7603219;-0.6729608;;
55.053;-0.7603278;-0.6729673;;
55.079;-0.7644466;-0.6774668;;
55.08;-0.7644466;-0.6774668;;
55.081;-0.7644466;-0.6774668;;
55.083;-0.7644466;-0.6774668;;
55.084;-0.7686436;-0.6819906;;
55.085;-0.7692155;-0.6826072;;
55.113;-0.7774165;-0.6912827;;
55.115;-0.7774794;-0.6913493;;
55.116;-0.7774836;-0.6913537;;
55.118;-0.7774878;-0.6913581;;
55.118;-0.7774879;-0.6913582;;
55.12;-0.7774896;-0.6913601;;
55.148;-0.7936328;-0.7078422;;
55.149;-0.7937553;-0.7079673;;
55.151;-0.7937754;-0.7079878;;
55.152;-0.7937781;-0.7079906;;
55.152;-0.7937781;-0.7079906;;
55.152;-0.7937781;-0.7079906;;
55.182;-0.8093961;-0.7232332;;
55.182;-0.8093961;-0.7232332;;
55.184;-0.8093961;-0.7232332;;
55.186;-0.8093961;-0.7232332;;
55.188;-0.8093961;-0.7232332;;
55.216;-0.8178161;-0.7311806;;
55.216;-0.8178161;-0.7311806;;
55.217;-0.8178161;-0.7311806;;
55.219;-0.8178161;-0.7311806;;
55.22;-0.8178161;-0.7311806;;
55.221;-0.8178161;-0.7311806;;
55.221;-0.8178161;-0.7311806;;
55.25;-0.834926;-0.7467744;;
55.251;-0.8350524;-0.7468896;;
55.252;-0.8350741;-0.7469093;;
55.254;-0.8350741;-0.7469093;;
55.254;-0.8350741;-0.7469093;;
55.255;-0.8350741;-0.7469093;;
55.2701863;;;-0.0223996017975157;-0.264665425120366
55.046;-0.7578803;-0.6702645;;
55.047;-0.7579874;-0.6703854;;
55.048;-0.7599619;-0.6725637;;
55.05;-0.7602926;-0.6729285;;
55.051;-0.7603152;-0.6729534;;
55.052;-0.7603219;-0.6729608;;
55.053;-0.7603278;-0.6729673;;
55.079;-0.7644466;-0.6774668;;
55.08;-0.7644466;-0.6774668;;
55.081;-0.7644466;-0.6774668;;
55.083;-0.7644466;-0.6774668;;
55.084;-0.7686436;-0.6819906;;
55.085;-0.7692155;-0.6826072;;
55.113;-0.7774165;-0.6912827;;
55.115;-0.7774794;-0.6913493;;
55.116;-0.7774836;-0.6913537;;
55.118;-0.7774878;-0.6913581;;
55.118;-0.7774879;-0.6913582;;
55.12;-0.7774896;-0.6913601;;
55.148;-0.7936328;-0.7078422;;
55.149;-0.7937553;-0.7079673;;
55.151;-0.7937754;-0.7079878;;
55.152;-0.7937781;-0.7079906;;
55.152;-0.7937781;-0.7079906;;
55.152;-0.7937781;-0.7079906;;
55.182;-0.8093961;-0.7232332;;
55.182;-0.8093961;-0.7232332;;
55.184;-0.8093961;-0.7232332;;
55.186;-0.8093961;-0.7232332;;
55.188;-0.8093961;-0.7232332;;
55.216;-0.8178161;-0.7311806;;
55.216;-0.8178161;-0.7311806;;
55.217;-0.8178161;-0.7311806;;
55.219;-0.8178161;-0.7311806;;
55.22;-0.8178161;-0.7311806;;
55.221;-0.8178161;-0.7311806;;
55.221;-0.8178161;-0.7311806;;
55.25;-0.834926;-0.7467744;;
55.251;-0.8350524;-0.7468896;;
55.252;-0.8350741;-0.7469093;;
55.254;-0.8350741;-0.7469093;;
55.254;-0.8350741;-0.7469093;;
55.255;-0.8350741;-0.7469093;;
55.283;-0.8438567;-0.7546355;;
55.284;-0.8439227;-0.7546936;;
55.286;-0.8479107;-0.7581403;;
55.288;-0.8482026;-0.7583926;;
55.288;-0.8482462;-0.7584302;;
55.289;-0.8483034;-0.7584798;;
55.317;-0.8616905;-0.769778;;
55.319;-0.8617976;-0.7698684;;
55.321;-0.8618073;-0.7698766;;
55.322;-0.8618083;-0.7698774;;
55.323;-0.8618085;-0.7698777;;
55.323;-0.8618085;-0.7698777;;
55.3487804;;;-0.0323757121959213;-0.267065302212038
55.113;-0.7774165;-0.6912827;;
55.115;-0.7774794;-0.6913493;;
55.116;-0.7774836;-0.6913537;;
55.118;-0.7774878;-0.6913581;;
55.118;-0.7774879;-0.6913582;;
55.12;-0.7774896;-0.6913601;;
55.148;-0.7936328;-0.7078422;;
55.149;-0.7937553;-0.7079673;;
55.151;-0.7937754;-0.7079878;;
55.152;-0.7937781;-0.7079906;;
55.152;-0.7937781;-0.7079906;;
55.152;-0.7937781;-0.7079906;;
55.182;-0.8093961;-0.7232332;;
55.182;-0.8093961;-0.7232332;;
55.184;-0.8093961;-0.7232332;;
55.186;-0.8093961;-0.7232332;;
55.188;-0.8093961;-0.7232332;;
55.216;-0.8178161;-0.7311806;;
55.216;-0.8178161;-0.7311806;;
55.217;-0.8178161;-0.7311806;;
55.219;-0.8178161;-0.7311806;;
55.22;-0.8178161;-0.7311806;;
55.221;-0.8178161;-0.7311806;;
55.221;-0.8178161;-0.7311806;;
55.25;-0.834926;-0.7467744;;
55.251;-0.8350524;-0.7468896;;
55.252;-0.8350741;-0.7469093;;
55.254;-0.8350741;-0.7469093;;
55.254;-0.8350741;-0.7469093;;
55.255;-0.8350741;-0.7469093;;
55.283;-0.8438567;-0.7546355;;
55.284;-0.8439227;-0.7546936;;
55.286;-0.8479107;-0.7581403;;
55.288;-0.8482026;-0.7583926;;
55.288;-0.8482462;-0.7584302;;
55.289;-0.8483034;-0.7584798;;
55.317;-0.8616905;-0.769778;;
55.319;-0.8617976;-0.7698684;;
55.321;-0.8618073;-0.7698766;;
55.322;-0.8618083;-0.7698774;;
55.323;-0.8618085;-0.7698777;;
55.323;-0.8618085;-0.7698777;;
55.352;-0.8752997;-0.7808646;;
55.353;-0.8749999;-0.7806205;;
55.355;-0.8751971;-0.780781;;
55.356;-0.8752403;-0.7808162;;
55.358;-0.8752928;-0.780859;;
55.358;-0.8752971;-0.7808625;;
55.385;-0.8909191;-0.7931058;;
55.387;-0.8910065;-0.7931743;;
55.389;-0.8910403;-0.7932008;;
55.391;-0.8910614;-0.7932174;;
55.392;-0.8910614;-0.7932174;;
55.4076042;;;-0.323767834454946;-0.271691231531547
55.216;-0.8178161;-0.7311806;;
55.216;-0.8178161;-0.7311806;;
55.217;-0.8178161;-0.7311806;;
55.219;-0.8178161;-0.7311806;;
55.22;-0.8178161;-0.7311806;;
55.221;-0.8178161;-0.7311806;;
55.221;-0.8178161;-0.7311806;;
55.25;-0.834926;-0.7467744;;
55.251;-0.8350524;-0.7468896;;
55.252;-0.8350741;-0.7469093;;
55.254;-0.8350741;-0.7469093;;
55.254;-0.8350741;-0.7469093;;
55.255;-0.8350741;-0.7469093;;
55.283;-0.8438567;-0.7546355;;
55.284;-0.8439227;-0.7546936;;
55.286;-0.8479107;-0.7581403;;
55.288;-0.8482026;-0.7583926;;
55.288;-0.8482462;-0.7584302;;
55.289;-0.8483034;-0.7584798;;
55.317;-0.8616905;-0.769778;;
55.319;-0.8617976;-0.7698684;;
55.321;-0.8618073;-0.7698766;;
55.322;-0.8618083;-0.7698774;;
55.323;-0.8618085;-0.7698777;;
55.323;-0.8618085;-0.7698777;;
55.352;-0.8752997;-0.7808646;;
55.353;-0.8749999;-0.7806205;;
55.355;-0.8751971;-0.780781;;
55.356;-0.8752403;-0.7808162;;
55.358;-0.8752928;-0.780859;;
55.358;-0.8752971;-0.7808625;;
55.385;-0.8909191;-0.7931058;;
55.387;-0.8910065;-0.7931743;;
55.389;-0.8910403;-0.7932008;;
55.391;-0.8910614;-0.7932174;;
55.392;-0.8910614;-0.7932174;;
55.419;-0.8983924;-0.7987913;;
55.419;-0.898434;-0.7988229;;
55.421;-0.8984523;-0.7988368;;
55.424;-0.8984585;-0.7988415;;
55.424;-0.8984588;-0.7988417;;
55.425;-0.8984596;-0.7988423;;
55.426;-0.8984608;-0.7988433;;
55.453;-0.9135383;-0.809971;;
55.455;-0.9138537;-0.8102037;;
55.457;-0.9139252;-0.8102565;;
55.458;-0.9139494;-0.8102744;;
55.459;-0.9139529;-0.8102769;;
55.459;-0.9139535;-0.8102773;;
55.488;-0.9232906;-0.816948;;
55.49;-0.9234149;-0.8170368;;
55.491;-0.9234419;-0.8170561;;
55.492;-0.9234524;-0.8170636;;
55.494;-0.9234544;-0.817065;;
55.4940913;;;-0.752363113035587;-0.274774276676268
55.283;-0.8438567;-0.7546355;;
55.284;-0.8439227;-0.7546936;;
55.286;-0.8479107;-0.7581403;;
55.288;-0.8482026;-0.7583926;;
55.288;-0.8482462;-0.7584302;;
55.289;-0.8483034;-0.7584798;;
55.317;-0.8616905;-0.769778;;
55.319;-0.8617976;-0.7698684;;
55.321;-0.8618073;-0.7698766;;
55.322;-0.8618083;-0.7698774;;
55.323;-0.8618085;-0.7698777;;
55.323;-0.8618085;-0.7698777;;
55.352;-0.8752997;-0.7808646;;
55.353;-0.8749999;-0.7806205;;
55.355;-0.8751971;-0.780781;;
55.356;-0.8752403;-0.7808162;;
55.358;-0.8752928;-0.780859;;
55.358;-0.8752971;-0.7808625;;
55.385;-0.8909191;-0.7931058;;
55.387;-0.8910065;-0.7931743;;
55.389;-0.8910403;-0.7932008;;
55.391;-0.8910614;-0.7932174;;
55.392;-0.8910614;-0.7932174;;
55.419;-0.8983924;-0.7987913;;
55.419;-0.898434;-0.7988229;;
55.421;-0.8984523;-0.7988368;;
55.424;-0.8984585;-0.7988415;;
55.424;-0.8984588;-0.7988417;;
55.425;-0.8984596;-0.7988423;;
55.426;-0.8984608;-0.7988433;;
55.453;-0.9135383;-0.809971;;
55.455;-0.9138537;-0.8102037;;
55.457;-0.9139252;-0.8102565;;
55.458;-0.9139494;-0.8102744;;
55.459;-0.9139529;-0.8102769;;
55.459;-0.9139535;-0.8102773;;
55.488;-0.9232906;-0.816948;;
55.49;-0.9234149;-0.8170368;;
55.491;-0.9234419;-0.8170561;;
55.492;-0.9234524;-0.8170636;;
55.494;-0.9234544;-0.817065;;
55.494;-0.9330005;-0.8237181;;
55.522;-0.9482906;-0.8340364;;
55.523;-0.9482906;-0.8340364;;
55.526;-0.9482906;-0.8340364;;
55.527;-0.9482906;-0.8340364;;
55.528;-0.9509709;-0.8358033;;
55.529;-0.9509709;-0.8358033;;
55.556;-0.9608886;-0.8422344;;
55.556;-0.9608886;-0.8422344;;
55.559;-0.9608886;-0.8422344;;
55.561;-0.9643504;-0.8444359;;
55.562;-0.9651755;-0.8449606;;
55.564;-0.9659057;-0.8454249;;
55.5716606;;;-0.917268841931129;-0.282487383306912
55.352;-0.8752997;-0.7808646;;
55.353;-0.8749999;-0.7806205;;
55.355;-0.8751971;-0.780781;;
55.356;-0.8752403;-0.7808162;;
55.358;-0.8752928;-0.780859;;
55.358;-0.8752971;-0.7808625;;
55.385;-0.8909191;-0.7931058;;
55.387;-0.8910065;-0.7931743;;
55.389;-0.8910403;-0.7932008;;
55.391;-0.8910614;-0.7932174;;
55.392;-0.8910614;-0.7932174;;
55.419;-0.8983924;-0.7987913;;
55.419;-0.898434;-0.7988229;;
55.421;-0.8984523;-0.7988368;;
55.424;-0.8984585;-0.7988415;;
55.424;-0.8984588;-0.7988417;;
55.425;-0.8984596;-0.7988423;;
55.426;-0.8984608;-0.7988433;;
55.453;-0.9135383;-0.809971;;
55.455;-0.9138537;-0.8102037;;
55.457;-0.9139252;-0.8102565;;
55.458;-0.9139494;-0.8102744;;
55.459;-0.9139529;-0.8102769;;
55.459;-0.9139535;-0.8102773;;
55.488;-0.9232906;-0.816948;;
55.49;-0.9234149;-0.8170368;;
55.491;-0.9234419;-0.8170561;;
55.492;-0.9234524;-0.8170636;;
55.494;-0.9234544;-0.817065;;
55.494;-0.9330005;-0.8237181;;
55.522;-0.9482906;-0.8340364;;
55.523;-0.9482906;-0.8340364;;
55.526;-0.9482906;-0.8340364;;
55.527;-0.9482906;-0.8340364;;
55.528;-0.9509709;-0.8358033;;
55.529;-0.9509709;-0.8358033;;
55.556;-0.9608886;-0.8422344;;
55.556;-0.9608886;-0.8422344;;
55.559;-0.9608886;-0.8422344;;
55.561;-0.9643504;-0.8444359;;
55.562;-0.9651755;-0.8449606;;
55.564;-0.9659057;-0.8454249;;
55.59;-0.9755;-0.851409;;
55.59;-0.9755419;-0.8514351;;
55.592;-0.9756413;-0.8514971;;
55.594;-0.98087;-0.8546849;;
55.595;-0.9821736;-0.8554797;;
55.596;-0.9831323;-0.8560643;;
55.623;-0.9907848;-0.8606388;;
55.624;-0.9908267;-0.8606638;;
55.625;-0.9908474;-0.8606762;;
55.626;-0.9908547;-0.8606806;;
55.627;-0.9908557;-0.8606812;;
55.628;-0.9948215;-0.8630118;;
55.6391406;;;-0.935670208649437;-0.308864665169297
55.419;-0.8983924;-0.7987913;;
55.419;-0.898434;-0.7988229;;
55.421;-0.8984523;-0.7988368;;
55.424;-0.8984585;-0.7988415;;
55.424;-0.8984588;-0.7988417;;
55.425;-0.8984596;-0.7988423;;
55.426;-0.8984608;-0.7988433;;
55.453;-0.9135383;-0.809971;;
55.455;-0.9138537;-0.8102037;;
55.457;-0.9139252;-0.8102565;;
55.458;-0.9139494;-0.8102744;;
55.459;-0.9139529;-0.8102769;;
55.459;-0.9139535;-0.8102773;;
55.488;-0.9232906;-0.816948;;
55.49;-0.9234149;-0.8170368;;
55.491;-0.9234419;-0.8170561;;
55.492;-0.9234524;-0.8170636;;
55.494;-0.9234544;-0.817065;;
55.494;-0.9330005;-0.8237181;;
55.522;-0.9482906;-0.8340364;;
55.523;-0.9482906;-0.8340364;;
55.526;-0.9482906;-0.8340364;;
55.527;-0.9482906;-0.8340364;;
55.528;-0.9509709;-0.8358033;;
55.529;-0.9509709;-0.8358033;;
55.556;-0.9608886;-0.8422344;;
55.556;-0.9608886;-0.8422344;;
55.559;-0.9608886;-0.8422344;;
55.561;-0.9643504;-0.8444359;;
55.562;-0.9651755;-0.8449606;;
55.564;-0.9659057;-0.8454249;;
55.59;-0.9755;-0.851409;;
55.59;-0.9755419;-0.8514351;;
55.592;-0.9756413;-0.8514971;;
55.594;-0.98087;-0.8546849;;
55.595;-0.9821736;-0.8554797;;
55.596;-0.9831323;-0.8560643;;
55.623;-0.9907848;-0.8606388;;
55.624;-0.9908267;-0.8606638;;
55.625;-0.9908474;-0.8606762;;
55.626;-0.9908547;-0.8606806;;
55.627;-0.9908557;-0.8606812;;
55.628;-0.9948215;-0.8630118;;
55.657;-1.005816;-0.8693566;;
55.659;-1.005901;-0.8694052;;
55.661;-1.005911;-0.8694111;;
55.662;-1.011845;-0.872752;;
55.663;-1.012751;-0.8732625;;
55.664;-1.012879;-0.8733342;;
55.69;-1.021141;-0.8778913;;
55.691;-1.021208;-0.8779283;;
55.693;-1.021219;-0.8779342;;
55.695;-1.024795;-0.879871;;
55.697;-1.026442;-0.8807628;;
55.698;-1.026442;-0.8807628;;
55.7172385;;;-0.886222694529677;-0.337033069966578
55.488;-0.9232906;-0.816948;;
55.49;-0.9234149;-0.8170368;;
55.491;-0.9234419;-0.8170561;;
55.492;-0.9234524;-0.8170636;;
55.494;-0.9234544;-0.817065;;
55.494;-0.9330005;-0.8237181;;
55.522;-0.9482906;-0.8340364;;
55.523;-0.9482906;-0.8340364;;
55.526;-0.9482906;-0.8340364;;
55.527;-0.9482906;-0.8340364;;
55.528;-0.9509709;-0.8358033;;
55.529;-0.9509709;-0.8358033;;
55.556;-0.9608886;-0.8422344;;
55.556;-0.9608886;-0.8422344;;
55.559;-0.9608886;-0.8422344;;
55.561;-0.9643504;-0.8444359;;
55.562;-0.9651755;-0.8449606;;
55.564;-0.9659057;-0.8454249;;
55.59;-0.9755;-0.851409;;
55.59;-0.9755419;-0.8514351;;
55.592;-0.9756413;-0.8514971;;
55.594;-0.98087;-0.8546849;;
55.595;-0.9821736;-0.8554797;;
55.596;-0.9831323;-0.8560643;;
55.623;-0.9907848;-0.8606388;;
55.624;-0.9908267;-0.8606638;;
55.625;-0.9908474;-0.8606762;;
55.626;-0.9908547;-0.8606806;;
55.627;-0.9908557;-0.8606812;;
55.628;-0.9948215;-0.8630118;;
55.657;-1.005816;-0.8693566;;
55.659;-1.005901;-0.8694052;;
55.661;-1.005911;-0.8694111;;
55.662;-1.011845;-0.872752;;
55.663;-1.012751;-0.8732625;;
55.664;-1.012879;-0.8733342;;
55.69;-1.021141;-0.8778913;;
55.691;-1.021208;-0.8779283;;
55.693;-1.021219;-0.8779342;;
55.695;-1.024795;-0.879871;;
55.697;-1.026442;-0.8807628;;
55.698;-1.026442;-0.8807628;;
55.726;-1.036778;-0.8862423;;
55.727;-1.036778;-0.8862423;;
55.73;-1.036778;-0.8862423;;
55.731;-1.036778;-0.8862423;;
55.731;-1.036778;-0.8862423;;
55.732;-1.036778;-0.8862423;;
55.76;-1.053268;-0.894668;;
55.761;-1.053268;-0.894668;;
55.768;-1.057485;-0.8967608;;
55.768;-1.057585;-0.8968101;;
55.769;-1.057626;-0.8968308;;
55.769;-1.057633;-0.8968343;;
55.7841777;;;-0.901512784274603;-0.365200292462933
55.556;-0.9608886;-0.8422344;;
55.556;-0.9608886;-0.8422344;;
55.559;-0.9608886;-0.8422344;;
55.561;-0.9643504;-0.8444359;;
55.562;-0.9651755;-0.8449606;;
55.564;-0.9659057;-0.8454249;;
55.59;-0.9755;-0.851409;;
55.59;-0.9755419;-0.8514351;;
55.592;-0.9756413;-0.8514971;;
55.594;-0.98087;-0.8546849;;
55.595;-0.9821736;-0.8554797;;
55.596;-0.9831323;-0.8560643;;
55.623;-0.9907848;-0.8606388;;
55.624;-0.9908267;-0.8606638;;
55.625;-0.9908474;-0.8606762;;
55.626;-0.9908547;-0.8606806;;
55.627;-0.9908557;-0.8606812;;
55.628;-0.9948215;-0.8630118;;
55.657;-1.005816;-0.8693566;;
55.659;-1.005901;-0.8694052;;
55.661;-1.005911;-0.8694111;;
55.662;-1.011845;-0.872752;;
55.663;-1.012751;-0.8732625;;
55.664;-1.012879;-0.8733342;;
55.69;-1.021141;-0.8778913;;
55.691;-1.021208;-0.8779283;;
55.693;-1.021219;-0.8779342;;
55.695;-1.024795;-0.879871;;
55.697;-1.026442;-0.8807628;;
55.698;-1.026442;-0.8807628;;
55.726;-1.036778;-0.8862423;;
55.727;-1.036778;-0.8862423;;
55.73;-1.036778;-0.8862423;;
55.731;-1.036778;-0.8862423;;
55.731;-1.036778;-0.8862423;;
55.732;-1.036778;-0.8862423;;
55.76;-1.053268;-0.894668;;
55.761;-1.053268;-0.894668;;
55.768;-1.057485;-0.8967608;;
55.768;-1.057585;-0.8968101;;
55.769;-1.057626;-0.8968308;;
55.769;-1.057633;-0.8968343;;
55.794;-1.067986;-0.9018662;;
55.795;-1.068073;-0.9019085;;
55.799;-1.068087;-0.9019153;;
55.83;-1.089245;-0.9117433;;
55.832;-1.089394;-0.9118126;;
55.833;-1.089411;-0.9118204;;
55.835;-1.089413;-0.9118212;;
55.836;-1.089413;-0.9118214;;
55.837;-1.089414;-0.9118217;;
55.837;-1.089414;-0.9118217;;
55.838;-1.089414;-0.9118217;;
55.8627457;;;-0.782578871777567;-0.39064418565513
55.623;-0.9907848;-0.8606388;;
55.624;-0.9908267;-0.8606638;;
55.625;-0.9908474;-0.8606762;;
55.626;-0.9908547;-0.8606806;;
55.627;-0.9908557;-0.8606812;;
55.628;-0.9948215;-0.8630118;;
55.657;-1.005816;-0.8693566;;
55.659;-1.005901;-0.8694052;;
55.661;-1.005911;-0.8694111;;
55.662;-1.011845;-0.872752;;
55.663;-1.012751;-0.8732625;;
55.664;-1.012879;-0.8733342;;
55.69;-1.021141;-0.8778913;;
55.691;-1.021208;-0.8779283;;
55.693;-1.021219;-0.8779342;;
55.695;-1.024795;-0.879871;;
55.697;-1.026442;-0.8807628;;
55.698;-1.026442;-0.8807628;;
55.726;-1.036778;-0.8862423;;
55.727;-1.036778;-0.8862423;;
55.73;-1.036778;-0.8862423;;
55.731;-1.036778;-0.8862423;;
55.731;-1.036778;-0.8862423;;
55.732;-1.036778;-0.8862423;;
55.76;-1.053268;-0.894668;;
55.761;-1.053268;-0.894668;;
55.768;-1.057485;-0.8967608;;
55.768;-1.057585;-0.8968101;;
55.769;-1.057626;-0.8968308;;
55.769;-1.057633;-0.8968343;;
55.794;-1.067986;-0.9018662;;
55.795;-1.068073;-0.9019085;;
55.799;-1.068087;-0.9019153;;
55.83;-1.089245;-0.9117433;;
55.832;-1.089394;-0.9118126;;
55.833;-1.089411;-0.9118204;;
55.835;-1.089413;-0.9118212;;
55.836;-1.089413;-0.9118214;;
55.837;-1.089414;-0.9118217;;
55.837;-1.089414;-0.9118217;;
55.838;-1.089414;-0.9118217;;
55.863;-1.105337;-0.9188243;;
55.865;-1.105058;-0.9187016;;
55.867;-1.105375;-0.9188409;;
55.868;-1.105423;-0.918862;;
55.868;-1.105424;-0.9188623;;
55.869;-1.105494;-0.9188932;;
55.897;-1.12153;-0.9256107;;
55.898;-1.12174;-0.9256987;;
55.9;-1.121802;-0.9257246;;
55.901;-1.121814;-0.9257297;;
55.902;-1.121818;-0.9257311;;
55.903;-1.121819;-0.9257316;;
55.9296404;;;-0.793513955233836;-0.420569472435969
55.69;-1.021141;-0.8778913;;
55.691;-1.021208;-0.8779283;;
55.693;-1.021219;-0.8779342;;
55.695;-1.024795;-0.879871;;
55.697;-1.026442;-0.8807628;;
55.698;-1.026442;-0.8807628;;
55.726;-1.036778;-0.8862423;;
55.727;-1.036778;-0.8862423;;
55.73;-1.036778;-0.8862423;;
55.731;-1.036778;-0.8862423;;
55.731;-1.036778;-0.8862423;;
55.732;-1.036778;-0.8862423;;
55.76;-1.053268;-0.894668;;
55.761;-1.053268;-0.894668;;
55.768;-1.057485;-0.8967608;;
55.768;-1.057585;-0.8968101;;
55.769;-1.057626;-0.8968308;;
55.769;-1.057633;-0.8968343;;
55.794;-1.067986;-0.9018662;;
55.795;-1.068073;-0.9019085;;
55.799;-1.068087;-0.9019153;;
55.83;-1.089245;-0.9117433;;
55.832;-1.089394;-0.9118126;;
55.833;-1.089411;-0.9118204;;
55.835;-1.089413;-0.9118212;;
55.836;-1.089413;-0.9118214;;
55.837;-1.089414;-0.9118217;;
55.837;-1.089414;-0.9118217;;
55.838;-1.089414;-0.9118217;;
55.863;-1.105337;-0.9188243;;
55.865;-1.105058;-0.9187016;;
55.867;-1.105375;-0.9188409;;
55.868;-1.105423;-0.918862;;
55.868;-1.105424;-0.9188623;;
55.869;-1.105494;-0.9188932;;
55.897;-1.12153;-0.9256107;;
55.898;-1.12174;-0.9256987;;
55.9;-1.121802;-0.9257246;;
55.901;-1.121814;-0.9257297;;
55.902;-1.121818;-0.9257311;;
55.903;-1.121819;-0.9257316;;
55.931;-1.137455;-0.9319623;;
55.934;-1.137488;-0.9319753;;
55.936;-1.137761;-0.9320843;;
55.937;-1.137846;-0.9321179;;
55.937;-1.13786;-0.9321237;;
55.938;-1.137868;-0.9321266;;
55.965;-1.155723;-0.9388665;;
55.967;-1.155836;-0.9389091;;
55.969;-1.155871;-0.9389222;;
55.971;-1.155885;-0.9389274;;
55.972;-1.155886;-0.938928;;
55.973;-1.155886;-0.938928;;
55.9963263;;;-0.687715518611657;-0.445851027866039
55.76;-1.053268;-0.894668;;
55.761;-1.053268;-0.894668;;
55.768;-1.057485;-0.8967608;;
55.768;-1.057585;-0.8968101;;
55.769;-1.057626;-0.8968308;;
55.769;-1.057633;-0.8968343;;
55.794;-1.067986;-0.9018662;;
55.795;-1.068073;-0.9019085;;
55.799;-1.068087;-0.9019153;;
55.83;-1.089245;-0.9117433;;
55.832;-1.089394;-0.9118126;;
55.833;-1.089411;-0.9118204;;
55.835;-1.089413;-0.9118212;;
55.836;-1.089413;-0.9118214;;
55.837;-1.089414;-0.9118217;;
55.837;-1.089414;-0.9118217;;
55.838;-1.089414;-0.9118217;;
55.863;-1.105337;-0.9188243;;
55.865;-1.105058;-0.9187016;;
55.867;-1.105375;-0.9188409;;
55.868;-1.105423;-0.918862;;
55.868;-1.105424;-0.9188623;;
55.869;-1.105494;-0.9188932;;
55.897;-1.12153;-0.9256107;;
55.898;-1.12174;-0.9256987;;
55.9;-1.121802;-0.9257246;;
55.901;-1.121814;-0.9257297;;
55.902;-1.121818;-0.9257311;;
55.903;-1.121819;-0.9257316;;
55.931;-1.137455;-0.9319623;;
55.934;-1.137488;-0.9319753;;
55.936;-1.137761;-0.9320843;;
55.937;-1.137846;-0.9321179;;
55.937;-1.13786;-0.9321237;;
55.938;-1.137868;-0.9321266;;
55.965;-1.155723;-0.9388665;;
55.967;-1.155836;-0.9389091;;
55.969;-1.155871;-0.9389222;;
55.971;-1.155885;-0.9389274;;
55.972;-1.155886;-0.938928;;
55.973;-1.155886;-0.938928;;
56;-1.170877;-0.9442872;;
56.001;-1.170365;-0.9441041;;
56.003;-1.170724;-0.9442323;;
56.005;-1.170856;-0.9442797;;
56.006;-1.170877;-0.9442872;;
56.007;-1.170877;-0.9442872;;
56.034;-1.19002;-0.9507432;;
56.035;-1.19002;-0.9507432;;
56.037;-1.19002;-0.9507432;;
56.039;-1.19002;-0.9507432;;
56.04;-1.19002;-0.9507432;;
56.041;-1.19002;-0.9507432;;
56.0671274;;;-0.49798016434189;-0.458460812582573
55.83;-1.089245;-0.9117433;;
55.832;-1.089394;-0.9118126;;
55.833;-1.089411;-0.9118204;;
55.835;-1.089413;-0.9118212;;
55.836;-1.089413;-0.9118214;;
55.837;-1.089414;-0.9118217;;
55.837;-1.089414;-0.9118217;;
55.838;-1.089414;-0.9118217;;
55.863;-1.105337;-0.9188243;;
55.865;-1.105058;-0.9187016;;
55.867;-1.105375;-0.9188409;;
55.868;-1.105423;-0.918862;;
55.868;-1.105424;-0.9188623;;
55.869;-1.105494;-0.9188932;;
55.897;-1.12153;-0.9256107;;
55.898;-1.12174;-0.9256987;;
55.9;-1.121802;-0.9257246;;
55.901;-1.121814;-0.9257297;;
55.902;-1.121818;-0.9257311;;
55.903;-1.121819;-0.9257316;;
55.931;-1.137455;-0.9319623;;
55.934;-1.137488;-0.9319753;;
55.936;-1.137761;-0.9320843;;
55.937;-1.137846;-0.9321179;;
55.937;-1.13786;-0.9321237;;
55.938;-1.137868;-0.9321266;;
55.965;-1.155723;-0.9388665;;
55.967;-1.155836;-0.9389091;;
55.969;-1.155871;-0.9389222;;
55.971;-1.155885;-0.9389274;;
55.972;-1.155886;-0.938928;;
55.973;-1.155886;-0.938928;;
56;-1.170877;-0.9442872;;
56.001;-1.170365;-0.9441041;;
56.003;-1.170724;-0.9442323;;
56.005;-1.170856;-0.9442797;;
56.006;-1.170877;-0.9442872;;
56.007;-1.170877;-0.9442872;;
56.034;-1.19002;-0.9507432;;
56.035;-1.19002;-0.9507432;;
56.037;-1.19002;-0.9507432;;
56.039;-1.19002;-0.9507432;;
56.04;-1.19002;-0.9507432;;
56.041;-1.19002;-0.9507432;;
56.067;-1.200182;-0.9539958;;
56.068;-1.200185;-0.9539969;;
56.07;-1.200192;-0.9539989;;
56.072;-1.200035;-0.9539487;;
56.073;-1.200193;-0.9539994;;
56.075;-1.200278;-0.9540267;;
56.1;-1.211403;-0.9574499;;
56.101;-1.211491;-0.9574772;;
56.102;-1.21151;-0.9574828;;
56.103;-1.211512;-0.9574835;;
56.106;-1.211514;-0.957484;;
56.108;-1.211514;-0.9574842;;
56.1306591;;;-0.425364033584013;-0.46142579585868
55.897;-1.12153;-0.9256107;;
55.898;-1.12174;-0.9256987;;
55.9;-1.121802;-0.9257246;;
55.901;-1.121814;-0.9257297;;
55.902;-1.121818;-0.9257311;;
55.903;-1.121819;-0.9257316;;
55.931;-1.137455;-0.9319623;;
55.934;-1.137488;-0.9319753;;
55.936;-1.137761;-0.9320843;;
55.937;-1.137846;-0.9321179;;
55.937;-1.13786;-0.9321237;;
55.938;-1.137868;-0.9321266;;
55.965;-1.155723;-0.9388665;;
55.967;-1.155836;-0.9389091;;
55.969;-1.155871;-0.9389222;;
55.971;-1.155885;-0.9389274;;
55.972;-1.155886;-0.938928;;
55.973;-1.155886;-0.938928;;
56;-1.170877;-0.9442872;;
56.001;-1.170365;-0.9441041;;
56.003;-1.170724;-0.9442323;;
56.005;-1.170856;-0.9442797;;
56.006;-1.170877;-0.9442872;;
56.007;-1.170877;-0.9442872;;
56.034;-1.19002;-0.9507432;;
56.035;-1.19002;-0.9507432;;
56.037;-1.19002;-0.9507432;;
56.039;-1.19002;-0.9507432;;
56.04;-1.19002;-0.9507432;;
56.041;-1.19002;-0.9507432;;
56.067;-1.200182;-0.9539958;;
56.068;-1.200185;-0.9539969;;
56.07;-1.200192;-0.9539989;;
56.072;-1.200035;-0.9539487;;
56.073;-1.200193;-0.9539994;;
56.075;-1.200278;-0.9540267;;
56.1;-1.211403;-0.9574499;;
56.101;-1.211491;-0.9574772;;
56.102;-1.21151;-0.9574828;;
56.103;-1.211512;-0.9574835;;
56.106;-1.211514;-0.957484;;
56.108;-1.211514;-0.9574842;;
56.141;-1.233981;-0.9639679;;
56.142;-1.233981;-0.9639679;;
56.142;-1.233981;-0.9639679;;
56.143;-1.233981;-0.9639679;;
56.143;-1.233981;-0.9639679;;
56.144;-1.233981;-0.9639679;;
56.169;-1.257398;-0.9701228;;
56.171;-1.257606;-0.9701776;;
56.174;-1.25763;-0.9701838;;
56.175;-1.257631;-0.9701842;;
56.175;-1.257631;-0.9701842;;
56.176;-1.25991;-0.9707499;;
56.1898256;;;-0.774466136271244;-0.458284036163712
55.965;-1.155723;-0.9388665;;
55.967;-1.155836;-0.9389091;;
55.969;-1.155871;-0.9389222;;
55.971;-1.155885;-0.9389274;;
55.972;-1.155886;-0.938928;;
55.973;-1.155886;-0.938928;;
56;-1.170877;-0.9442872;;
56.001;-1.170365;-0.9441041;;
56.003;-1.170724;-0.9442323;;
56.005;-1.170856;-0.9442797;;
56.006;-1.170877;-0.9442872;;
56.007;-1.170877;-0.9442872;;
56.034;-1.19002;-0.9507432;;
56.035;-1.19002;-0.9507432;;
56.037;-1.19002;-0.9507432;;
56.039;-1.19002;-0.9507432;;
56.04;-1.19002;-0.9507432;;
56.041;-1.19002;-0.9507432;;
56.067;-1.200182;-0.9539958;;
56.068;-1.200185;-0.9539969;;
56.07;-1.200192;-0.9539989;;
56.072;-1.200035;-0.9539487;;
56.073;-1.200193;-0.9539994;;
56.075;-1.200278;-0.9540267;;
56.1;-1.211403;-0.9574499;;
56.101;-1.211491;-0.9574772;;
56.102;-1.21151;-0.9574828;;
56.103;-1.211512;-0.9574835;;
56.106;-1.211514;-0.957484;;
56.108;-1.211514;-0.9574842;;
56.141;-1.233981;-0.9639679;;
56.142;-1.233981;-0.9639679;;
56.142;-1.233981;-0.9639679;;
56.143;-1.233981;-0.9639679;;
56.143;-1.233981;-0.9639679;;
56.144;-1.233981;-0.9639679;;
56.169;-1.257398;-0.9701228;;
56.171;-1.257606;-0.9701776;;
56.174;-1.25763;-0.9701838;;
56.175;-1.257631;-0.9701842;;
56.175;-1.257631;-0.9701842;;
56.176;-1.25991;-0.9707499;;
56.203;-1.266217;-0.9722887;;
56.204;-1.266253;-0.9722974;;
56.207;-1.266272;-0.9723019;;
56.208;-1.266276;-0.972303;;
56.209;-1.266277;-0.9723032;;
56.209;-1.266277;-0.9723032;;
56.238;-1.285028;-0.9766201;;
56.239;-1.285028;-0.9766201;;
56.241;-1.285028;-0.9766201;;
56.242;-1.285028;-0.9766201;;
56.242;-1.285028;-0.9766201;;
56.243;-1.285028;-0.9766201;;
56.2566313;;;-0.656018043917579;-0.473002065709805
56.034;-1.19002;-0.9507432;;
56.035;-1.19002;-0.9507432;;
56.037;-1.19002;-0.9507432;;
56.039;-1.19002;-0.9507432;;
56.04;-1.19002;-0.9507432;;
56.041;-1.19002;-0.9507432;;
56.067;-1.200182;-0.9539958;;
56.068;-1.200185;-0.9539969;;
56.07;-1.200192;-0.9539989;;
56.072;-1.200035;-0.9539487;;
56.073;-1.200193;-0.9539994;;
56.075;-1.200278;-0.9540267;;
56.1;-1.211403;-0.9574499;;
56.101;-1.211491;-0.9574772;;
56.102;-1.21151;-0.9574828;;
56.103;-1.211512;-0.9574835;;
56.106;-1.211514;-0.957484;;
56.108;-1.211514;-0.9574842;;
56.141;-1.233981;-0.9639679;;
56.142;-1.233981;-0.9639679;;
56.142;-1.233981;-0.9639679;;
56.143;-1.233981;-0.9639679;;
56.143;-1.233981;-0.9639679;;
56.144;-1.233981;-0.9639679;;
56.169;-1.257398;-0.9701228;;
56.171;-1.257606;-0.9701776;;
56.174;-1.25763;-0.9701838;;
56.175;-1.257631;-0.9701842;;
56.175;-1.257631;-0.9701842;;
56.176;-1.25991;-0.9707499;;
56.203;-1.266217;-0.9722887;;
56.204;-1.266253;-0.9722974;;
56.207;-1.266272;-0.9723019;;
56.208;-1.266276;-0.972303;;
56.209;-1.266277;-0.9723032;;
56.209;-1.266277;-0.9723032;;
56.238;-1.285028;-0.9766201;;
56.239;-1.285028;-0.9766201;;
56.241;-1.285028;-0.9766201;;
56.242;-1.285028;-0.9766201;;
56.242;-1.285028;-0.9766201;;
56.243;-1.285028;-0.9766201;;
56.272;-1.296448;-0.979064;;
56.273;-1.296448;-0.979064;;
56.273;-1.296448;-0.979064;;
56.275;-1.303181;-0.9804233;;
56.277;-1.30593;-0.9809781;;
56.279;-1.307642;-0.9813238;;
56.305;-1.323322;-0.9842674;;
56.308;-1.323423;-0.9842864;;
56.31;-1.326983;-0.9849146;;
56.312;-1.328938;-0.9852595;;
56.312;-1.329178;-0.9853019;;
56.314;-1.329178;-0.9853019;;
56.3316123;;;-0.803438640711535;-0.500445893931988
56.1;-1.211403;-0.9574499;;
56.101;-1.211491;-0.9574772;;
56.102;-1.21151;-0.9574828;;
56.103;-1.211512;-0.9574835;;
56.106;-1.211514;-0.957484;;
56.108;-1.211514;-0.9574842;;
56.141;-1.233981;-0.9639679;;
56.142;-1.233981;-0.9639679;;
56.142;-1.233981;-0.9639679;;
56.143;-1.233981;-0.9639679;;
56.143;-1.233981;-0.9639679;;
56.144;-1.233981;-0.9639679;;
56.169;-1.257398;-0.9701228;;
56.171;-1.257606;-0.9701776;;
56.174;-1.25763;-0.9701838;;
56.175;-1.257631;-0.9701842;;
56.175;-1.257631;-0.9701842;;
56.176;-1.25991;-0.9707499;;
56.203;-1.266217;-0.9722887;;
56.204;-1.266253;-0.9722974;;
56.207;-1.266272;-0.9723019;;
56.208;-1.266276;-0.972303;;
56.209;-1.266277;-0.9723032;;
56.209;-1.266277;-0.9723032;;
56.238;-1.285028;-0.9766201;;
56.239;-1.285028;-0.9766201;;
56.241;-1.285028;-0.9766201;;
56.242;-1.285028;-0.9766201;;
56.242;-1.285028;-0.9766201;;
56.243;-1.285028;-0.9766201;;
56.272;-1.296448;-0.979064;;
56.273;-1.296448;-0.979064;;
56.273;-1.296448;-0.979064;;
56.275;-1.303181;-0.9804233;;
56.277;-1.30593;-0.9809781;;
56.279;-1.307642;-0.9813238;;
56.305;-1.323322;-0.9842674;;
56.308;-1.323423;-0.9842864;;
56.31;-1.326983;-0.9849146;;
56.312;-1.328938;-0.9852595;;
56.312;-1.329178;-0.9853019;;
56.314;-1.329178;-0.9853019;;
56.339;-1.340749;-0.987238;;
56.34;-1.340749;-0.987238;;
56.341;-1.340749;-0.987238;;
56.341;-1.340749;-0.987238;;
56.344;-1.340749;-0.987238;;
56.345;-1.340749;-0.987238;;
56.373;-1.359767;-0.9901168;;
56.376;-1.362349;-0.9904783;;
56.379;-1.363385;-0.9906234;;
56.379;-1.363462;-0.9906341;;
56.38;-1.363591;-0.9906523;;
56.381;-1.363762;-0.9906762;;
56.3986797;;;-0.879553992332419;-0.533805671228123
56.169;-1.257398;-0.9701228;;
56.171;-1.257606;-0.9701776;;
56.174;-1.25763;-0.9701838;;
56.175;-1.257631;-0.9701842;;
56.175;-1.257631;-0.9701842;;
56.176;-1.25991;-0.9707499;;
56.203;-1.266217;-0.9722887;;
56.204;-1.266253;-0.9722974;;
56.207;-1.266272;-0.9723019;;
56.208;-1.266276;-0.972303;;
56.209;-1.266277;-0.9723032;;
56.209;-1.266277;-0.9723032;;
56.238;-1.285028;-0.9766201;;
56.239;-1.285028;-0.9766201;;
56.241;-1.285028;-0.9766201;;
56.242;-1.285028;-0.9766201;;
56.242;-1.285028;-0.9766201;;
56.243;-1.285028;-0.9766201;;
56.272;-1.296448;-0.979064;;
56.273;-1.296448;-0.979064;;
56.273;-1.296448;-0.979064;;
56.275;-1.303181;-0.9804233;;
56.277;-1.30593;-0.9809781;;
56.279;-1.307642;-0.9813238;;
56.305;-1.323322;-0.9842674;;
56.308;-1.323423;-0.9842864;;
56.31;-1.326983;-0.9849146;;
56.312;-1.328938;-0.9852595;;
56.312;-1.329178;-0.9853019;;
56.314;-1.329178;-0.9853019;;
56.339;-1.340749;-0.987238;;
56.34;-1.340749;-0.987238;;
56.341;-1.340749;-0.987238;;
56.341;-1.340749;-0.987238;;
56.344;-1.340749;-0.987238;;
56.345;-1.340749;-0.987238;;
56.373;-1.359767;-0.9901168;;
56.376;-1.362349;-0.9904783;;
56.379;-1.363385;-0.9906234;;
56.379;-1.363462;-0.9906341;;
56.38;-1.363591;-0.9906523;;
56.381;-1.363762;-0.9906762;;
56.407;-1.37551;-0.9922208;;
56.408;-1.37551;-0.9922208;;
56.409;-1.37551;-0.9922208;;
56.411;-1.37551;-0.9922208;;
56.412;-1.37551;-0.9922208;;
56.414;-1.37551;-0.9922208;;
56.441;-1.392903;-0.9942471;;
56.442;-1.39303;-0.9942619;;
56.444;-1.398077;-0.9947909;;
56.446;-1.398423;-0.9948271;;
56.447;-1.398498;-0.994835;;
56.449;-1.398601;-0.9948459;;
56.4657251;;;-0.75902151151278;-0.563542852675714
56.238;-1.285028;-0.9766201;;
56.239;-1.285028;-0.9766201;;
56.241;-1.285028;-0.9766201;;
56.242;-1.285028;-0.9766201;;
56.242;-1.285028;-0.9766201;;
56.243;-1.285028;-0.9766201;;
56.272;-1.296448;-0.979064;;
56.273;-1.296448;-0.979064;;
56.273;-1.296448;-0.979064;;
56.275;-1.303181;-0.9804233;;
56.277;-1.30593;-0.9809781;;
56.279;-1.307642;-0.9813238;;
56.305;-1.323322;-0.9842674;;
56.308;-1.323423;-0.9842864;;
56.31;-1.326983;-0.9849146;;
56.312;-1.328938;-0.9852595;;
56.312;-1.329178;-0.9853019;;
56.314;-1.329178;-0.9853019;;
56.339;-1.340749;-0.987238;;
56.34;-1.340749;-0.987238;;
56.341;-1.340749;-0.987238;;
56.341;-1.340749;-0.987238;;
56.344;-1.340749;-0.987238;;
56.345;-1.340749;-0.987238;;
56.373;-1.359767;-0.9901168;;
56.376;-1.362349;-0.9904783;;
56.379;-1.363385;-0.9906234;;
56.379;-1.363462;-0.9906341;;
56.38;-1.363591;-0.9906523;;
56.381;-1.363762;-0.9906762;;
56.407;-1.37551;-0.9922208;;
56.408;-1.37551;-0.9922208;;
56.409;-1.37551;-0.9922208;;
56.411;-1.37551;-0.9922208;;
56.412;-1.37551;-0.9922208;;
56.414;-1.37551;-0.9922208;;
56.441;-1.392903;-0.9942471;;
56.442;-1.39303;-0.9942619;;
56.444;-1.398077;-0.9947909;;
56.446;-1.398423;-0.9948271;;
56.447;-1.398498;-0.994835;;
56.449;-1.398601;-0.9948459;;
56.475;-1.410361;-0.9959743;;
56.476;-1.410361;-0.9959743;;
56.478;-1.410361;-0.9959743;;
56.48;-1.410361;-0.9959743;;
56.482;-1.410361;-0.9959743;;
56.483;-1.410361;-0.9959743;;
56.511;-1.433813;-0.9977972;;
56.512;-1.434163;-0.9978244;;
56.513;-1.434369;-0.9978405;;
56.515;-1.434595;-0.997858;;
56.516;-1.434639;-0.9978614;;
56.517;-1.434652;-0.9978624;;
56.5327654;;;0.100142873850203;-0.556521558715691
56.305;-1.323322;-0.9842674;;
56.308;-1.323423;-0.9842864;;
56.31;-1.326983;-0.9849146;;
56.312;-1.328938;-0.9852595;;
56.312;-1.329178;-0.9853019;;
56.314;-1.329178;-0.9853019;;
56.339;-1.340749;-0.987238;;
56.34;-1.340749;-0.987238;;
56.341;-1.340749;-0.987238;;
56.341;-1.340749;-0.987238;;
56.344;-1.340749;-0.987238;;
56.345;-1.340749;-0.987238;;
56.373;-1.359767;-0.9901168;;
56.376;-1.362349;-0.9904783;;
56.379;-1.363385;-0.9906234;;
56.379;-1.363462;-0.9906341;;
56.38;-1.363591;-0.9906523;;
56.381;-1.363762;-0.9906762;;
56.407;-1.37551;-0.9922208;;
56.408;-1.37551;-0.9922208;;
56.409;-1.37551;-0.9922208;;
56.411;-1.37551;-0.9922208;;
56.412;-1.37551;-0.9922208;;
56.414;-1.37551;-0.9922208;;
56.441;-1.392903;-0.9942471;;
56.442;-1.39303;-0.9942619;;
56.444;-1.398077;-0.9947909;;
56.446;-1.398423;-0.9948271;;
56.447;-1.398498;-0.994835;;
56.449;-1.398601;-0.9948459;;
56.475;-1.410361;-0.9959743;;
56.476;-1.410361;-0.9959743;;
56.478;-1.410361;-0.9959743;;
56.48;-1.410361;-0.9959743;;
56.482;-1.410361;-0.9959743;;
56.483;-1.410361;-0.9959743;;
56.511;-1.433813;-0.9977972;;
56.512;-1.434163;-0.9978244;;
56.513;-1.434369;-0.9978405;;
56.515;-1.434595;-0.997858;;
56.516;-1.434639;-0.9978614;;
56.517;-1.434652;-0.9978624;;
56.543;-1.445241;-0.998499;;
56.544;-1.44531;-0.9985033;;
56.547;-1.44534;-0.998505;;
56.548;-1.445342;-0.9985051;;
56.549;-1.451188;-0.998808;;
56.578;-1.468643;-0.9995083;;
56.578;-1.468643;-0.9995083;;
56.579;-1.468643;-0.9995083;;
56.581;-1.468643;-0.9995083;;
56.582;-1.468643;-0.9995083;;
56.584;-1.468643;-0.9995083;;
56.584;-1.468643;-0.9995083;;
56.6112744;;;0.152067350867112;-0.52602629511257
56.407;-1.37551;-0.9922208;;
56.408;-1.37551;-0.9922208;;
56.409;-1.37551;-0.9922208;;
56.411;-1.37551;-0.9922208;;
56.412;-1.37551;-0.9922208;;
56.414;-1.37551;-0.9922208;;
56.441;-1.392903;-0.9942471;;
56.442;-1.39303;-0.9942619;;
56.444;-1.398077;-0.9947909;;
56.446;-1.398423;-0.9948271;;
56.447;-1.398498;-0.994835;;
56.449;-1.398601;-0.9948459;;
56.475;-1.410361;-0.9959743;;
56.476;-1.410361;-0.9959743;;
56.478;-1.410361;-0.9959743;;
56.48;-1.410361;-0.9959743;;
56.482;-1.410361;-0.9959743;;
56.483;-1.410361;-0.9959743;;
56.511;-1.433813;-0.9977972;;
56.512;-1.434163;-0.9978244;;
56.513;-1.434369;-0.9978405;;
56.515;-1.434595;-0.997858;;
56.516;-1.434639;-0.9978614;;
56.517;-1.434652;-0.9978624;;
56.543;-1.445241;-0.998499;;
56.544;-1.44531;-0.9985033;;
56.547;-1.44534;-0.998505;;
56.548;-1.445342;-0.9985051;;
56.549;-1.451188;-0.998808;;
56.578;-1.468643;-0.9995083;;
56.578;-1.468643;-0.9995083;;
56.579;-1.468643;-0.9995083;;
56.581;-1.468643;-0.9995083;;
56.582;-1.468643;-0.9995083;;
56.584;-1.468643;-0.9995083;;
56.584;-1.468643;-0.9995083;;
56.611;-1.486171;-0.9999044;;
56.612;-1.486171;-0.9999044;;
56.613;-1.486021;-0.999901;;
56.614;-1.486023;-0.9999011;;
56.615;-1.485894;-0.9998981;;
56.644;-1.504134;-0.9999886;;
56.646;-1.504403;-0.9999899;;
56.647;-1.50443;-0.99999;;
56.648;-1.504441;-0.9999901;;
56.65;-1.504444;-0.9999901;;
56.65;-1.504445;-0.9999901;;
56.652;-1.504445;-0.9999901;;
56.652;-1.504445;-0.9999901;;
56.678;-1.515506;-0.9998792;;
56.679;-1.515575;-0.9998785;;
56.681;-1.515604;-0.9998782;;
56.682;-1.515613;-0.9998781;;
56.692125;;;-0.449958755836963;-0.508866076750984
56.475;-1.410361;-0.9959743;;
56.476;-1.410361;-0.9959743;;
56.478;-1.410361;-0.9959743;;
56.48;-1.410361;-0.9959743;;
56.482;-1.410361;-0.9959743;;
56.483;-1.410361;-0.9959743;;
56.511;-1.433813;-0.9977972;;
56.512;-1.434163;-0.9978244;;
56.513;-1.434369;-0.9978405;;
56.515;-1.434595;-0.997858;;
56.516;-1.434639;-0.9978614;;
56.517;-1.434652;-0.9978624;;
56.543;-1.445241;-0.998499;;
56.544;-1.44531;-0.9985033;;
56.547;-1.44534;-0.998505;;
56.548;-1.445342;-0.9985051;;
56.549;-1.451188;-0.998808;;
56.578;-1.468643;-0.9995083;;
56.578;-1.468643;-0.9995083;;
56.579;-1.468643;-0.9995083;;
56.581;-1.468643;-0.9995083;;
56.582;-1.468643;-0.9995083;;
56.584;-1.468643;-0.9995083;;
56.584;-1.468643;-0.9995083;;
56.611;-1.486171;-0.9999044;;
56.612;-1.486171;-0.9999044;;
56.613;-1.486021;-0.999901;;
56.614;-1.486023;-0.9999011;;
56.615;-1.485894;-0.9998981;;
56.644;-1.504134;-0.9999886;;
56.646;-1.504403;-0.9999899;;
56.647;-1.50443;-0.99999;;
56.648;-1.504441;-0.9999901;;
56.65;-1.504444;-0.9999901;;
56.65;-1.504445;-0.9999901;;
56.652;-1.504445;-0.9999901;;
56.652;-1.504445;-0.9999901;;
56.678;-1.515506;-0.9998792;;
56.679;-1.515575;-0.9998785;;
56.681;-1.515604;-0.9998782;;
56.682;-1.515613;-0.9998781;;
56.712;-1.523248;-0.9997298;;
56.714;-1.523248;-0.9997298;;
56.714;-1.523248;-0.9997298;;
56.716;-1.533437;-0.9994341;;
56.718;-1.534269;-0.9994099;;
56.718;-1.53435;-0.9994075;;
56.746;-1.546286;-0.9989256;;
56.747;-1.546652;-0.9989108;;
56.749;-1.546703;-0.9989088;;
56.75;-1.546712;-0.9989084;;
56.751;-1.546716;-0.9989082;;
56.751;-1.546717;-0.9989082;;
56.752;-1.546718;-0.9989081;;
56.7671994;;;-0.619217004908453;-0.501696862985141
56.543;-1.445241;-0.998499;;
56.544;-1.44531;-0.9985033;;
56.547;-1.44534;-0.998505;;
56.548;-1.445342;-0.9985051;;
56.549;-1.451188;-0.998808;;
56.578;-1.468643;-0.9995083;;
56.578;-1.468643;-0.9995083;;
56.579;-1.468643;-0.9995083;;
56.581;-1.468643;-0.9995083;;
56.582;-1.468643;-0.9995083;;
56.584;-1.468643;-0.9995083;;
56.584;-1.468643;-0.9995083;;
56.611;-1.486171;-0.9999044;;
56.612;-1.486171;-0.9999044;;
56.613;-1.486021;-0.999901;;
56.614;-1.486023;-0.9999011;;
56.615;-1.485894;-0.9998981;;
56.644;-1.504134;-0.9999886;;
56.646;-1.504403;-0.9999899;;
56.647;-1.50443;-0.99999;;
56.648;-1.504441;-0.9999901;;
56.65;-1.504444;-0.9999901;;
56.65;-1.504445;-0.9999901;;
56.652;-1.504445;-0.9999901;;
56.652;-1.504445;-0.9999901;;
56.678;-1.515506;-0.9998792;;
56.679;-1.515575;-0.9998785;;
56.681;-1.515604;-0.9998782;;
56.682;-1.515613;-0.9998781;;
56.712;-1.523248;-0.9997298;;
56.714;-1.523248;-0.9997298;;
56.714;-1.523248;-0.9997298;;
56.716;-1.533437;-0.9994341;;
56.718;-1.534269;-0.9994099;;
56.718;-1.53435;-0.9994075;;
56.746;-1.546286;-0.9989256;;
56.747;-1.546652;-0.9989108;;
56.749;-1.546703;-0.9989088;;
56.75;-1.546712;-0.9989084;;
56.751;-1.546716;-0.9989082;;
56.751;-1.546717;-0.9989082;;
56.752;-1.546718;-0.9989081;;
56.781;-1.567929;-0.9976882;;
56.782;-1.572714;-0.9973495;;
56.783;-1.57368;-0.9972811;;
56.786;-1.573905;-0.9972652;;
56.787;-1.573918;-0.9972643;;
56.787;-1.573918;-0.9972643;;
56.788;-1.573924;-0.9972638;;
56.815;-1.591345;-0.9958193;;
56.816;-1.591345;-0.9958193;;
56.818;-1.591345;-0.9958193;;
56.818;-1.591345;-0.9958193;;
56.819;-1.591345;-0.9958193;;
56.8451481;;;0.236484736349671;-0.47872422654482
56.611;-1.486171;-0.9999044;;
56.612;-1.486171;-0.9999044;;
56.613;-1.486021;-0.999901;;
56.614;-1.486023;-0.9999011;;
56.615;-1.485894;-0.9998981;;
56.644;-1.504134;-0.9999886;;
56.646;-1.504403;-0.9999899;;
56.647;-1.50443;-0.99999;;
56.648;-1.504441;-0.9999901;;
56.65;-1.504444;-0.9999901;;
56.65;-1.504445;-0.9999901;;
56.652;-1.504445;-0.9999901;;
56.652;-1.504445;-0.9999901;;
56.678;-1.515506;-0.9998792;;
56.679;-1.515575;-0.9998785;;
56.681;-1.515604;-0.9998782;;
56.682;-1.515613;-0.9998781;;
56.712;-1.523248;-0.9997298;;
56.714;-1.523248;-0.9997298;;
56.714;-1.523248;-0.9997298;;
56.716;-1.533437;-0.9994341;;
56.718;-1.534269;-0.9994099;;
56.718;-1.53435;-0.9994075;;
56.746;-1.546286;-0.9989256;;
56.747;-1.546652;-0.9989108;;
56.749;-1.546703;-0.9989088;;
56.75;-1.546712;-0.9989084;;
56.751;-1.546716;-0.9989082;;
56.751;-1.546717;-0.9989082;;
56.752;-1.546718;-0.9989081;;
56.781;-1.567929;-0.9976882;;
56.782;-1.572714;-0.9973495;;
56.783;-1.57368;-0.9972811;;
56.786;-1.573905;-0.9972652;;
56.787;-1.573918;-0.9972643;;
56.787;-1.573918;-0.9972643;;
56.788;-1.573924;-0.9972638;;
56.815;-1.591345;-0.9958193;;
56.816;-1.591345;-0.9958193;;
56.818;-1.591345;-0.9958193;;
56.818;-1.591345;-0.9958193;;
56.819;-1.591345;-0.9958193;;
56.848;-1.608499;-0.994094;;
56.849;-1.608513;-0.9940925;;
56.851;-1.608733;-0.9940705;;
56.852;-1.608779;-0.9940658;;
56.882;-1.625955;-0.9920334;;
56.884;-1.626175;-0.9920074;;
56.891;-1.626236;-0.9920002;;
56.891;-1.629903;-0.9915229;;
56.892;-1.631642;-0.9912965;;
56.893;-1.631942;-0.9912575;;
56.9122559;;;0.865441466412128;-0.444954452936557
56.678;-1.515506;-0.9998792;;
56.679;-1.515575;-0.9998785;;
56.681;-1.515604;-0.9998782;;
56.682;-1.515613;-0.9998781;;
56.712;-1.523248;-0.9997298;;
56.714;-1.523248;-0.9997298;;
56.714;-1.523248;-0.9997298;;
56.716;-1.533437;-0.9994341;;
56.718;-1.534269;-0.9994099;;
56.718;-1.53435;-0.9994075;;
56.746;-1.546286;-0.9989256;;
56.747;-1.546652;-0.9989108;;
56.749;-1.546703;-0.9989088;;
56.75;-1.546712;-0.9989084;;
56.751;-1.546716;-0.9989082;;
56.751;-1.546717;-0.9989082;;
56.752;-1.546718;-0.9989081;;
56.781;-1.567929;-0.9976882;;
56.782;-1.572714;-0.9973495;;
56.783;-1.57368;-0.9972811;;
56.786;-1.573905;-0.9972652;;
56.787;-1.573918;-0.9972643;;
56.787;-1.573918;-0.9972643;;
56.788;-1.573924;-0.9972638;;
56.815;-1.591345;-0.9958193;;
56.816;-1.591345;-0.9958193;;
56.818;-1.591345;-0.9958193;;
56.818;-1.591345;-0.9958193;;
56.819;-1.591345;-0.9958193;;
56.848;-1.608499;-0.994094;;
56.849;-1.608513;-0.9940925;;
56.851;-1.608733;-0.9940705;;
56.852;-1.608779;-0.9940658;;
56.882;-1.625955;-0.9920334;;
56.884;-1.626175;-0.9920074;;
56.891;-1.626236;-0.9920002;;
56.891;-1.629903;-0.9915229;;
56.892;-1.631642;-0.9912965;;
56.893;-1.631942;-0.9912575;;
56.916;-1.643353;-0.98967;;
56.917;-1.643533;-0.989645;;
56.92;-1.643594;-0.9896366;;
56.921;-1.643605;-0.9896351;;
56.922;-1.643605;-0.9896351;;
56.95;-1.660808;-0.9869844;;
56.951;-1.660905;-0.9869695;;
56.953;-1.660951;-0.9869623;;
56.953;-1.660957;-0.9869615;;
56.955;-1.660963;-0.9869604;;
56.955;-1.660964;-0.9869604;;
56.956;-1.660964;-0.9869602;;
56.9791431;;;0.964254823493673;-0.407725190633996
56.746;-1.546286;-0.9989256;;
56.747;-1.546652;-0.9989108;;
56.749;-1.546703;-0.9989088;;
56.75;-1.546712;-0.9989084;;
56.751;-1.546716;-0.9989082;;
56.751;-1.546717;-0.9989082;;
56.752;-1.546718;-0.9989081;;
56.781;-1.567929;-0.9976882;;
56.782;-1.572714;-0.9973495;;
56.783;-1.57368;-0.9972811;;
56.786;-1.573905;-0.9972652;;
56.787;-1.573918;-0.9972643;;
56.787;-1.573918;-0.9972643;;
56.788;-1.573924;-0.9972638;;
56.815;-1.591345;-0.9958193;;
56.816;-1.591345;-0.9958193;;
56.818;-1.591345;-0.9958193;;
56.818;-1.591345;-0.9958193;;
56.819;-1.591345;-0.9958193;;
56.848;-1.608499;-0.994094;;
56.849;-1.608513;-0.9940925;;
56.851;-1.608733;-0.9940705;;
56.852;-1.608779;-0.9940658;;
56.882;-1.625955;-0.9920334;;
56.884;-1.626175;-0.9920074;;
56.891;-1.626236;-0.9920002;;
56.891;-1.629903;-0.9915229;;
56.892;-1.631642;-0.9912965;;
56.893;-1.631942;-0.9912575;;
56.916;-1.643353;-0.98967;;
56.917;-1.643533;-0.989645;;
56.92;-1.643594;-0.9896366;;
56.921;-1.643605;-0.9896351;;
56.922;-1.643605;-0.9896351;;
56.95;-1.660808;-0.9869844;;
56.951;-1.660905;-0.9869695;;
56.953;-1.660951;-0.9869623;;
56.953;-1.660957;-0.9869615;;
56.955;-1.660963;-0.9869604;;
56.955;-1.660964;-0.9869604;;
56.956;-1.660964;-0.9869602;;
56.983;-1.678311;-0.9839742;;
56.984;-1.678311;-0.9839742;;
56.985;-1.678311;-0.9839742;;
56.987;-1.678311;-0.9839742;;
56.988;-1.678311;-0.9839742;;
56.99;-1.678311;-0.9839742;;
57.016;-1.698694;-0.9800596;;
57.018;-1.698865;-0.9800267;;
57.02;-1.698883;-0.9800231;;
57.0466319;;;0.964336132671959;-0.369910770625539
56.781;-1.567929;-0.9976882;;
56.782;-1.572714;-0.9973495;;
56.783;-1.57368;-0.9972811;;
56.786;-1.573905;-0.9972652;;
56.787;-1.573918;-0.9972643;;
56.787;-1.573918;-0.9972643;;
56.788;-1.573924;-0.9972638;;
56.815;-1.591345;-0.9958193;;
56.816;-1.591345;-0.9958193;;
56.818;-1.591345;-0.9958193;;
56.818;-1.591345;-0.9958193;;
56.819;-1.591345;-0.9958193;;
56.848;-1.608499;-0.994094;;
56.849;-1.608513;-0.9940925;;
56.851;-1.608733;-0.9940705;;
56.852;-1.608779;-0.9940658;;
56.882;-1.625955;-0.9920334;;
56.884;-1.626175;-0.9920074;;
56.891;-1.626236;-0.9920002;;
56.891;-1.629903;-0.9915229;;
56.892;-1.631642;-0.9912965;;
56.893;-1.631942;-0.9912575;;
56.916;-1.643353;-0.98967;;
56.917;-1.643533;-0.989645;;
56.92;-1.643594;-0.9896366;;
56.921;-1.643605;-0.9896351;;
56.922;-1.643605;-0.9896351;;
56.95;-1.660808;-0.9869844;;
56.951;-1.660905;-0.9869695;;
56.953;-1.660951;-0.9869623;;
56.953;-1.660957;-0.9869615;;
56.955;-1.660963;-0.9869604;;
56.955;-1.660964;-0.9869604;;
56.956;-1.660964;-0.9869602;;
56.983;-1.678311;-0.9839742;;
56.984;-1.678311;-0.9839742;;
56.985;-1.678311;-0.9839742;;
56.987;-1.678311;-0.9839742;;
56.988;-1.678311;-0.9839742;;
56.99;-1.678311;-0.9839742;;
57.016;-1.698694;-0.9800596;;
57.018;-1.698865;-0.9800267;;
57.02;-1.698883;-0.9800231;;
57.052;-1.712599;-0.9771388;;
57.055;-1.712698;-0.977118;;
57.1132831;;;0.920409440242328;-0.333648884393237
56.781;-1.567929;-0.9976882;;
56.782;-1.572714;-0.9973495;;
56.783;-1.57368;-0.9972811;;
56.786;-1.573905;-0.9972652;;
56.787;-1.573918;-0.9972643;;
56.787;-1.573918;-0.9972643;;
56.788;-1.573924;-0.9972638;;
56.815;-1.591345;-0.9958193;;
56.816;-1.591345;-0.9958193;;
56.818;-1.591345;-0.9958193;;
56.818;-1.591345;-0.9958193;;
56.819;-1.591345;-0.9958193;;
56.848;-1.608499;-0.994094;;
56.849;-1.608513;-0.9940925;;
56.851;-1.608733;-0.9940705;;
56.852;-1.608779;-0.9940658;;
56.882;-1.625955;-0.9920334;;
56.884;-1.626175;-0.9920074;;
56.891;-1.626236;-0.9920002;;
56.891;-1.629903;-0.9915229;;
56.892;-1.631642;-0.9912965;;
56.893;-1.631942;-0.9912575;;
56.916;-1.643353;-0.98967;;
56.917;-1.643533;-0.989645;;
56.92;-1.643594;-0.9896366;;
56.921;-1.643605;-0.9896351;;
56.922;-1.643605;-0.9896351;;
56.95;-1.660808;-0.9869844;;
56.951;-1.660905;-0.9869695;;
56.953;-1.660951;-0.9869623;;
56.953;-1.660957;-0.9869615;;
56.955;-1.660963;-0.9869604;;
56.955;-1.660964;-0.9869604;;
56.956;-1.660964;-0.9869602;;
56.983;-1.678311;-0.9839742;;
56.984;-1.678311;-0.9839742;;
56.985;-1.678311;-0.9839742;;
56.987;-1.678311;-0.9839742;;
56.988;-1.678311;-0.9839742;;
56.99;-1.678311;-0.9839742;;
57.016;-1.698694;-0.9800596;;
57.018;-1.698865;-0.9800267;;
57.02;-1.698883;-0.9800231;;
57.052;-1.712599;-0.9771388;;
57.055;-1.712698;-0.977118;;
57.1917583;;;0.920409440242328;-0.29700330160715
56.95;-1.660808;-0.9869844;;
56.951;-1.660905;-0.9869695;;
56.953;-1.660951;-0.9869623;;
56.953;-1.660957;-0.9869615;;
56.955;-1.660963;-0.9869604;;
56.955;-1.660964;-0.9869604;;
56.956;-1.660964;-0.9869602;;
56.983;-1.678311;-0.9839742;;
56.984;-1.678311;-0.9839742;;
56.985;-1.678311;-0.9839742;;
56.987;-1.678311;-0.9839742;;
56.988;-1.678311;-0.9839742;;
56.99;-1.678311;-0.9839742;;
57.016;-1.698694;-0.9800596;;
57.018;-1.698865;-0.9800267;;
57.02;-1.698883;-0.9800231;;
57.052;-1.712599;-0.9771388;;
57.055;-1.712698;-0.977118;;
57.222;-1.798462;-0.9544154;;
57.2691562;;;0.00468287566223502;-0.284370581987259
56.95;-1.660808;-0.9869844;;
56.951;-1.660905;-0.9869695;;
56.953;-1.660951;-0.9869623;;
56.953;-1.660957;-0.9869615;;
56.955;-1.660963;-0.9869604;;
56.955;-1.660964;-0.9869604;;
56.956;-1.660964;-0.9869602;;
56.983;-1.678311;-0.9839742;;
56.984;-1.678311;-0.9839742;;
56.985;-1.678311;-0.9839742;;
56.987;-1.678311;-0.9839742;;
56.988;-1.678311;-0.9839742;;
56.99;-1.678311;-0.9839742;;
57.016;-1.698694;-0.9800596;;
57.018;-1.698865;-0.9800267;;
57.02;-1.698883;-0.9800231;;
57.052;-1.712599;-0.9771388;;
57.055;-1.712698;-0.977118;;
57.222;-1.798462;-0.9544154;;
57.3477318;;;0.00468287566223502;-0.255253428575804
56.95;-1.660808;-0.9869844;;
56.951;-1.660905;-0.9869695;;
56.953;-1.660951;-0.9869623;;
56.953;-1.660957;-0.9869615;;
56.955;-1.660963;-0.9869604;;
56.955;-1.660964;-0.9869604;;
56.956;-1.660964;-0.9869602;;
56.983;-1.678311;-0.9839742;;
56.984;-1.678311;-0.9839742;;
56.985;-1.678311;-0.9839742;;
56.987;-1.678311;-0.9839742;;
56.988;-1.678311;-0.9839742;;
56.99;-1.678311;-0.9839742;;
57.016;-1.698694;-0.9800596;;
57.018;-1.698865;-0.9800267;;
57.02;-1.698883;-0.9800231;;
57.052;-1.712599;-0.9771388;;
57.055;-1.712698;-0.977118;;
57.222;-1.798462;-0.9544154;;
57.4261258;;;0.00468287566223502;-0.219793747129906
56.95;-1.660808;-0.9869844;;
56.951;-1.660905;-0.9869695;;
56.953;-1.660951;-0.9869623;;
56.953;-1.660957;-0.9869615;;
56.955;-1.660963;-0.9869604;;
56.955;-1.660964;-0.9869604;;
56.956;-1.660964;-0.9869602;;
56.983;-1.678311;-0.9839742;;
56.984;-1.678311;-0.9839742;;
56.985;-1.678311;-0.9839742;;
56.987;-1.678311;-0.9839742;;
56.988;-1.678311;-0.9839742;;
56.99;-1.678311;-0.9839742;;
57.016;-1.698694;-0.9800596;;
57.018;-1.698865;-0.9800267;;
57.02;-1.698883;-0.9800231;;
57.052;-1.712599;-0.9771388;;
57.055;-1.712698;-0.977118;;
57.222;-1.798462;-0.9544154;;
57.5042662;;;0.00468287566223502;-0.183626320810226
56.95;-1.660808;-0.9869844;;
56.951;-1.660905;-0.9869695;;
56.953;-1.660951;-0.9869623;;
56.953;-1.660957;-0.9869615;;
56.955;-1.660963;-0.9869604;;
56.955;-1.660964;-0.9869604;;
56.956;-1.660964;-0.9869602;;
56.983;-1.678311;-0.9839742;;
56.984;-1.678311;-0.9839742;;
56.985;-1.678311;-0.9839742;;
56.987;-1.678311;-0.9839742;;
56.988;-1.678311;-0.9839742;;
56.99;-1.678311;-0.9839742;;
57.016;-1.698694;-0.9800596;;
57.018;-1.698865;-0.9800267;;
57.02;-1.698883;-0.9800231;;
57.052;-1.712599;-0.9771388;;
57.055;-1.712698;-0.977118;;
57.222;-1.798462;-0.9544154;;
57.5826658;;;0.00468287566223502;-0.149360721956691
56.95;-1.660808;-0.9869844;;
56.951;-1.660905;-0.9869695;;
56.953;-1.660951;-0.9869623;;
56.953;-1.660957;-0.9869615;;
56.955;-1.660963;-0.9869604;;
56.955;-1.660964;-0.9869604;;
56.956;-1.660964;-0.9869602;;
56.983;-1.678311;-0.9839742;;
56.984;-1.678311;-0.9839742;;
56.985;-1.678311;-0.9839742;;
56.987;-1.678311;-0.9839742;;
56.988;-1.678311;-0.9839742;;
56.99;-1.678311;-0.9839742;;
57.016;-1.698694;-0.9800596;;
57.018;-1.698865;-0.9800267;;
57.02;-1.698883;-0.9800231;;
57.052;-1.712599;-0.9771388;;
57.055;-1.712698;-0.977118;;
57.222;-1.798462;-0.9544154;;
57.6607279;;;0.00468287566223502;-0.114507042728351
56.95;-1.660808;-0.9869844;;
56.951;-1.660905;-0.9869695;;
56.953;-1.660951;-0.9869623;;
56.953;-1.660957;-0.9869615;;
56.955;-1.660963;-0.9869604;;
56.955;-1.660964;-0.9869604;;
56.956;-1.660964;-0.9869602;;
56.983;-1.678311;-0.9839742;;
56.984;-1.678311;-0.9839742;;
56.985;-1.678311;-0.9839742;;
56.987;-1.678311;-0.9839742;;
56.988;-1.678311;-0.9839742;;
56.99;-1.678311;-0.9839742;;
57.016;-1.698694;-0.9800596;;
57.018;-1.698865;-0.9800267;;
57.02;-1.698883;-0.9800231;;
57.052;-1.712599;-0.9771388;;
57.055;-1.712698;-0.977118;;
57.222;-1.798462;-0.9544154;;
57.7392065;;;0.00468287566223502;-0.0842277447498971
56.95;-1.660808;-0.9869844;;
56.951;-1.660905;-0.9869695;;
56.953;-1.660951;-0.9869623;;
56.953;-1.660957;-0.9869615;;
56.955;-1.660963;-0.9869604;;
56.955;-1.660964;-0.9869604;;
56.956;-1.660964;-0.9869602;;
56.983;-1.678311;-0.9839742;;
56.984;-1.678311;-0.9839742;;
56.985;-1.678311;-0.9839742;;
56.987;-1.678311;-0.9839742;;
56.988;-1.678311;-0.9839742;;
56.99;-1.678311;-0.9839742;;
57.016;-1.698694;-0.9800596;;
57.018;-1.698865;-0.9800267;;
57.02;-1.698883;-0.9800231;;
57.052;-1.712599;-0.9771388;;
57.055;-1.712698;-0.977118;;
57.222;-1.798462;-0.9544154;;
57.817205;;;0.00468287566223502;-0.0535278666385097
56.95;-1.660808;-0.9869844;;
56.951;-1.660905;-0.9869695;;
56.953;-1.660951;-0.9869623;;
56.953;-1.660957;-0.9869615;;
56.955;-1.660963;-0.9869604;;
56.955;-1.660964;-0.9869604;;
56.956;-1.660964;-0.9869602;;
56.983;-1.678311;-0.9839742;;
56.984;-1.678311;-0.9839742;;
56.985;-1.678311;-0.9839742;;
56.987;-1.678311;-0.9839742;;
56.988;-1.678311;-0.9839742;;
56.99;-1.678311;-0.9839742;;
57.016;-1.698694;-0.9800596;;
57.018;-1.698865;-0.9800267;;
57.02;-1.698883;-0.9800231;;
57.052;-1.712599;-0.9771388;;
57.055;-1.712698;-0.977118;;
57.222;-1.798462;-0.9544154;;
57.8952255;;;0.00468287566223502;-0.0268971591664369
57.016;-1.698694;-0.9800596;;
57.018;-1.698865;-0.9800267;;
57.02;-1.698883;-0.9800231;;
57.052;-1.712599;-0.9771388;;
57.055;-1.712698;-0.977118;;
57.222;-1.798462;-0.9544154;;
57.9727209;;;0.389607743370224;0.007240837284029
57.222;-1.798462;-0.9544154;;
58.0514384;;;0;0.0236009924218757
57.222;-1.798462;-0.9544154;;
58.1412328;;;0;0.0533881515092312
58.2307033;;;0;0.0786196147368304
58.3202315;;;0;0.109521100918043
58.4087488;;;0;0.143350100623136
58.4987417;;;0;0.17254323568132
58.517;-2.330794;-0.5565807;;
58.582;-2.349657;-0.5273322;;
58.5876716;;;0;0.168691586687082
58.517;-2.330794;-0.5565807;;
58.582;-2.349657;-0.5273322;;
58.617;-2.358808;-0.5122955;;
58.6771742;;;0.00838769641047848;0.163165446131057
58.517;-2.330794;-0.5565807;;
58.582;-2.349657;-0.5273322;;
58.617;-2.358808;-0.5122955;;
58.7666933;;;0.00838769641047848;0.180794155832882
58.582;-2.349657;-0.5273322;;
58.617;-2.358808;-0.5122955;;
58.821;-2.407858;-0.419262;;
58.853;-2.415088;-0.4032516;;
58.8557527;;;-0.758079679859508;0.17545328371938
58.821;-2.407858;-0.419262;;
58.853;-2.415088;-0.4032516;;
58.855;-2.41676;-0.3994265;;
58.857;-2.417276;-0.3982473;;
58.858;-2.417404;-0.3979556;;
58.886;-2.422019;-0.3871406;;
58.889;-2.422089;-0.3869779;;
58.89;-2.423417;-0.3837874;;
58.891;-2.424326;-0.381604;;
58.892;-2.424326;-0.381604;;
58.892;-2.424326;-0.381604;;
58.893;-2.424326;-0.381604;;
58.921;-2.42878;-0.3706314;;
58.921;-2.42878;-0.3706314;;
58.922;-2.42878;-0.3706314;;
58.926;-2.430754;-0.3656435;;
58.927;-2.430852;-0.3653945;;
58.927;-2.430868;-0.365355;;
58.9452219;;;-0.932495500316747;0.130492505386056
58.821;-2.407858;-0.419262;;
58.853;-2.415088;-0.4032516;;
58.855;-2.41676;-0.3994265;;
58.857;-2.417276;-0.3982473;;
58.858;-2.417404;-0.3979556;;
58.886;-2.422019;-0.3871406;;
58.889;-2.422089;-0.3869779;;
58.89;-2.423417;-0.3837874;;
58.891;-2.424326;-0.381604;;
58.892;-2.424326;-0.381604;;
58.892;-2.424326;-0.381604;;
58.893;-2.424326;-0.381604;;
58.921;-2.42878;-0.3706314;;
58.921;-2.42878;-0.3706314;;
58.922;-2.42878;-0.3706314;;
58.926;-2.430754;-0.3656435;;
58.927;-2.430852;-0.3653945;;
58.927;-2.430868;-0.365355;;
58.954;-2.435081;-0.3544324;;
58.956;-2.435114;-0.354347;;
58.958;-2.436862;-0.3496947;;
58.959;-2.437024;-0.3492633;;
58.96;-2.437079;-0.3491152;;
58.961;-2.437138;-0.3489593;;
58.989;-2.441148;-0.3379926;;
58.99;-2.441177;-0.3379141;;
58.991;-2.442515;-0.3341516;;
58.992;-2.442898;-0.3330757;;
58.995;-2.443118;-0.3324568;;
58.996;-2.443145;-0.3323813;;
59.022;-2.446877;-0.3215893;;
59.0238486;;;-0.878088430505383;0.063433663196921
58.821;-2.407858;-0.419262;;
58.853;-2.415088;-0.4032516;;
58.855;-2.41676;-0.3994265;;
58.857;-2.417276;-0.3982473;;
58.858;-2.417404;-0.3979556;;
58.886;-2.422019;-0.3871406;;
58.889;-2.422089;-0.3869779;;
58.89;-2.423417;-0.3837874;;
58.891;-2.424326;-0.381604;;
58.892;-2.424326;-0.381604;;
58.892;-2.424326;-0.381604;;
58.893;-2.424326;-0.381604;;
58.921;-2.42878;-0.3706314;;
58.921;-2.42878;-0.3706314;;
58.922;-2.42878;-0.3706314;;
58.926;-2.430754;-0.3656435;;
58.927;-2.430852;-0.3653945;;
58.927;-2.430868;-0.365355;;
58.954;-2.435081;-0.3544324;;
58.956;-2.435114;-0.354347;;
58.958;-2.436862;-0.3496947;;
58.959;-2.437024;-0.3492633;;
58.96;-2.437079;-0.3491152;;
58.961;-2.437138;-0.3489593;;
58.989;-2.441148;-0.3379926;;
58.99;-2.441177;-0.3379141;;
58.991;-2.442515;-0.3341516;;
58.992;-2.442898;-0.3330757;;
58.995;-2.443118;-0.3324568;;
58.996;-2.443145;-0.3323813;;
59.022;-2.446877;-0.3215893;;
59.024;-2.448332;-0.317266;;
59.026;-2.448626;-0.3163935;;
59.027;-2.448769;-0.3159672;;
59.027;-2.448804;-0.3158632;;
59.028;-2.448844;-0.3157444;;
59.057;-2.452462;-0.3046541;;
59.058;-2.453453;-0.3015253;;
59.06;-2.454024;-0.2997247;;
59.06;-2.454106;-0.2994649;;
59.061;-2.454183;-0.2992219;;
59.062;-2.454244;-0.2990296;;
59.091;-2.457717;-0.2877104;;
59.091;-2.457276;-0.2891959;;
59.092;-2.459013;-0.2833553;;
59.094;-2.459202;-0.2827198;;
59.094;-2.459221;-0.2826559;;
59.095;-2.459299;-0.2823907;;
59.1017291;;;-0.859467911771095;-0.006709518928647
59.6602844;;;0;-0.0437993701852608
59.666;-2.499923;0.01238514;;
59.668;-2.499923;0.01238514;;
59.67;-2.499923;0.01238514;;
59.671;-2.499923;0.01238514;;
59.672;-2.499854;0.01695758;;
59.673;-2.499842;0.01770284;;
59.7;-2.499561;0.02959612;;
59.701;-2.49956;0.02966659;;
59.703;-2.499559;0.02969919;;
59.705;-2.499559;0.02970599;;
59.706;-2.499363;0.03567352;;
59.707;-2.499363;0.03567352;;
59.733;-2.49889;0.04710035;;
59.734;-2.498886;0.04719285;;
59.736;-2.498885;0.04720371;;
59.739;-2.49867;0.05148854;;
59.739;-2.498655;0.05178495;;
59.741;-2.498598;0.05291881;;
59.7497605;;;-0.335514992439102;-0.0921041560576235
59.666;-2.499923;0.01238514;;
59.668;-2.499923;0.01238514;;
59.67;-2.499923;0.01238514;;
59.671;-2.499923;0.01238514;;
59.672;-2.499854;0.01695758;;
59.673;-2.499842;0.01770284;;
59.7;-2.499561;0.02959612;;
59.701;-2.49956;0.02966659;;
59.703;-2.499559;0.02969919;;
59.705;-2.499559;0.02970599;;
59.706;-2.499363;0.03567352;;
59.707;-2.499363;0.03567352;;
59.733;-2.49889;0.04710035;;
59.734;-2.498886;0.04719285;;
59.736;-2.498885;0.04720371;;
59.739;-2.49867;0.05148854;;
59.739;-2.498655;0.05178495;;
59.741;-2.498598;0.05291881;;
59.768;-2.49791;0.06461146;;
59.769;-2.497907;0.06465894;;
59.772;-2.497606;0.06910357;;
59.773;-2.497527;0.07025869;;
59.774;-2.497505;0.07058686;;
59.775;-2.497498;0.07069095;;
59.808;-2.496621;0.08211977;;
59.809;-2.496296;0.08593953;;
59.809;-2.496216;0.08687788;;
59.811;-2.496124;0.08795808;;
59.811;-2.496119;0.08801535;;
59.812;-2.496109;0.08812433;;
59.8277968;;;-0.252047631396506;-0.137198658812963
59.666;-2.499923;0.01238514;;
59.668;-2.499923;0.01238514;;
59.67;-2.499923;0.01238514;;
59.671;-2.499923;0.01238514;;
59.672;-2.499854;0.01695758;;
59.673;-2.499842;0.01770284;;
59.7;-2.499561;0.02959612;;
59.701;-2.49956;0.02966659;;
59.703;-2.499559;0.02969919;;
59.705;-2.499559;0.02970599;;
59.706;-2.499363;0.03567352;;
59.707;-2.499363;0.03567352;;
59.733;-2.49889;0.04710035;;
59.734;-2.498886;0.04719285;;
59.736;-2.498885;0.04720371;;
59.739;-2.49867;0.05148854;;
59.739;-2.498655;0.05178495;;
59.741;-2.498598;0.05291881;;
59.768;-2.49791;0.06461146;;
59.769;-2.497907;0.06465894;;
59.772;-2.497606;0.06910357;;
59.773;-2.497527;0.07025869;;
59.774;-2.497505;0.07058686;;
59.775;-2.497498;0.07069095;;
59.808;-2.496621;0.08211977;;
59.809;-2.496296;0.08593953;;
59.809;-2.496216;0.08687788;;
59.811;-2.496124;0.08795808;;
59.811;-2.496119;0.08801535;;
59.812;-2.496109;0.08812433;;
59.835;-2.495009;0.09978807;;
59.836;-2.495009;0.09978807;;
59.837;-2.495009;0.09978807;;
59.838;-2.495009;0.09978807;;
59.839;-2.494661;0.1031611;;
59.842;-2.494473;0.1049849;;
59.868;-2.493154;0.1167994;;
59.87;-2.493129;0.1170182;;
59.872;-2.49267;0.1208169;;
59.874;-2.492443;0.1227015;;
59.875;-2.492424;0.1228609;;
59.875;-2.492415;0.1229323;;
59.903;-2.490908;0.1345423;;
59.903;-2.490908;0.1345423;;
59.905;-2.490908;0.1345423;;
59.9067935;;;-0.0396891416103121;-0.138905274861907
59.7;-2.499561;0.02959612;;
59.701;-2.49956;0.02966659;;
59.703;-2.499559;0.02969919;;
59.705;-2.499559;0.02970599;;
59.706;-2.499363;0.03567352;;
59.707;-2.499363;0.03567352;;
59.733;-2.49889;0.04710035;;
59.734;-2.498886;0.04719285;;
59.736;-2.498885;0.04720371;;
59.739;-2.49867;0.05148854;;
59.739;-2.498655;0.05178495;;
59.741;-2.498598;0.05291881;;
59.768;-2.49791;0.06461146;;
59.769;-2.497907;0.06465894;;
59.772;-2.497606;0.06910357;;
59.773;-2.497527;0.07025869;;
59.774;-2.497505;0.07058686;;
59.775;-2.497498;0.07069095;;
59.808;-2.496621;0.08211977;;
59.809;-2.496296;0.08593953;;
59.809;-2.496216;0.08687788;;
59.811;-2.496124;0.08795808;;
59.811;-2.496119;0.08801535;;
59.812;-2.496109;0.08812433;;
59.835;-2.495009;0.09978807;;
59.836;-2.495009;0.09978807;;
59.837;-2.495009;0.09978807;;
59.838;-2.495009;0.09978807;;
59.839;-2.494661;0.1031611;;
59.842;-2.494473;0.1049849;;
59.868;-2.493154;0.1167994;;
59.87;-2.493129;0.1170182;;
59.872;-2.49267;0.1208169;;
59.874;-2.492443;0.1227015;;
59.875;-2.492424;0.1228609;;
59.875;-2.492415;0.1229323;;
59.903;-2.490908;0.1345423;;
59.903;-2.490908;0.1345423;;
59.905;-2.490908;0.1345423;;
59.907;-2.490401;0.1381976;;
59.907;-2.490358;0.1385085;;
59.909;-2.490117;0.1402421;;
59.937;-2.488089;0.1538865;;
59.937;-2.488089;0.1538865;;
59.938;-2.488089;0.1538865;;
59.94;-2.487702;0.1563372;;
59.942;-2.487568;0.1571896;;
59.944;-2.487506;0.1575822;;
59.97;-2.48559;0.169147;;
59.971;-2.485575;0.1692386;;
59.974;-2.484642;0.174577;;
59.975;-2.484589;0.1748814;;
59.976;-2.484573;0.1749732;;
59.977;-2.484559;0.1750517;;
59.9840031;;;-0.0136854214555979;-0.139611747827978
59.768;-2.49791;0.06461146;;
59.769;-2.497907;0.06465894;;
59.772;-2.497606;0.06910357;;
59.773;-2.497527;0.07025869;;
59.774;-2.497505;0.07058686;;
59.775;-2.497498;0.07069095;;
59.808;-2.496621;0.08211977;;
59.809;-2.496296;0.08593953;;
59.809;-2.496216;0.08687788;;
59.811;-2.496124;0.08795808;;
59.811;-2.496119;0.08801535;;
59.812;-2.496109;0.08812433;;
59.835;-2.495009;0.09978807;;
59.836;-2.495009;0.09978807;;
59.837;-2.495009;0.09978807;;
59.838;-2.495009;0.09978807;;
59.839;-2.494661;0.1031611;;
59.842;-2.494473;0.1049849;;
59.868;-2.493154;0.1167994;;
59.87;-2.493129;0.1170182;;
59.872;-2.49267;0.1208169;;
59.874;-2.492443;0.1227015;;
59.875;-2.492424;0.1228609;;
59.875;-2.492415;0.1229323;;
59.903;-2.490908;0.1345423;;
59.903;-2.490908;0.1345423;;
59.905;-2.490908;0.1345423;;
59.907;-2.490401;0.1381976;;
59.907;-2.490358;0.1385085;;
59.909;-2.490117;0.1402421;;
59.937;-2.488089;0.1538865;;
59.937;-2.488089;0.1538865;;
59.938;-2.488089;0.1538865;;
59.94;-2.487702;0.1563372;;
59.942;-2.487568;0.1571896;;
59.944;-2.487506;0.1575822;;
59.97;-2.48559;0.169147;;
59.971;-2.485575;0.1692386;;
59.974;-2.484642;0.174577;;
59.975;-2.484589;0.1748814;;
59.976;-2.484573;0.1749732;;
59.977;-2.484559;0.1750517;;
60.005;-2.483522;0.1807892;;
60.006;-2.482704;0.1851657;;
60.006;-2.482564;0.1859161;;
60.008;-2.482484;0.1863419;;
60.01;-2.482461;0.1864667;;
60.011;-2.481346;0.1921686;;
60.011;-2.481039;0.1937399;;
60.038;-2.479052;0.2036058;;
60.04;-2.478054;0.2083374;;
60.042;-2.477877;0.2091768;;
60.043;-2.477847;0.2093202;;
60.044;-2.477822;0.2094385;;
60.0511837;;;-0.00484293797295016;-0.139978125275485
59.812;-2.496109;0.08812433;;
59.835;-2.495009;0.09978807;;
59.836;-2.495009;0.09978807;;
59.837;-2.495009;0.09978807;;
59.838;-2.495009;0.09978807;;
59.839;-2.494661;0.1031611;;
59.842;-2.494473;0.1049849;;
59.868;-2.493154;0.1167994;;
59.87;-2.493129;0.1170182;;
59.872;-2.49267;0.1208169;;
59.874;-2.492443;0.1227015;;
59.875;-2.492424;0.1228609;;
59.875;-2.492415;0.1229323;;
59.903;-2.490908;0.1345423;;
59.903;-2.490908;0.1345423;;
59.905;-2.490908;0.1345423;;
59.907;-2.490401;0.1381976;;
59.907;-2.490358;0.1385085;;
59.909;-2.490117;0.1402421;;
59.937;-2.488089;0.1538865;;
59.937;-2.488089;0.1538865;;
59.938;-2.488089;0.1538865;;
59.94;-2.487702;0.1563372;;
59.942;-2.487568;0.1571896;;
59.944;-2.487506;0.1575822;;
59.97;-2.48559;0.169147;;
59.971;-2.485575;0.1692386;;
59.974;-2.484642;0.174577;;
59.975;-2.484589;0.1748814;;
59.976;-2.484573;0.1749732;;
59.977;-2.484559;0.1750517;;
60.005;-2.483522;0.1807892;;
60.006;-2.482704;0.1851657;;
60.006;-2.482564;0.1859161;;
60.008;-2.482484;0.1863419;;
60.01;-2.482461;0.1864667;;
60.011;-2.481346;0.1921686;;
60.011;-2.481039;0.1937399;;
60.038;-2.479052;0.2036058;;
60.04;-2.478054;0.2083374;;
60.042;-2.477877;0.2091768;;
60.043;-2.477847;0.2093202;;
60.044;-2.477822;0.2094385;;
60.075;-2.473467;0.228827;;
60.077;-2.473467;0.228827;;
60.077;-2.473467;0.228827;;
60.079;-2.473467;0.228827;;
60.08;-2.473467;0.228827;;
60.081;-2.473467;0.228827;;
60.082;-2.473467;0.228827;;
60.082;-2.473467;0.228827;;
60.106;-2.471314;0.2378007;;
60.107;-2.471296;0.237875;;
60.109;-2.470033;0.2429654;;
60.11;-2.469918;0.2434277;;
60.111;-2.469871;0.2436195;;
60.1292591;;;-0.00934811719293716;-0.140517778846838
59.903;-2.490908;0.1345423;;
59.903;-2.490908;0.1345423;;
59.905;-2.490908;0.1345423;;
59.907;-2.490401;0.1381976;;
59.907;-2.490358;0.1385085;;
59.909;-2.490117;0.1402421;;
59.937;-2.488089;0.1538865;;
59.937;-2.488089;0.1538865;;
59.938;-2.488089;0.1538865;;
59.94;-2.487702;0.1563372;;
59.942;-2.487568;0.1571896;;
59.944;-2.487506;0.1575822;;
59.97;-2.48559;0.169147;;
59.971;-2.485575;0.1692386;;
59.974;-2.484642;0.174577;;
59.975;-2.484589;0.1748814;;
59.976;-2.484573;0.1749732;;
59.977;-2.484559;0.1750517;;
60.005;-2.483522;0.1807892;;
60.006;-2.482704;0.1851657;;
60.006;-2.482564;0.1859161;;
60.008;-2.482484;0.1863419;;
60.01;-2.482461;0.1864667;;
60.011;-2.481346;0.1921686;;
60.011;-2.481039;0.1937399;;
60.038;-2.479052;0.2036058;;
60.04;-2.478054;0.2083374;;
60.042;-2.477877;0.2091768;;
60.043;-2.477847;0.2093202;;
60.044;-2.477822;0.2094385;;
60.075;-2.473467;0.228827;;
60.077;-2.473467;0.228827;;
60.077;-2.473467;0.228827;;
60.079;-2.473467;0.228827;;
60.08;-2.473467;0.228827;;
60.081;-2.473467;0.228827;;
60.082;-2.473467;0.228827;;
60.082;-2.473467;0.228827;;
60.106;-2.471314;0.2378007;;
60.107;-2.471296;0.237875;;
60.109;-2.470033;0.2429654;;
60.11;-2.469918;0.2434277;;
60.111;-2.469871;0.2436195;;
60.141;-2.466953;0.2549565;;
60.142;-2.466953;0.2549565;;
60.143;-2.466953;0.2549565;;
60.146;-2.466953;0.2549565;;
60.147;-2.466953;0.2549565;;
60.148;-2.466953;0.2549565;;
60.148;-2.466953;0.2549565;;
60.174;-2.460786;0.2772813;;
60.175;-2.460738;0.2774544;;
60.177;-2.460731;0.2774825;;
60.178;-2.460728;0.2774905;;
60.179;-2.460728;0.2774929;;
60.18;-2.460727;0.2774962;;
60.1963497;;;-0.0660888643826258;-0.143239768848563
59.976;-2.484573;0.1749732;;
59.977;-2.484559;0.1750517;;
60.005;-2.483522;0.1807892;;
60.006;-2.482704;0.1851657;;
60.006;-2.482564;0.1859161;;
60.008;-2.482484;0.1863419;;
60.01;-2.482461;0.1864667;;
60.011;-2.481346;0.1921686;;
60.011;-2.481039;0.1937399;;
60.038;-2.479052;0.2036058;;
60.04;-2.478054;0.2083374;;
60.042;-2.477877;0.2091768;;
60.043;-2.477847;0.2093202;;
60.044;-2.477822;0.2094385;;
60.075;-2.473467;0.228827;;
60.077;-2.473467;0.228827;;
60.077;-2.473467;0.228827;;
60.079;-2.473467;0.228827;;
60.08;-2.473467;0.228827;;
60.081;-2.473467;0.228827;;
60.082;-2.473467;0.228827;;
60.082;-2.473467;0.228827;;
60.106;-2.471314;0.2378007;;
60.107;-2.471296;0.237875;;
60.109;-2.470033;0.2429654;;
60.11;-2.469918;0.2434277;;
60.111;-2.469871;0.2436195;;
60.141;-2.466953;0.2549565;;
60.142;-2.466953;0.2549565;;
60.143;-2.466953;0.2549565;;
60.146;-2.466953;0.2549565;;
60.147;-2.466953;0.2549565;;
60.148;-2.466953;0.2549565;;
60.148;-2.466953;0.2549565;;
60.174;-2.460786;0.2772813;;
60.175;-2.460738;0.2774544;;
60.177;-2.460731;0.2774825;;
60.178;-2.460728;0.2774905;;
60.179;-2.460728;0.2774929;;
60.18;-2.460727;0.2774962;;
60.208;-2.457413;0.288721;;
60.21;-2.457413;0.288721;;
60.211;-2.457413;0.288721;;
60.241;-2.450647;0.3102491;;
60.242;-2.450424;0.3109573;;
60.244;-2.450424;0.3109573;;
60.245;-2.450424;0.3109573;;
60.246;-2.450424;0.3109573;;
60.247;-2.450424;0.3109573;;
60.248;-2.450424;0.3109573;;
60.248;-2.450424;0.3109573;;
60.275;-2.448546;0.316638;;
60.2782411;;;-0.216602987300783;-0.15175076357791
60.075;-2.473467;0.228827;;
60.077;-2.473467;0.228827;;
60.077;-2.473467;0.228827;;
60.079;-2.473467;0.228827;;
60.08;-2.473467;0.228827;;
60.081;-2.473467;0.228827;;
60.082;-2.473467;0.228827;;
60.082;-2.473467;0.228827;;
60.106;-2.471314;0.2378007;;
60.107;-2.471296;0.237875;;
60.109;-2.470033;0.2429654;;
60.11;-2.469918;0.2434277;;
60.111;-2.469871;0.2436195;;
60.141;-2.466953;0.2549565;;
60.142;-2.466953;0.2549565;;
60.143;-2.466953;0.2549565;;
60.146;-2.466953;0.2549565;;
60.147;-2.466953;0.2549565;;
60.148;-2.466953;0.2549565;;
60.148;-2.466953;0.2549565;;
60.174;-2.460786;0.2772813;;
60.175;-2.460738;0.2774544;;
60.177;-2.460731;0.2774825;;
60.178;-2.460728;0.2774905;;
60.179;-2.460728;0.2774929;;
60.18;-2.460727;0.2774962;;
60.208;-2.457413;0.288721;;
60.21;-2.457413;0.288721;;
60.211;-2.457413;0.288721;;
60.241;-2.450647;0.3102491;;
60.242;-2.450424;0.3109573;;
60.244;-2.450424;0.3109573;;
60.245;-2.450424;0.3109573;;
60.246;-2.450424;0.3109573;;
60.247;-2.450424;0.3109573;;
60.248;-2.450424;0.3109573;;
60.248;-2.450424;0.3109573;;
60.275;-2.448546;0.316638;;
60.277;-2.446709;0.3220749;;
60.279;-2.446533;0.3225954;;
60.28;-2.446154;0.3237172;;
60.281;-2.44625;0.3234333;;
60.309;-2.442309;0.3347395;;
60.311;-2.44227;0.334854;;
60.312;-2.442267;0.3348617;;
60.313;-2.442265;0.3348682;;
60.314;-2.442263;0.3348729;;
60.315;-2.442263;0.3348729;;
60.315;-2.442263;0.3348729;;
60.343;-2.434204;0.356733;;
60.345;-2.434157;0.3568597;;
60.347;-2.434139;0.3569075;;
60.348;-2.434136;0.3569169;;
60.348;-2.434135;0.3569199;;
60.35;-2.434133;0.3569267;;
60.3528856;;;-0.23191320747352;-0.160850612929285
60.141;-2.466953;0.2549565;;
60.142;-2.466953;0.2549565;;
60.143;-2.466953;0.2549565;;
60.146;-2.466953;0.2549565;;
60.147;-2.466953;0.2549565;;
60.148;-2.466953;0.2549565;;
60.148;-2.466953;0.2549565;;
60.174;-2.460786;0.2772813;;
60.175;-2.460738;0.2774544;;
60.177;-2.460731;0.2774825;;
60.178;-2.460728;0.2774905;;
60.179;-2.460728;0.2774929;;
60.18;-2.460727;0.2774962;;
60.208;-2.457413;0.288721;;
60.21;-2.457413;0.288721;;
60.211;-2.457413;0.288721;;
60.241;-2.450647;0.3102491;;
60.242;-2.450424;0.3109573;;
60.244;-2.450424;0.3109573;;
60.245;-2.450424;0.3109573;;
60.246;-2.450424;0.3109573;;
60.247;-2.450424;0.3109573;;
60.248;-2.450424;0.3109573;;
60.248;-2.450424;0.3109573;;
60.275;-2.448546;0.316638;;
60.277;-2.446709;0.3220749;;
60.279;-2.446533;0.3225954;;
60.28;-2.446154;0.3237172;;
60.281;-2.44625;0.3234333;;
60.309;-2.442309;0.3347395;;
60.311;-2.44227;0.334854;;
60.312;-2.442267;0.3348617;;
60.313;-2.442265;0.3348682;;
60.314;-2.442263;0.3348729;;
60.315;-2.442263;0.3348729;;
60.315;-2.442263;0.3348729;;
60.343;-2.434204;0.356733;;
60.345;-2.434157;0.3568597;;
60.347;-2.434139;0.3569075;;
60.348;-2.434136;0.3569169;;
60.348;-2.434135;0.3569199;;
60.35;-2.434133;0.3569267;;
60.379;-2.425377;0.3790414;;
60.379;-2.425345;0.3791225;;
60.382;-2.425307;0.3792183;;
60.383;-2.425302;0.3792302;;
60.383;-2.425302;0.3792318;;
60.384;-2.4253;0.379235;;
60.412;-2.419577;0.3929049;;
60.413;-2.419503;0.3930817;;
60.415;-2.41948;0.3931363;;
60.416;-2.419474;0.3931518;;
60.416;-2.419474;0.3931518;;
60.417;-2.419474;0.3931518;;
60.430811;;;-0.670714446516589;-0.186827433013086
60.208;-2.457413;0.288721;;
60.21;-2.457413;0.288721;;
60.211;-2.457413;0.288721;;
60.241;-2.450647;0.3102491;;
60.242;-2.450424;0.3109573;;
60.244;-2.450424;0.3109573;;
60.245;-2.450424;0.3109573;;
60.246;-2.450424;0.3109573;;
60.247;-2.450424;0.3109573;;
60.248;-2.450424;0.3109573;;
60.248;-2.450424;0.3109573;;
60.275;-2.448546;0.316638;;
60.277;-2.446709;0.3220749;;
60.279;-2.446533;0.3225954;;
60.28;-2.446154;0.3237172;;
60.281;-2.44625;0.3234333;;
60.309;-2.442309;0.3347395;;
60.311;-2.44227;0.334854;;
60.312;-2.442267;0.3348617;;
60.313;-2.442265;0.3348682;;
60.314;-2.442263;0.3348729;;
60.315;-2.442263;0.3348729;;
60.315;-2.442263;0.3348729;;
60.343;-2.434204;0.356733;;
60.345;-2.434157;0.3568597;;
60.347;-2.434139;0.3569075;;
60.348;-2.434136;0.3569169;;
60.348;-2.434135;0.3569199;;
60.35;-2.434133;0.3569267;;
60.379;-2.425377;0.3790414;;
60.379;-2.425345;0.3791225;;
60.382;-2.425307;0.3792183;;
60.383;-2.425302;0.3792302;;
60.383;-2.425302;0.3792318;;
60.384;-2.4253;0.379235;;
60.412;-2.419577;0.3929049;;
60.413;-2.419503;0.3930817;;
60.415;-2.41948;0.3931363;;
60.416;-2.419474;0.3931518;;
60.416;-2.419474;0.3931518;;
60.417;-2.419474;0.3931518;;
60.447;-2.414839;0.4038185;;
60.448;-2.414839;0.4038185;;
60.45;-2.414839;0.4038185;;
60.452;-2.412793;0.4084184;;
60.452;-2.412476;0.4091307;;
60.452;-2.412476;0.4091307;;
60.481;-2.405128;0.4251402;;
60.481;-2.405128;0.4251402;;
60.483;-2.405128;0.4251402;;
60.484;-2.405128;0.4251402;;
60.485;-2.405128;0.4251402;;
60.485;-2.405128;0.4251402;;
60.4978449;;;-0.377816431865519;-0.201538944841077
60.275;-2.448546;0.316638;;
60.277;-2.446709;0.3220749;;
60.279;-2.446533;0.3225954;;
60.28;-2.446154;0.3237172;;
60.281;-2.44625;0.3234333;;
60.309;-2.442309;0.3347395;;
60.311;-2.44227;0.334854;;
60.312;-2.442267;0.3348617;;
60.313;-2.442265;0.3348682;;
60.314;-2.442263;0.3348729;;
60.315;-2.442263;0.3348729;;
60.315;-2.442263;0.3348729;;
60.343;-2.434204;0.356733;;
60.345;-2.434157;0.3568597;;
60.347;-2.434139;0.3569075;;
60.348;-2.434136;0.3569169;;
60.348;-2.434135;0.3569199;;
60.35;-2.434133;0.3569267;;
60.379;-2.425377;0.3790414;;
60.379;-2.425345;0.3791225;;
60.382;-2.425307;0.3792183;;
60.383;-2.425302;0.3792302;;
60.383;-2.425302;0.3792318;;
60.384;-2.4253;0.379235;;
60.412;-2.419577;0.3929049;;
60.413;-2.419503;0.3930817;;
60.415;-2.41948;0.3931363;;
60.416;-2.419474;0.3931518;;
60.416;-2.419474;0.3931518;;
60.417;-2.419474;0.3931518;;
60.447;-2.414839;0.4038185;;
60.448;-2.414839;0.4038185;;
60.45;-2.414839;0.4038185;;
60.452;-2.412793;0.4084184;;
60.452;-2.412476;0.4091307;;
60.452;-2.412476;0.4091307;;
60.481;-2.405128;0.4251402;;
60.481;-2.405128;0.4251402;;
60.483;-2.405128;0.4251402;;
60.484;-2.405128;0.4251402;;
60.485;-2.405128;0.4251402;;
60.485;-2.405128;0.4251402;;
60.514;-2.397637;0.4407325;;
60.515;-2.39759;0.4408307;;
60.516;-2.397578;0.4408552;;
60.517;-2.397573;0.4408654;;
60.518;-2.397572;0.4408677;;
60.519;-2.397572;0.4408688;;
60.548;-2.389699;0.456544;;
60.549;-2.389657;0.4566279;;
60.551;-2.389636;0.45667;;
60.552;-2.38963;0.4566818;;
60.552;-2.38963;0.4566818;;
60.553;-2.38963;0.4566818;;
60.5758611;;;-0.154220427706788;-0.222455412959423
60.343;-2.434204;0.356733;;
60.345;-2.434157;0.3568597;;
60.347;-2.434139;0.3569075;;
60.348;-2.434136;0.3569169;;
60.348;-2.434135;0.3569199;;
60.35;-2.434133;0.3569267;;
60.379;-2.425377;0.3790414;;
60.379;-2.425345;0.3791225;;
60.382;-2.425307;0.3792183;;
60.383;-2.425302;0.3792302;;
60.383;-2.425302;0.3792318;;
60.384;-2.4253;0.379235;;
60.412;-2.419577;0.3929049;;
60.413;-2.419503;0.3930817;;
60.415;-2.41948;0.3931363;;
60.416;-2.419474;0.3931518;;
60.416;-2.419474;0.3931518;;
60.417;-2.419474;0.3931518;;
60.447;-2.414839;0.4038185;;
60.448;-2.414839;0.4038185;;
60.45;-2.414839;0.4038185;;
60.452;-2.412793;0.4084184;;
60.452;-2.412476;0.4091307;;
60.452;-2.412476;0.4091307;;
60.481;-2.405128;0.4251402;;
60.481;-2.405128;0.4251402;;
60.483;-2.405128;0.4251402;;
60.484;-2.405128;0.4251402;;
60.485;-2.405128;0.4251402;;
60.485;-2.405128;0.4251402;;
60.514;-2.397637;0.4407325;;
60.515;-2.39759;0.4408307;;
60.516;-2.397578;0.4408552;;
60.517;-2.397573;0.4408654;;
60.518;-2.397572;0.4408677;;
60.519;-2.397572;0.4408688;;
60.548;-2.389699;0.456544;;
60.549;-2.389657;0.4566279;;
60.551;-2.389636;0.45667;;
60.552;-2.38963;0.4566818;;
60.552;-2.38963;0.4566818;;
60.553;-2.38963;0.4566818;;
60.587;-2.381589;0.4720157;;
60.588;-2.381541;0.4721081;;
60.589;-2.381533;0.4721227;;
60.589;-2.38153;0.4721284;;
60.59;-2.38153;0.4721284;;
60.59;-2.38153;0.4721284;;
60.616;-2.372445;0.4887125;;
60.617;-2.372445;0.4887125;;
60.619;-2.372445;0.4887125;;
60.621;-2.372445;0.4887125;;
60.622;-2.370848;0.4915469;;
60.623;-2.37033;0.4924669;;
60.6352035;;;-0.26670597446303;-0.232713335054155
60.447;-2.414839;0.4038185;;
60.448;-2.414839;0.4038185;;
60.45;-2.414839;0.4038185;;
60.452;-2.412793;0.4084184;;
60.452;-2.412476;0.4091307;;
60.452;-2.412476;0.4091307;;
60.481;-2.405128;0.4251402;;
60.481;-2.405128;0.4251402;;
60.483;-2.405128;0.4251402;;
60.484;-2.405128;0.4251402;;
60.485;-2.405128;0.4251402;;
60.485;-2.405128;0.4251402;;
60.514;-2.397637;0.4407325;;
60.515;-2.39759;0.4408307;;
60.516;-2.397578;0.4408552;;
60.517;-2.397573;0.4408654;;
60.518;-2.397572;0.4408677;;
60.519;-2.397572;0.4408688;;
60.548;-2.389699;0.456544;;
60.549;-2.389657;0.4566279;;
60.551;-2.389636;0.45667;;
60.552;-2.38963;0.4566818;;
60.552;-2.38963;0.4566818;;
60.553;-2.38963;0.4566818;;
60.587;-2.381589;0.4720157;;
60.588;-2.381541;0.4721081;;
60.589;-2.381533;0.4721227;;
60.589;-2.38153;0.4721284;;
60.59;-2.38153;0.4721284;;
60.59;-2.38153;0.4721284;;
60.616;-2.372445;0.4887125;;
60.617;-2.372445;0.4887125;;
60.619;-2.372445;0.4887125;;
60.621;-2.372445;0.4887125;;
60.622;-2.370848;0.4915469;;
60.623;-2.37033;0.4924669;;
60.65;-2.367319;0.4977522;;
60.652;-2.367298;0.4977896;;
60.654;-2.367293;0.4977984;;
60.655;-2.367292;0.4978;;
60.656;-2.367292;0.4978003;;
60.657;-2.367292;0.4978004;;
60.684;-2.357532;0.5144311;;
60.685;-2.357532;0.5144311;;
60.686;-2.357532;0.5144311;;
60.687;-2.357532;0.5144311;;
60.688;-2.357532;0.5144311;;
60.689;-2.357532;0.5144311;;
60.718;-2.351578;0.5242265;;
60.719;-2.351537;0.5242945;;
60.721;-2.351528;0.5243093;;
60.7217791;;;-0.0178710274279482;-0.233400682262923
60.514;-2.397637;0.4407325;;
60.515;-2.39759;0.4408307;;
60.516;-2.397578;0.4408552;;
60.517;-2.397573;0.4408654;;
60.518;-2.397572;0.4408677;;
60.519;-2.397572;0.4408688;;
60.548;-2.389699;0.456544;;
60.549;-2.389657;0.4566279;;
60.551;-2.389636;0.45667;;
60.552;-2.38963;0.4566818;;
60.552;-2.38963;0.4566818;;
60.553;-2.38963;0.4566818;;
60.587;-2.381589;0.4720157;;
60.588;-2.381541;0.4721081;;
60.589;-2.381533;0.4721227;;
60.589;-2.38153;0.4721284;;
60.59;-2.38153;0.4721284;;
60.59;-2.38153;0.4721284;;
60.616;-2.372445;0.4887125;;
60.617;-2.372445;0.4887125;;
60.619;-2.372445;0.4887125;;
60.621;-2.372445;0.4887125;;
60.622;-2.370848;0.4915469;;
60.623;-2.37033;0.4924669;;
60.65;-2.367319;0.4977522;;
60.652;-2.367298;0.4977896;;
60.654;-2.367293;0.4977984;;
60.655;-2.367292;0.4978;;
60.656;-2.367292;0.4978003;;
60.657;-2.367292;0.4978004;;
60.684;-2.357532;0.5144311;;
60.685;-2.357532;0.5144311;;
60.686;-2.357532;0.5144311;;
60.687;-2.357532;0.5144311;;
60.688;-2.357532;0.5144311;;
60.689;-2.357532;0.5144311;;
60.718;-2.351578;0.5242265;;
60.719;-2.351537;0.5242945;;
60.721;-2.351528;0.5243093;;
60.723;-2.347546;0.5306916;;
60.724;-2.346952;0.5316439;;
60.725;-2.345305;0.5342841;;
60.752;-2.335199;0.5499442;;
60.754;-2.335118;0.5500697;;
60.756;-2.333771;0.5521107;;
60.757;-2.333641;0.5523074;;
60.758;-2.33362;0.5523386;;
60.759;-2.333614;0.5523475;;
60.786;-2.327125;0.5620164;;
60.788;-2.325233;0.5647839;;
60.79;-2.324396;0.5660081;;
60.792;-2.323735;0.5669755;;
60.793;-2.323735;0.5669755;;
60.793;-2.323735;0.5669755;;
60.7994958;;;-0.0348862761931519;-0.234742462116505
60.587;-2.381589;0.4720157;;
60.588;-2.381541;0.4721081;;
60.589;-2.381533;0.4721227;;
60.589;-2.38153;0.4721284;;
60.59;-2.38153;0.4721284;;
60.59;-2.38153;0.4721284;;
60.616;-2.372445;0.4887125;;
60.617;-2.372445;0.4887125;;
60.619;-2.372445;0.4887125;;
60.621;-2.372445;0.4887125;;
60.622;-2.370848;0.4915469;;
60.623;-2.37033;0.4924669;;
60.65;-2.367319;0.4977522;;
60.652;-2.367298;0.4977896;;
60.654;-2.367293;0.4977984;;
60.655;-2.367292;0.4978;;
60.656;-2.367292;0.4978003;;
60.657;-2.367292;0.4978004;;
60.684;-2.357532;0.5144311;;
60.685;-2.357532;0.5144311;;
60.686;-2.357532;0.5144311;;
60.687;-2.357532;0.5144311;;
60.688;-2.357532;0.5144311;;
60.689;-2.357532;0.5144311;;
60.718;-2.351578;0.5242265;;
60.719;-2.351537;0.5242945;;
60.721;-2.351528;0.5243093;;
60.723;-2.347546;0.5306916;;
60.724;-2.346952;0.5316439;;
60.725;-2.345305;0.5342841;;
60.752;-2.335199;0.5499442;;
60.754;-2.335118;0.5500697;;
60.756;-2.333771;0.5521107;;
60.757;-2.333641;0.5523074;;
60.758;-2.33362;0.5523386;;
60.759;-2.333614;0.5523475;;
60.786;-2.327125;0.5620164;;
60.788;-2.325233;0.5647839;;
60.79;-2.324396;0.5660081;;
60.792;-2.323735;0.5669755;;
60.793;-2.323735;0.5669755;;
60.793;-2.323735;0.5669755;;
60.819;-2.317071;0.5765355;;
60.821;-2.317015;0.5766155;;
60.823;-2.312675;0.5827116;;
60.825;-2.312358;0.5831571;;
60.826;-2.312279;0.5832686;;
60.828;-2.312213;0.5833607;;
60.853;-2.306883;0.5907108;;
60.854;-2.306838;0.5907723;;
60.855;-2.304409;0.5940697;;
60.857;-2.303593;0.5951777;;
60.858;-2.30342;0.5954125;;
60.86;-2.303366;0.5954858;;
60.8777061;;;-0.0160451040091839;-0.235359581501474
60.65;-2.367319;0.4977522;;
60.652;-2.367298;0.4977896;;
60.654;-2.367293;0.4977984;;
60.655;-2.367292;0.4978;;
60.656;-2.367292;0.4978003;;
60.657;-2.367292;0.4978004;;
60.684;-2.357532;0.5144311;;
60.685;-2.357532;0.5144311;;
60.686;-2.357532;0.5144311;;
60.687;-2.357532;0.5144311;;
60.688;-2.357532;0.5144311;;
60.689;-2.357532;0.5144311;;
60.718;-2.351578;0.5242265;;
60.719;-2.351537;0.5242945;;
60.721;-2.351528;0.5243093;;
60.723;-2.347546;0.5306916;;
60.724;-2.346952;0.5316439;;
60.725;-2.345305;0.5342841;;
60.752;-2.335199;0.5499442;;
60.754;-2.335118;0.5500697;;
60.756;-2.333771;0.5521107;;
60.757;-2.333641;0.5523074;;
60.758;-2.33362;0.5523386;;
60.759;-2.333614;0.5523475;;
60.786;-2.327125;0.5620164;;
60.788;-2.325233;0.5647839;;
60.79;-2.324396;0.5660081;;
60.792;-2.323735;0.5669755;;
60.793;-2.323735;0.5669755;;
60.793;-2.323735;0.5669755;;
60.819;-2.317071;0.5765355;;
60.821;-2.317015;0.5766155;;
60.823;-2.312675;0.5827116;;
60.825;-2.312358;0.5831571;;
60.826;-2.312279;0.5832686;;
60.828;-2.312213;0.5833607;;
60.853;-2.306883;0.5907108;;
60.854;-2.306838;0.5907723;;
60.855;-2.304409;0.5940697;;
60.857;-2.303593;0.5951777;;
60.858;-2.30342;0.5954125;;
60.86;-2.303366;0.5954858;;
60.887;-2.29648;0.6046613;;
60.889;-2.296313;0.6048843;;
60.889;-2.296299;0.6049029;;
60.891;-2.296294;0.6049094;;
60.893;-2.296293;0.6049114;;
60.895;-2.296292;0.6049122;;
60.922;-2.285144;0.6193077;;
60.925;-2.282408;0.6227628;;
60.927;-2.282028;0.6232423;;
60.928;-2.281925;0.6233725;;
60.929;-2.281925;0.6233725;;
60.929;-2.281925;0.6233725;;
60.9447495;;;-0.0413556638370242;-0.236950183956744
60.752;-2.335199;0.5499442;;
60.754;-2.335118;0.5500697;;
60.756;-2.333771;0.5521107;;
60.757;-2.333641;0.5523074;;
60.758;-2.33362;0.5523386;;
60.759;-2.333614;0.5523475;;
60.786;-2.327125;0.5620164;;
60.788;-2.325233;0.5647839;;
60.79;-2.324396;0.5660081;;
60.792;-2.323735;0.5669755;;
60.793;-2.323735;0.5669755;;
60.793;-2.323735;0.5669755;;
60.819;-2.317071;0.5765355;;
60.821;-2.317015;0.5766155;;
60.823;-2.312675;0.5827116;;
60.825;-2.312358;0.5831571;;
60.826;-2.312279;0.5832686;;
60.828;-2.312213;0.5833607;;
60.853;-2.306883;0.5907108;;
60.854;-2.306838;0.5907723;;
60.855;-2.304409;0.5940697;;
60.857;-2.303593;0.5951777;;
60.858;-2.30342;0.5954125;;
60.86;-2.303366;0.5954858;;
60.887;-2.29648;0.6046613;;
60.889;-2.296313;0.6048843;;
60.889;-2.296299;0.6049029;;
60.891;-2.296294;0.6049094;;
60.893;-2.296293;0.6049114;;
60.895;-2.296292;0.6049122;;
60.922;-2.285144;0.6193077;;
60.925;-2.282408;0.6227628;;
60.927;-2.282028;0.6232423;;
60.928;-2.281925;0.6233725;;
60.929;-2.281925;0.6233725;;
60.929;-2.281925;0.6233725;;
60.956;-2.274733;0.632288;;
60.958;-2.274696;0.6323329;;
60.967;-2.274668;0.6323688;;
60.968;-2.271956;0.6356701;;
60.969;-2.270924;0.6369268;;
60.991;-2.261492;0.6481749;;
60.992;-2.261492;0.6481749;;
60.994;-2.261492;0.6481749;;
60.995;-2.261492;0.6481749;;
60.996;-2.261492;0.6481749;;
60.997;-2.261492;0.6481749;;
60.998;-2.261492;0.6481749;;
61.025;-2.255855;0.6547384;;
61.026;-2.25582;0.654779;;
61.0269779;;;-0.371678478259917;-0.251245510043664
60.819;-2.317071;0.5765355;;
60.821;-2.317015;0.5766155;;
60.823;-2.312675;0.5827116;;
60.825;-2.312358;0.5831571;;
60.826;-2.312279;0.5832686;;
60.828;-2.312213;0.5833607;;
60.853;-2.306883;0.5907108;;
60.854;-2.306838;0.5907723;;
60.855;-2.304409;0.5940697;;
60.857;-2.303593;0.5951777;;
60.858;-2.30342;0.5954125;;
60.86;-2.303366;0.5954858;;
60.887;-2.29648;0.6046613;;
60.889;-2.296313;0.6048843;;
60.889;-2.296299;0.6049029;;
60.891;-2.296294;0.6049094;;
60.893;-2.296293;0.6049114;;
60.895;-2.296292;0.6049122;;
60.922;-2.285144;0.6193077;;
60.925;-2.282408;0.6227628;;
60.927;-2.282028;0.6232423;;
60.928;-2.281925;0.6233725;;
60.929;-2.281925;0.6233725;;
60.929;-2.281925;0.6233725;;
60.956;-2.274733;0.632288;;
60.958;-2.274696;0.6323329;;
60.967;-2.274668;0.6323688;;
60.968;-2.271956;0.6356701;;
60.969;-2.270924;0.6369268;;
60.991;-2.261492;0.6481749;;
60.992;-2.261492;0.6481749;;
60.994;-2.261492;0.6481749;;
60.995;-2.261492;0.6481749;;
60.996;-2.261492;0.6481749;;
60.997;-2.261492;0.6481749;;
60.998;-2.261492;0.6481749;;
61.025;-2.255855;0.6547384;;
61.026;-2.25582;0.654779;;
61.027;-2.252095;0.6590465;;
61.029;-2.251171;0.6601042;;
61.032;-2.251021;0.6602769;;
61.032;-2.250918;0.6603947;;
61.059;-2.242876;0.6694276;;
61.06;-2.242817;0.6694946;;
61.061;-2.242805;0.6695082;;
61.062;-2.242802;0.6695107;;
61.064;-2.242802;0.6695115;;
61.065;-2.242801;0.6695117;;
61.066;-2.242801;0.6695117;;
61.093;-2.22702;0.6866167;;
61.095;-2.22702;0.6866167;;
61.097;-2.22702;0.6866167;;
61.097;-2.22702;0.6866167;;
61.099;-2.22702;0.6866167;;
61.1013563;;;-0.970322271560509;-0.288565597411376
60.887;-2.29648;0.6046613;;
60.889;-2.296313;0.6048843;;
60.889;-2.296299;0.6049029;;
60.891;-2.296294;0.6049094;;
60.893;-2.296293;0.6049114;;
60.895;-2.296292;0.6049122;;
60.922;-2.285144;0.6193077;;
60.925;-2.282408;0.6227628;;
60.927;-2.282028;0.6232423;;
60.928;-2.281925;0.6233725;;
60.929;-2.281925;0.6233725;;
60.929;-2.281925;0.6233725;;
60.956;-2.274733;0.632288;;
60.958;-2.274696;0.6323329;;
60.967;-2.274668;0.6323688;;
60.968;-2.271956;0.6356701;;
60.969;-2.270924;0.6369268;;
60.991;-2.261492;0.6481749;;
60.992;-2.261492;0.6481749;;
60.994;-2.261492;0.6481749;;
60.995;-2.261492;0.6481749;;
60.996;-2.261492;0.6481749;;
60.997;-2.261492;0.6481749;;
60.998;-2.261492;0.6481749;;
61.025;-2.255855;0.6547384;;
61.026;-2.25582;0.654779;;
61.027;-2.252095;0.6590465;;
61.029;-2.251171;0.6601042;;
61.032;-2.251021;0.6602769;;
61.032;-2.250918;0.6603947;;
61.059;-2.242876;0.6694276;;
61.06;-2.242817;0.6694946;;
61.061;-2.242805;0.6695082;;
61.062;-2.242802;0.6695107;;
61.064;-2.242802;0.6695115;;
61.065;-2.242801;0.6695117;;
61.066;-2.242801;0.6695117;;
61.093;-2.22702;0.6866167;;
61.095;-2.22702;0.6866167;;
61.097;-2.22702;0.6866167;;
61.097;-2.22702;0.6866167;;
61.099;-2.22702;0.6866167;;
61.128;-2.208451;0.7057598;;
61.129;-2.208451;0.7057598;;
61.13;-2.208451;0.7057598;;
61.132;-2.208451;0.7057598;;
61.135;-2.207322;0.7068903;;
61.135;-2.207288;0.7069249;;
61.136;-2.207015;0.7071974;;
61.138;-2.206603;0.7076098;;
61.161;-2.19969;0.7144464;;
61.163;-2.19969;0.7144464;;
61.165;-2.19969;0.7144464;;
61.167;-2.19969;0.7144464;;
61.1682559;;;-0.970652580289797;-0.326220992669079
60.956;-2.274733;0.632288;;
60.958;-2.274696;0.6323329;;
60.967;-2.274668;0.6323688;;
60.968;-2.271956;0.6356701;;
60.969;-2.270924;0.6369268;;
60.991;-2.261492;0.6481749;;
60.992;-2.261492;0.6481749;;
60.994;-2.261492;0.6481749;;
60.995;-2.261492;0.6481749;;
60.996;-2.261492;0.6481749;;
60.997;-2.261492;0.6481749;;
60.998;-2.261492;0.6481749;;
61.025;-2.255855;0.6547384;;
61.026;-2.25582;0.654779;;
61.027;-2.252095;0.6590465;;
61.029;-2.251171;0.6601042;;
61.032;-2.251021;0.6602769;;
61.032;-2.250918;0.6603947;;
61.059;-2.242876;0.6694276;;
61.06;-2.242817;0.6694946;;
61.061;-2.242805;0.6695082;;
61.062;-2.242802;0.6695107;;
61.064;-2.242802;0.6695115;;
61.065;-2.242801;0.6695117;;
61.066;-2.242801;0.6695117;;
61.093;-2.22702;0.6866167;;
61.095;-2.22702;0.6866167;;
61.097;-2.22702;0.6866167;;
61.097;-2.22702;0.6866167;;
61.099;-2.22702;0.6866167;;
61.128;-2.208451;0.7057598;;
61.129;-2.208451;0.7057598;;
61.13;-2.208451;0.7057598;;
61.132;-2.208451;0.7057598;;
61.135;-2.207322;0.7068903;;
61.135;-2.207288;0.7069249;;
61.136;-2.207015;0.7071974;;
61.138;-2.206603;0.7076098;;
61.161;-2.19969;0.7144464;;
61.163;-2.19969;0.7144464;;
61.165;-2.19969;0.7144464;;
61.167;-2.19969;0.7144464;;
61.195;-2.191293;0.7225732;;
61.196;-2.186049;0.727534;;
61.198;-2.183923;0.7295442;;
61.2;-2.183242;0.7301888;;
61.201;-2.183099;0.7303236;;
61.202;-2.181097;0.732193;;
61.202;-2.181097;0.732193;;
61.202;-2.181097;0.732193;;
61.228;-2.174173;0.7385738;;
61.23;-2.174173;0.7385738;;
61.231;-2.174173;0.7385738;;
61.233;-2.174173;0.7385738;;
61.234;-2.174173;0.7385738;;
61.2354237;;;-0.980417147334172;-0.364251948197719
61.025;-2.255855;0.6547384;;
61.026;-2.25582;0.654779;;
61.027;-2.252095;0.6590465;;
61.029;-2.251171;0.6601042;;
61.032;-2.251021;0.6602769;;
61.032;-2.250918;0.6603947;;
61.059;-2.242876;0.6694276;;
61.06;-2.242817;0.6694946;;
61.061;-2.242805;0.6695082;;
61.062;-2.242802;0.6695107;;
61.064;-2.242802;0.6695115;;
61.065;-2.242801;0.6695117;;
61.066;-2.242801;0.6695117;;
61.093;-2.22702;0.6866167;;
61.095;-2.22702;0.6866167;;
61.097;-2.22702;0.6866167;;
61.097;-2.22702;0.6866167;;
61.099;-2.22702;0.6866167;;
61.128;-2.208451;0.7057598;;
61.129;-2.208451;0.7057598;;
61.13;-2.208451;0.7057598;;
61.132;-2.208451;0.7057598;;
61.135;-2.207322;0.7068903;;
61.135;-2.207288;0.7069249;;
61.136;-2.207015;0.7071974;;
61.138;-2.206603;0.7076098;;
61.161;-2.19969;0.7144464;;
61.163;-2.19969;0.7144464;;
61.165;-2.19969;0.7144464;;
61.167;-2.19969;0.7144464;;
61.195;-2.191293;0.7225732;;
61.196;-2.186049;0.727534;;
61.198;-2.183923;0.7295442;;
61.2;-2.183242;0.7301888;;
61.201;-2.183099;0.7303236;;
61.202;-2.181097;0.732193;;
61.202;-2.181097;0.732193;;
61.202;-2.181097;0.732193;;
61.228;-2.174173;0.7385738;;
61.23;-2.174173;0.7385738;;
61.231;-2.174173;0.7385738;;
61.233;-2.174173;0.7385738;;
61.234;-2.174173;0.7385738;;
61.262;-2.15802;0.7529975;;
61.264;-2.157896;0.7531089;;
61.265;-2.157884;0.7531191;;
61.266;-2.157881;0.7531222;;
61.267;-2.157877;0.7531257;;
61.268;-2.157877;0.7531257;;
61.268;-2.157877;0.7531257;;
61.296;-2.147877;0.7617436;;
61.298;-2.147823;0.7617905;;
61.3;-2.147801;0.7618092;;
61.301;-2.147796;0.7618134;;
61.3020203;;;-0.896085617267105;-0.369559868867242
61.093;-2.22702;0.6866167;;
61.095;-2.22702;0.6866167;;
61.097;-2.22702;0.6866167;;
61.097;-2.22702;0.6866167;;
61.099;-2.22702;0.6866167;;
61.128;-2.208451;0.7057598;;
61.129;-2.208451;0.7057598;;
61.13;-2.208451;0.7057598;;
61.132;-2.208451;0.7057598;;
61.135;-2.207322;0.7068903;;
61.135;-2.207288;0.7069249;;
61.136;-2.207015;0.7071974;;
61.138;-2.206603;0.7076098;;
61.161;-2.19969;0.7144464;;
61.163;-2.19969;0.7144464;;
61.165;-2.19969;0.7144464;;
61.167;-2.19969;0.7144464;;
61.195;-2.191293;0.7225732;;
61.196;-2.186049;0.727534;;
61.198;-2.183923;0.7295442;;
61.2;-2.183242;0.7301888;;
61.201;-2.183099;0.7303236;;
61.202;-2.181097;0.732193;;
61.202;-2.181097;0.732193;;
61.202;-2.181097;0.732193;;
61.228;-2.174173;0.7385738;;
61.23;-2.174173;0.7385738;;
61.231;-2.174173;0.7385738;;
61.233;-2.174173;0.7385738;;
61.234;-2.174173;0.7385738;;
61.262;-2.15802;0.7529975;;
61.264;-2.157896;0.7531089;;
61.265;-2.157884;0.7531191;;
61.266;-2.157881;0.7531222;;
61.267;-2.157877;0.7531257;;
61.268;-2.157877;0.7531257;;
61.268;-2.157877;0.7531257;;
61.296;-2.147877;0.7617436;;
61.298;-2.147823;0.7617905;;
61.3;-2.147801;0.7618092;;
61.301;-2.147796;0.7618134;;
61.301;-2.14772;0.761878;;
61.303;-2.143817;0.7651775;;
61.33;-2.130163;0.7764595;;
61.332;-2.130062;0.7765441;;
61.334;-2.130029;0.7765715;;
61.336;-2.12833;0.7779464;;
61.369;-2.125235;0.7804365;;
61.37;-2.125219;0.7804493;;
61.371;-2.125214;0.7804534;;
61.371;-2.125214;0.7804537;;
61.372;-2.125212;0.7804551;;
61.3727897;;;-0.324997897729445;-0.346194576460038
61.161;-2.19969;0.7144464;;
61.163;-2.19969;0.7144464;;
61.165;-2.19969;0.7144464;;
61.167;-2.19969;0.7144464;;
61.195;-2.191293;0.7225732;;
61.196;-2.186049;0.727534;;
61.198;-2.183923;0.7295442;;
61.2;-2.183242;0.7301888;;
61.201;-2.183099;0.7303236;;
61.202;-2.181097;0.732193;;
61.202;-2.181097;0.732193;;
61.202;-2.181097;0.732193;;
61.228;-2.174173;0.7385738;;
61.23;-2.174173;0.7385738;;
61.231;-2.174173;0.7385738;;
61.233;-2.174173;0.7385738;;
61.234;-2.174173;0.7385738;;
61.262;-2.15802;0.7529975;;
61.264;-2.157896;0.7531089;;
61.265;-2.157884;0.7531191;;
61.266;-2.157881;0.7531222;;
61.267;-2.157877;0.7531257;;
61.268;-2.157877;0.7531257;;
61.268;-2.157877;0.7531257;;
61.296;-2.147877;0.7617436;;
61.298;-2.147823;0.7617905;;
61.3;-2.147801;0.7618092;;
61.301;-2.147796;0.7618134;;
61.301;-2.14772;0.761878;;
61.303;-2.143817;0.7651775;;
61.33;-2.130163;0.7764595;;
61.332;-2.130062;0.7765441;;
61.334;-2.130029;0.7765715;;
61.336;-2.12833;0.7779464;;
61.369;-2.125235;0.7804365;;
61.37;-2.125219;0.7804493;;
61.371;-2.125214;0.7804534;;
61.371;-2.125214;0.7804537;;
61.372;-2.125212;0.7804551;;
61.373;-2.119267;0.7851803;;
61.399;-2.110814;0.7917638;;
61.43;-2.10129;0.7990267;;
61.432;-2.100907;0.7993191;;
61.434;-2.100907;0.7993191;;
61.435;-2.100907;0.7993191;;
61.436;-2.096535;0.8025653;;
61.437;-2.092852;0.8052999;;
61.438;-2.091822;0.8060651;;
61.438;-2.091424;0.806361;;
61.439;-2.091424;0.806361;;
61.44;-2.091424;0.806361;;
61.4474232;;;-0.147307308053255;-0.318087610211879
61.228;-2.174173;0.7385738;;
61.23;-2.174173;0.7385738;;
61.231;-2.174173;0.7385738;;
61.233;-2.174173;0.7385738;;
61.234;-2.174173;0.7385738;;
61.262;-2.15802;0.7529975;;
61.264;-2.157896;0.7531089;;
61.265;-2.157884;0.7531191;;
61.266;-2.157881;0.7531222;;
61.267;-2.157877;0.7531257;;
61.268;-2.157877;0.7531257;;
61.268;-2.157877;0.7531257;;
61.296;-2.147877;0.7617436;;
61.298;-2.147823;0.7617905;;
61.3;-2.147801;0.7618092;;
61.301;-2.147796;0.7618134;;
61.301;-2.14772;0.761878;;
61.303;-2.143817;0.7651775;;
61.33;-2.130163;0.7764595;;
61.332;-2.130062;0.7765441;;
61.334;-2.130029;0.7765715;;
61.336;-2.12833;0.7779464;;
61.369;-2.125235;0.7804365;;
61.37;-2.125219;0.7804493;;
61.371;-2.125214;0.7804534;;
61.371;-2.125214;0.7804537;;
61.372;-2.125212;0.7804551;;
61.373;-2.119267;0.7851803;;
61.399;-2.110814;0.7917638;;
61.43;-2.10129;0.7990267;;
61.432;-2.100907;0.7993191;;
61.434;-2.100907;0.7993191;;
61.435;-2.100907;0.7993191;;
61.436;-2.096535;0.8025653;;
61.437;-2.092852;0.8052999;;
61.438;-2.091822;0.8060651;;
61.438;-2.091424;0.806361;;
61.439;-2.091424;0.806361;;
61.44;-2.091424;0.806361;;
61.467;-2.078563;0.8156379;;
61.468;-2.078563;0.8156379;;
61.471;-2.073082;0.8194879;;
61.472;-2.072205;0.8201047;;
61.472;-2.072435;0.8199427;;
61.474;-2.071134;0.8208566;;
61.5;-2.064282;0.8255818;;
61.5;-2.064282;0.8255818;;
61.502;-2.064282;0.8255818;;
61.504;-2.06088;0.8278925;;
61.506;-2.05961;0.8287556;;
61.507;-2.059503;0.8288282;;
61.5259623;;;-0.105803105323392;-0.289100502271583
61.296;-2.147877;0.7617436;;
61.298;-2.147823;0.7617905;;
61.3;-2.147801;0.7618092;;
61.301;-2.147796;0.7618134;;
61.301;-2.14772;0.761878;;
61.303;-2.143817;0.7651775;;
61.33;-2.130163;0.7764595;;
61.332;-2.130062;0.7765441;;
61.334;-2.130029;0.7765715;;
61.336;-2.12833;0.7779464;;
61.369;-2.125235;0.7804365;;
61.37;-2.125219;0.7804493;;
61.371;-2.125214;0.7804534;;
61.371;-2.125214;0.7804537;;
61.372;-2.125212;0.7804551;;
61.373;-2.119267;0.7851803;;
61.399;-2.110814;0.7917638;;
61.43;-2.10129;0.7990267;;
61.432;-2.100907;0.7993191;;
61.434;-2.100907;0.7993191;;
61.435;-2.100907;0.7993191;;
61.436;-2.096535;0.8025653;;
61.437;-2.092852;0.8052999;;
61.438;-2.091822;0.8060651;;
61.438;-2.091424;0.806361;;
61.439;-2.091424;0.806361;;
61.44;-2.091424;0.806361;;
61.467;-2.078563;0.8156379;;
61.468;-2.078563;0.8156379;;
61.471;-2.073082;0.8194879;;
61.472;-2.072205;0.8201047;;
61.472;-2.072435;0.8199427;;
61.474;-2.071134;0.8208566;;
61.5;-2.064282;0.8255818;;
61.5;-2.064282;0.8255818;;
61.502;-2.064282;0.8255818;;
61.504;-2.06088;0.8278925;;
61.506;-2.05961;0.8287556;;
61.507;-2.059503;0.8288282;;
61.535;-2.04977;0.8353155;;
61.537;-2.049694;0.8353658;;
61.539;-2.049685;0.8353722;;
61.541;-2.049684;0.8353727;;
61.542;-2.049684;0.8353729;;
61.543;-2.049683;0.8353731;;
61.568;-2.033879;0.8455609;;
61.569;-2.033879;0.8455609;;
61.572;-2.030791;0.8475006;;
61.574;-2.029956;0.8480251;;
61.575;-2.029956;0.8480251;;
61.575;-2.029956;0.8480251;;
61.5922975;;;-0.356255383760785;-0.302802632416229
61.369;-2.125235;0.7804365;;
61.37;-2.125219;0.7804493;;
61.371;-2.125214;0.7804534;;
61.371;-2.125214;0.7804537;;
61.372;-2.125212;0.7804551;;
61.373;-2.119267;0.7851803;;
61.399;-2.110814;0.7917638;;
61.43;-2.10129;0.7990267;;
61.432;-2.100907;0.7993191;;
61.434;-2.100907;0.7993191;;
61.435;-2.100907;0.7993191;;
61.436;-2.096535;0.8025653;;
61.437;-2.092852;0.8052999;;
61.438;-2.091822;0.8060651;;
61.438;-2.091424;0.806361;;
61.439;-2.091424;0.806361;;
61.44;-2.091424;0.806361;;
61.467;-2.078563;0.8156379;;
61.468;-2.078563;0.8156379;;
61.471;-2.073082;0.8194879;;
61.472;-2.072205;0.8201047;;
61.472;-2.072435;0.8199427;;
61.474;-2.071134;0.8208566;;
61.5;-2.064282;0.8255818;;
61.5;-2.064282;0.8255818;;
61.502;-2.064282;0.8255818;;
61.504;-2.06088;0.8278925;;
61.506;-2.05961;0.8287556;;
61.507;-2.059503;0.8288282;;
61.535;-2.04977;0.8353155;;
61.537;-2.049694;0.8353658;;
61.539;-2.049685;0.8353722;;
61.541;-2.049684;0.8353727;;
61.542;-2.049684;0.8353729;;
61.543;-2.049683;0.8353731;;
61.568;-2.033879;0.8455609;;
61.569;-2.033879;0.8455609;;
61.572;-2.030791;0.8475006;;
61.574;-2.029956;0.8480251;;
61.575;-2.029956;0.8480251;;
61.575;-2.029956;0.8480251;;
61.603;-2.019978;0.8541791;;
61.604;-2.019904;0.8542246;;
61.606;-2.019889;0.8542336;;
61.606;-2.019889;0.854234;;
61.607;-2.019887;0.8542348;;
61.607;-2.019887;0.8542348;;
61.637;-2.004913;0.8631672;;
61.639;-2.000916;0.865492;;
61.64;-2.000281;0.8658614;;
61.641;-2.000034;0.8660049;;
61.642;-1.999878;0.866096;;
61.642;-1.999878;0.866096;;
61.6597954;;;-0.549186562052517;-0.311020769709052
61.43;-2.10129;0.7990267;;
61.432;-2.100907;0.7993191;;
61.434;-2.100907;0.7993191;;
61.435;-2.100907;0.7993191;;
61.436;-2.096535;0.8025653;;
61.437;-2.092852;0.8052999;;
61.438;-2.091822;0.8060651;;
61.438;-2.091424;0.806361;;
61.439;-2.091424;0.806361;;
61.44;-2.091424;0.806361;;
61.467;-2.078563;0.8156379;;
61.468;-2.078563;0.8156379;;
61.471;-2.073082;0.8194879;;
61.472;-2.072205;0.8201047;;
61.472;-2.072435;0.8199427;;
61.474;-2.071134;0.8208566;;
61.5;-2.064282;0.8255818;;
61.5;-2.064282;0.8255818;;
61.502;-2.064282;0.8255818;;
61.504;-2.06088;0.8278925;;
61.506;-2.05961;0.8287556;;
61.507;-2.059503;0.8288282;;
61.535;-2.04977;0.8353155;;
61.537;-2.049694;0.8353658;;
61.539;-2.049685;0.8353722;;
61.541;-2.049684;0.8353727;;
61.542;-2.049684;0.8353729;;
61.543;-2.049683;0.8353731;;
61.568;-2.033879;0.8455609;;
61.569;-2.033879;0.8455609;;
61.572;-2.030791;0.8475006;;
61.574;-2.029956;0.8480251;;
61.575;-2.029956;0.8480251;;
61.575;-2.029956;0.8480251;;
61.603;-2.019978;0.8541791;;
61.604;-2.019904;0.8542246;;
61.606;-2.019889;0.8542336;;
61.606;-2.019889;0.854234;;
61.607;-2.019887;0.8542348;;
61.607;-2.019887;0.8542348;;
61.637;-2.004913;0.8631672;;
61.639;-2.000916;0.865492;;
61.64;-2.000281;0.8658614;;
61.641;-2.000034;0.8660049;;
61.642;-1.999878;0.866096;;
61.642;-1.999878;0.866096;;
61.671;-1.989791;0.8718399;;
61.671;-1.989791;0.8718399;;
61.674;-1.989791;0.8718399;;
61.675;-1.989791;0.8718399;;
61.677;-1.989791;0.8718399;;
61.677;-1.989791;0.8718399;;
61.705;-1.969471;0.8829451;;
61.706;-1.96932;0.8830276;;
61.707;-1.969301;0.8830382;;
61.709;-1.969292;0.8830432;;
61.711;-1.969288;0.8830454;;
61.711;-1.969287;0.8830456;;
61.7264359;;;-0.453375576026504;-0.318764152194821
61.5;-2.064282;0.8255818;;
61.5;-2.064282;0.8255818;;
61.502;-2.064282;0.8255818;;
61.504;-2.06088;0.8278925;;
61.506;-2.05961;0.8287556;;
61.507;-2.059503;0.8288282;;
61.535;-2.04977;0.8353155;;
61.537;-2.049694;0.8353658;;
61.539;-2.049685;0.8353722;;
61.541;-2.049684;0.8353727;;
61.542;-2.049684;0.8353729;;
61.543;-2.049683;0.8353731;;
61.568;-2.033879;0.8455609;;
61.569;-2.033879;0.8455609;;
61.572;-2.030791;0.8475006;;
61.574;-2.029956;0.8480251;;
61.575;-2.029956;0.8480251;;
61.575;-2.029956;0.8480251;;
61.603;-2.019978;0.8541791;;
61.604;-2.019904;0.8542246;;
61.606;-2.019889;0.8542336;;
61.606;-2.019889;0.854234;;
61.607;-2.019887;0.8542348;;
61.607;-2.019887;0.8542348;;
61.637;-2.004913;0.8631672;;
61.639;-2.000916;0.865492;;
61.64;-2.000281;0.8658614;;
61.641;-2.000034;0.8660049;;
61.642;-1.999878;0.866096;;
61.642;-1.999878;0.866096;;
61.671;-1.989791;0.8718399;;
61.671;-1.989791;0.8718399;;
61.674;-1.989791;0.8718399;;
61.675;-1.989791;0.8718399;;
61.677;-1.989791;0.8718399;;
61.677;-1.989791;0.8718399;;
61.705;-1.969471;0.8829451;;
61.706;-1.96932;0.8830276;;
61.707;-1.969301;0.8830382;;
61.709;-1.969292;0.8830432;;
61.711;-1.969288;0.8830454;;
61.711;-1.969287;0.8830456;;
61.741;-1.959089;0.8883882;;
61.742;-1.958929;0.888472;;
61.743;-1.958869;0.8885038;;
61.744;-1.958838;0.8885201;;
61.745;-1.958831;0.8885233;;
61.745;-1.958831;0.8885233;;
61.773;-1.938098;0.8989272;;
61.774;-1.938098;0.8989272;;
61.775;-1.938098;0.8989272;;
61.777;-1.938098;0.8989272;;
61.778;-1.938098;0.8989272;;
61.779;-1.938098;0.8989272;;
61.7859546;;;-0.080936842817989;-0.320350602241271
61.568;-2.033879;0.8455609;;
61.569;-2.033879;0.8455609;;
61.572;-2.030791;0.8475006;;
61.574;-2.029956;0.8480251;;
61.575;-2.029956;0.8480251;;
61.575;-2.029956;0.8480251;;
61.603;-2.019978;0.8541791;;
61.604;-2.019904;0.8542246;;
61.606;-2.019889;0.8542336;;
61.606;-2.019889;0.854234;;
61.607;-2.019887;0.8542348;;
61.607;-2.019887;0.8542348;;
61.637;-2.004913;0.8631672;;
61.639;-2.000916;0.865492;;
61.64;-2.000281;0.8658614;;
61.641;-2.000034;0.8660049;;
61.642;-1.999878;0.866096;;
61.642;-1.999878;0.866096;;
61.671;-1.989791;0.8718399;;
61.671;-1.989791;0.8718399;;
61.674;-1.989791;0.8718399;;
61.675;-1.989791;0.8718399;;
61.677;-1.989791;0.8718399;;
61.677;-1.989791;0.8718399;;
61.705;-1.969471;0.8829451;;
61.706;-1.96932;0.8830276;;
61.707;-1.969301;0.8830382;;
61.709;-1.969292;0.8830432;;
61.711;-1.969288;0.8830454;;
61.711;-1.969287;0.8830456;;
61.741;-1.959089;0.8883882;;
61.742;-1.958929;0.888472;;
61.743;-1.958869;0.8885038;;
61.744;-1.958838;0.8885201;;
61.745;-1.958831;0.8885233;;
61.745;-1.958831;0.8885233;;
61.773;-1.938098;0.8989272;;
61.774;-1.938098;0.8989272;;
61.775;-1.938098;0.8989272;;
61.777;-1.938098;0.8989272;;
61.778;-1.938098;0.8989272;;
61.779;-1.938098;0.8989272;;
61.806;-1.932811;0.9014841;;
61.809;-1.926746;0.9043677;;
61.811;-1.926122;0.9046643;;
61.812;-1.925972;0.9047359;;
61.814;-1.925883;0.9047784;;
61.814;-1.925709;0.9048603;;
61.84;-1.915318;0.9096751;;
61.842;-1.915166;0.9097452;;
61.844;-1.91513;0.9097623;;
61.845;-1.91512;0.9097664;;
61.845;-1.915119;0.9097672;;
61.8530841;;;-0.0629344154021725;-0.322244794316139
61.637;-2.004913;0.8631672;;
61.639;-2.000916;0.865492;;
61.64;-2.000281;0.8658614;;
61.641;-2.000034;0.8660049;;
61.642;-1.999878;0.866096;;
61.642;-1.999878;0.866096;;
61.671;-1.989791;0.8718399;;
61.671;-1.989791;0.8718399;;
61.674;-1.989791;0.8718399;;
61.675;-1.989791;0.8718399;;
61.677;-1.989791;0.8718399;;
61.677;-1.989791;0.8718399;;
61.705;-1.969471;0.8829451;;
61.706;-1.96932;0.8830276;;
61.707;-1.969301;0.8830382;;
61.709;-1.969292;0.8830432;;
61.711;-1.969288;0.8830454;;
61.711;-1.969287;0.8830456;;
61.741;-1.959089;0.8883882;;
61.742;-1.958929;0.888472;;
61.743;-1.958869;0.8885038;;
61.744;-1.958838;0.8885201;;
61.745;-1.958831;0.8885233;;
61.745;-1.958831;0.8885233;;
61.773;-1.938098;0.8989272;;
61.774;-1.938098;0.8989272;;
61.775;-1.938098;0.8989272;;
61.777;-1.938098;0.8989272;;
61.778;-1.938098;0.8989272;;
61.779;-1.938098;0.8989272;;
61.806;-1.932811;0.9014841;;
61.809;-1.926746;0.9043677;;
61.811;-1.926122;0.9046643;;
61.812;-1.925972;0.9047359;;
61.814;-1.925883;0.9047784;;
61.814;-1.925709;0.9048603;;
61.84;-1.915318;0.9096751;;
61.842;-1.915166;0.9097452;;
61.844;-1.91513;0.9097623;;
61.845;-1.91512;0.9097664;;
61.845;-1.915119;0.9097672;;
61.873;-1.894278;0.9189843;;
61.875;-1.89388;0.9191604;;
61.877;-1.8938;0.9191958;;
61.878;-1.89379;0.9192002;;
61.879;-1.893783;0.9192035;;
61.879;-1.893781;0.9192041;;
61.88;-1.89378;0.9192045;;
61.908;-1.87424;0.9273275;;
61.91;-1.873956;0.9274457;;
61.912;-1.873907;0.9274659;;
61.912;-1.873902;0.9274679;;
61.913;-1.873894;0.9274715;;
61.914;-1.873894;0.9274715;;
61.9273392;;;-0.0999963431021518;-0.325904540667262
61.705;-1.969471;0.8829451;;
61.706;-1.96932;0.8830276;;
61.707;-1.969301;0.8830382;;
61.709;-1.969292;0.8830432;;
61.711;-1.969288;0.8830454;;
61.711;-1.969287;0.8830456;;
61.741;-1.959089;0.8883882;;
61.742;-1.958929;0.888472;;
61.743;-1.958869;0.8885038;;
61.744;-1.958838;0.8885201;;
61.745;-1.958831;0.8885233;;
61.745;-1.958831;0.8885233;;
61.773;-1.938098;0.8989272;;
61.774;-1.938098;0.8989272;;
61.775;-1.938098;0.8989272;;
61.777;-1.938098;0.8989272;;
61.778;-1.938098;0.8989272;;
61.779;-1.938098;0.8989272;;
61.806;-1.932811;0.9014841;;
61.809;-1.926746;0.9043677;;
61.811;-1.926122;0.9046643;;
61.812;-1.925972;0.9047359;;
61.814;-1.925883;0.9047784;;
61.814;-1.925709;0.9048603;;
61.84;-1.915318;0.9096751;;
61.842;-1.915166;0.9097452;;
61.844;-1.91513;0.9097623;;
61.845;-1.91512;0.9097664;;
61.845;-1.915119;0.9097672;;
61.873;-1.894278;0.9189843;;
61.875;-1.89388;0.9191604;;
61.877;-1.8938;0.9191958;;
61.878;-1.89379;0.9192002;;
61.879;-1.893783;0.9192035;;
61.879;-1.893781;0.9192041;;
61.88;-1.89378;0.9192045;;
61.908;-1.87424;0.9273275;;
61.91;-1.873956;0.9274457;;
61.912;-1.873907;0.9274659;;
61.912;-1.873902;0.9274679;;
61.913;-1.873894;0.9274715;;
61.914;-1.873894;0.9274715;;
61.942;-1.863043;0.9317725;;
61.943;-1.863043;0.9317725;;
61.945;-1.859438;0.9331647;;
61.947;-1.858187;0.9336477;;
61.948;-1.857875;0.9337684;;
61.949;-1.857526;0.933903;;
61.976;-1.841418;0.9399086;;
61.978;-1.841186;0.9399951;;
61.98;-1.841143;0.9400111;;
61.98;-1.841141;0.940012;;
61.981;-1.841126;0.9400175;;
61.981;-1.841125;0.9400178;;
62.0057462;;;-0.540052830618833;-0.346316260414412
61.773;-1.938098;0.8989272;;
61.774;-1.938098;0.8989272;;
61.775;-1.938098;0.8989272;;
61.777;-1.938098;0.8989272;;
61.778;-1.938098;0.8989272;;
61.779;-1.938098;0.8989272;;
61.806;-1.932811;0.9014841;;
61.809;-1.926746;0.9043677;;
61.811;-1.926122;0.9046643;;
61.812;-1.925972;0.9047359;;
61.814;-1.925883;0.9047784;;
61.814;-1.925709;0.9048603;;
61.84;-1.915318;0.9096751;;
61.842;-1.915166;0.9097452;;
61.844;-1.91513;0.9097623;;
61.845;-1.91512;0.9097664;;
61.845;-1.915119;0.9097672;;
61.873;-1.894278;0.9189843;;
61.875;-1.89388;0.9191604;;
61.877;-1.8938;0.9191958;;
61.878;-1.89379;0.9192002;;
61.879;-1.893783;0.9192035;;
61.879;-1.893781;0.9192041;;
61.88;-1.89378;0.9192045;;
61.908;-1.87424;0.9273275;;
61.91;-1.873956;0.9274457;;
61.912;-1.873907;0.9274659;;
61.912;-1.873902;0.9274679;;
61.913;-1.873894;0.9274715;;
61.914;-1.873894;0.9274715;;
61.942;-1.863043;0.9317725;;
61.943;-1.863043;0.9317725;;
61.945;-1.859438;0.9331647;;
61.947;-1.858187;0.9336477;;
61.948;-1.857875;0.9337684;;
61.949;-1.857526;0.933903;;
61.976;-1.841418;0.9399086;;
61.978;-1.841186;0.9399951;;
61.98;-1.841143;0.9400111;;
61.98;-1.841141;0.940012;;
61.981;-1.841126;0.9400175;;
61.981;-1.841125;0.9400178;;
62.012;-1.824693;0.9458182;;
62.013;-1.824611;0.945847;;
62.014;-1.824573;0.9458605;;
62.015;-1.824558;0.9458659;;
62.016;-1.824558;0.9458659;;
62.017;-1.824558;0.9458659;;
62.017;-1.824558;0.9458659;;
62.044;-1.805555;0.9521744;;
62.046;-1.805555;0.9521744;;
62.047;-1.805555;0.9521744;;
62.048;-1.805555;0.9521744;;
62.049;-1.805555;0.9521744;;
62.0728576;;;-0.66485853234982;-0.369345863028535
61.84;-1.915318;0.9096751;;
61.842;-1.915166;0.9097452;;
61.844;-1.91513;0.9097623;;
61.845;-1.91512;0.9097664;;
61.845;-1.915119;0.9097672;;
61.873;-1.894278;0.9189843;;
61.875;-1.89388;0.9191604;;
61.877;-1.8938;0.9191958;;
61.878;-1.89379;0.9192002;;
61.879;-1.893783;0.9192035;;
61.879;-1.893781;0.9192041;;
61.88;-1.89378;0.9192045;;
61.908;-1.87424;0.9273275;;
61.91;-1.873956;0.9274457;;
61.912;-1.873907;0.9274659;;
61.912;-1.873902;0.9274679;;
61.913;-1.873894;0.9274715;;
61.914;-1.873894;0.9274715;;
61.942;-1.863043;0.9317725;;
61.943;-1.863043;0.9317725;;
61.945;-1.859438;0.9331647;;
61.947;-1.858187;0.9336477;;
61.948;-1.857875;0.9337684;;
61.949;-1.857526;0.933903;;
61.976;-1.841418;0.9399086;;
61.978;-1.841186;0.9399951;;
61.98;-1.841143;0.9400111;;
61.98;-1.841141;0.940012;;
61.981;-1.841126;0.9400175;;
61.981;-1.841125;0.9400178;;
62.012;-1.824693;0.9458182;;
62.013;-1.824611;0.945847;;
62.014;-1.824573;0.9458605;;
62.015;-1.824558;0.9458659;;
62.016;-1.824558;0.9458659;;
62.017;-1.824558;0.9458659;;
62.017;-1.824558;0.9458659;;
62.044;-1.805555;0.9521744;;
62.046;-1.805555;0.9521744;;
62.047;-1.805555;0.9521744;;
62.048;-1.805555;0.9521744;;
62.049;-1.805555;0.9521744;;
62.079;-1.791229;0.9566535;;
62.08;-1.791229;0.9566535;;
62.081;-1.791229;0.9566535;;
62.083;-1.791229;0.9566535;;
62.085;-1.791229;0.9566535;;
62.085;-1.791229;0.9566535;;
62.086;-1.791229;0.9566535;;
62.087;-1.791229;0.9566535;;
62.115;-1.773208;0.9619518;;
62.116;-1.772974;0.9620206;;
62.117;-1.772889;0.9620454;;
62.118;-1.768763;0.9632065;;
62.1398126;;;-0.703896260799507;-0.388087912009255
61.908;-1.87424;0.9273275;;
61.91;-1.873956;0.9274457;;
61.912;-1.873907;0.9274659;;
61.912;-1.873902;0.9274679;;
61.913;-1.873894;0.9274715;;
61.914;-1.873894;0.9274715;;
61.942;-1.863043;0.9317725;;
61.943;-1.863043;0.9317725;;
61.945;-1.859438;0.9331647;;
61.947;-1.858187;0.9336477;;
61.948;-1.857875;0.9337684;;
61.949;-1.857526;0.933903;;
61.976;-1.841418;0.9399086;;
61.978;-1.841186;0.9399951;;
61.98;-1.841143;0.9400111;;
61.98;-1.841141;0.940012;;
61.981;-1.841126;0.9400175;;
61.981;-1.841125;0.9400178;;
62.012;-1.824693;0.9458182;;
62.013;-1.824611;0.945847;;
62.014;-1.824573;0.9458605;;
62.015;-1.824558;0.9458659;;
62.016;-1.824558;0.9458659;;
62.017;-1.824558;0.9458659;;
62.017;-1.824558;0.9458659;;
62.044;-1.805555;0.9521744;;
62.046;-1.805555;0.9521744;;
62.047;-1.805555;0.9521744;;
62.048;-1.805555;0.9521744;;
62.049;-1.805555;0.9521744;;
62.079;-1.791229;0.9566535;;
62.08;-1.791229;0.9566535;;
62.081;-1.791229;0.9566535;;
62.083;-1.791229;0.9566535;;
62.085;-1.791229;0.9566535;;
62.085;-1.791229;0.9566535;;
62.086;-1.791229;0.9566535;;
62.087;-1.791229;0.9566535;;
62.115;-1.773208;0.9619518;;
62.116;-1.772974;0.9620206;;
62.117;-1.772889;0.9620454;;
62.118;-1.768763;0.9632065;;
62.147;-1.757452;0.9662912;;
62.148;-1.757452;0.9662912;;
62.149;-1.757452;0.9662912;;
62.151;-1.757452;0.9662912;;
62.153;-1.757452;0.9662912;;
62.153;-1.757452;0.9662912;;
62.154;-1.757452;0.9662912;;
62.155;-1.757452;0.9662912;;
62.182;-1.738243;0.9712036;;
62.183;-1.738088;0.9712432;;
62.185;-1.735668;0.9718324;;
62.186;-1.735148;0.9719589;;
62.187;-1.734759;0.9720536;;
62.188;-1.734759;0.9720536;;
62.2067785;;;-0.737396995367585;-0.407529596159027
61.976;-1.841418;0.9399086;;
61.978;-1.841186;0.9399951;;
61.98;-1.841143;0.9400111;;
61.98;-1.841141;0.940012;;
61.981;-1.841126;0.9400175;;
61.981;-1.841125;0.9400178;;
62.012;-1.824693;0.9458182;;
62.013;-1.824611;0.945847;;
62.014;-1.824573;0.9458605;;
62.015;-1.824558;0.9458659;;
62.016;-1.824558;0.9458659;;
62.017;-1.824558;0.9458659;;
62.017;-1.824558;0.9458659;;
62.044;-1.805555;0.9521744;;
62.046;-1.805555;0.9521744;;
62.047;-1.805555;0.9521744;;
62.048;-1.805555;0.9521744;;
62.049;-1.805555;0.9521744;;
62.079;-1.791229;0.9566535;;
62.08;-1.791229;0.9566535;;
62.081;-1.791229;0.9566535;;
62.083;-1.791229;0.9566535;;
62.085;-1.791229;0.9566535;;
62.085;-1.791229;0.9566535;;
62.086;-1.791229;0.9566535;;
62.087;-1.791229;0.9566535;;
62.115;-1.773208;0.9619518;;
62.116;-1.772974;0.9620206;;
62.117;-1.772889;0.9620454;;
62.118;-1.768763;0.9632065;;
62.147;-1.757452;0.9662912;;
62.148;-1.757452;0.9662912;;
62.149;-1.757452;0.9662912;;
62.151;-1.757452;0.9662912;;
62.153;-1.757452;0.9662912;;
62.153;-1.757452;0.9662912;;
62.154;-1.757452;0.9662912;;
62.155;-1.757452;0.9662912;;
62.182;-1.738243;0.9712036;;
62.183;-1.738088;0.9712432;;
62.185;-1.735668;0.9718324;;
62.186;-1.735148;0.9719589;;
62.187;-1.734759;0.9720536;;
62.188;-1.734759;0.9720536;;
62.215;-1.723274;0.9747556;;
62.217;-1.723274;0.9747556;;
62.219;-1.723274;0.9747556;;
62.22;-1.723274;0.9747556;;
62.221;-1.723274;0.9747556;;
62.221;-1.723274;0.9747556;;
62.25;-1.706029;0.9785444;;
62.251;-1.705966;0.9785582;;
62.252;-1.701986;0.9793849;;
62.253;-1.70087;0.9796167;;
62.255;-1.700498;0.979694;;
62.255;-1.700487;0.9796962;;
62.2738551;;;-0.672905298977025;-0.407613859715197
62.044;-1.805555;0.9521744;;
62.046;-1.805555;0.9521744;;
62.047;-1.805555;0.9521744;;
62.048;-1.805555;0.9521744;;
62.049;-1.805555;0.9521744;;
62.079;-1.791229;0.9566535;;
62.08;-1.791229;0.9566535;;
62.081;-1.791229;0.9566535;;
62.083;-1.791229;0.9566535;;
62.085;-1.791229;0.9566535;;
62.085;-1.791229;0.9566535;;
62.086;-1.791229;0.9566535;;
62.087;-1.791229;0.9566535;;
62.115;-1.773208;0.9619518;;
62.116;-1.772974;0.9620206;;
62.117;-1.772889;0.9620454;;
62.118;-1.768763;0.9632065;;
62.147;-1.757452;0.9662912;;
62.148;-1.757452;0.9662912;;
62.149;-1.757452;0.9662912;;
62.151;-1.757452;0.9662912;;
62.153;-1.757452;0.9662912;;
62.153;-1.757452;0.9662912;;
62.154;-1.757452;0.9662912;;
62.155;-1.757452;0.9662912;;
62.182;-1.738243;0.9712036;;
62.183;-1.738088;0.9712432;;
62.185;-1.735668;0.9718324;;
62.186;-1.735148;0.9719589;;
62.187;-1.734759;0.9720536;;
62.188;-1.734759;0.9720536;;
62.215;-1.723274;0.9747556;;
62.217;-1.723274;0.9747556;;
62.219;-1.723274;0.9747556;;
62.22;-1.723274;0.9747556;;
62.221;-1.723274;0.9747556;;
62.221;-1.723274;0.9747556;;
62.25;-1.706029;0.9785444;;
62.251;-1.705966;0.9785582;;
62.252;-1.701986;0.9793849;;
62.253;-1.70087;0.9796167;;
62.255;-1.700498;0.979694;;
62.255;-1.700487;0.9796962;;
62.282;-1.689093;0.9819585;;
62.284;-1.688999;0.9819772;;
62.285;-1.688991;0.9819788;;
62.287;-1.688989;0.9819793;;
62.288;-1.688988;0.9819793;;
62.289;-1.688988;0.9819794;;
62.317;-1.671224;0.9852307;;
62.318;-1.671096;0.9852541;;
62.32;-1.666479;0.9860436;;
62.322;-1.666098;0.9861088;;
62.323;-1.665913;0.9861404;;
62.324;-1.665913;0.9861404;;
62.3407894;;;-0.353027745867784;-0.406660448715284
62.115;-1.773208;0.9619518;;
62.116;-1.772974;0.9620206;;
62.117;-1.772889;0.9620454;;
62.118;-1.768763;0.9632065;;
62.147;-1.757452;0.9662912;;
62.148;-1.757452;0.9662912;;
62.149;-1.757452;0.9662912;;
62.151;-1.757452;0.9662912;;
62.153;-1.757452;0.9662912;;
62.153;-1.757452;0.9662912;;
62.154;-1.757452;0.9662912;;
62.155;-1.757452;0.9662912;;
62.182;-1.738243;0.9712036;;
62.183;-1.738088;0.9712432;;
62.185;-1.735668;0.9718324;;
62.186;-1.735148;0.9719589;;
62.187;-1.734759;0.9720536;;
62.188;-1.734759;0.9720536;;
62.215;-1.723274;0.9747556;;
62.217;-1.723274;0.9747556;;
62.219;-1.723274;0.9747556;;
62.22;-1.723274;0.9747556;;
62.221;-1.723274;0.9747556;;
62.221;-1.723274;0.9747556;;
62.25;-1.706029;0.9785444;;
62.251;-1.705966;0.9785582;;
62.252;-1.701986;0.9793849;;
62.253;-1.70087;0.9796167;;
62.255;-1.700498;0.979694;;
62.255;-1.700487;0.9796962;;
62.282;-1.689093;0.9819585;;
62.284;-1.688999;0.9819772;;
62.285;-1.688991;0.9819788;;
62.287;-1.688989;0.9819793;;
62.288;-1.688988;0.9819793;;
62.289;-1.688988;0.9819794;;
62.317;-1.671224;0.9852307;;
62.318;-1.671096;0.9852541;;
62.32;-1.666479;0.9860436;;
62.322;-1.666098;0.9861088;;
62.323;-1.665913;0.9861404;;
62.324;-1.665913;0.9861404;;
62.352;-1.654342;0.9880175;;
62.353;-1.654342;0.9880175;;
62.355;-1.654342;0.9880175;;
62.357;-1.654342;0.9880175;;
62.358;-1.6504;0.9886218;;
62.359;-1.649225;0.9888019;;
62.386;-1.631415;0.991326;;
62.387;-1.631281;0.9913449;;
62.389;-1.631254;0.9913487;;
62.39;-1.631252;0.9913491;;
62.391;-1.631251;0.9913492;;
62.392;-1.63125;0.9913493;;
62.4189195;;;-0.307778956253113;-0.412566545967066
62.182;-1.738243;0.9712036;;
62.183;-1.738088;0.9712432;;
62.185;-1.735668;0.9718324;;
62.186;-1.735148;0.9719589;;
62.187;-1.734759;0.9720536;;
62.188;-1.734759;0.9720536;;
62.215;-1.723274;0.9747556;;
62.217;-1.723274;0.9747556;;
62.219;-1.723274;0.9747556;;
62.22;-1.723274;0.9747556;;
62.221;-1.723274;0.9747556;;
62.221;-1.723274;0.9747556;;
62.25;-1.706029;0.9785444;;
62.251;-1.705966;0.9785582;;
62.252;-1.701986;0.9793849;;
62.253;-1.70087;0.9796167;;
62.255;-1.700498;0.979694;;
62.255;-1.700487;0.9796962;;
62.282;-1.689093;0.9819585;;
62.284;-1.688999;0.9819772;;
62.285;-1.688991;0.9819788;;
62.287;-1.688989;0.9819793;;
62.288;-1.688988;0.9819793;;
62.289;-1.688988;0.9819794;;
62.317;-1.671224;0.9852307;;
62.318;-1.671096;0.9852541;;
62.32;-1.666479;0.9860436;;
62.322;-1.666098;0.9861088;;
62.323;-1.665913;0.9861404;;
62.324;-1.665913;0.9861404;;
62.352;-1.654342;0.9880175;;
62.353;-1.654342;0.9880175;;
62.355;-1.654342;0.9880175;;
62.357;-1.654342;0.9880175;;
62.358;-1.6504;0.9886218;;
62.359;-1.649225;0.9888019;;
62.386;-1.631415;0.991326;;
62.387;-1.631281;0.9913449;;
62.389;-1.631254;0.9913487;;
62.39;-1.631252;0.9913491;;
62.391;-1.631251;0.9913492;;
62.392;-1.63125;0.9913493;;
62.421;-1.61388;0.9934946;;
62.422;-1.614166;0.9934592;;
62.424;-1.613977;0.9934825;;
62.424;-1.613948;0.9934861;;
62.425;-1.613915;0.9934902;;
62.426;-1.61388;0.9934946;;
62.455;-1.593721;0.9955967;;
62.455;-1.593691;0.9955998;;
62.457;-1.59356;0.9956135;;
62.459;-1.593549;0.9956146;;
62.46;-1.593545;0.9956151;;
62.461;-1.593544;0.9956151;;
62.4862509;;;-0.0226164607825576;-0.403178487748586
62.282;-1.689093;0.9819585;;
62.284;-1.688999;0.9819772;;
62.285;-1.688991;0.9819788;;
62.287;-1.688989;0.9819793;;
62.288;-1.688988;0.9819793;;
62.289;-1.688988;0.9819794;;
62.317;-1.671224;0.9852307;;
62.318;-1.671096;0.9852541;;
62.32;-1.666479;0.9860436;;
62.322;-1.666098;0.9861088;;
62.323;-1.665913;0.9861404;;
62.324;-1.665913;0.9861404;;
62.352;-1.654342;0.9880175;;
62.353;-1.654342;0.9880175;;
62.355;-1.654342;0.9880175;;
62.357;-1.654342;0.9880175;;
62.358;-1.6504;0.9886218;;
62.359;-1.649225;0.9888019;;
62.386;-1.631415;0.991326;;
62.387;-1.631281;0.9913449;;
62.389;-1.631254;0.9913487;;
62.39;-1.631252;0.9913491;;
62.391;-1.631251;0.9913492;;
62.392;-1.63125;0.9913493;;
62.421;-1.61388;0.9934946;;
62.422;-1.614166;0.9934592;;
62.424;-1.613977;0.9934825;;
62.424;-1.613948;0.9934861;;
62.425;-1.613915;0.9934902;;
62.426;-1.61388;0.9934946;;
62.455;-1.593721;0.9955967;;
62.455;-1.593691;0.9955998;;
62.457;-1.59356;0.9956135;;
62.459;-1.593549;0.9956146;;
62.46;-1.593545;0.9956151;;
62.461;-1.593544;0.9956151;;
62.494;-1.579096;0.9968662;;
62.495;-1.579094;0.9968663;;
62.495;-1.579093;0.9968665;;
62.496;-1.578986;0.9968757;;
62.497;-1.578986;0.9968757;;
62.497;-1.579086;0.996867;;
62.523;-1.560848;0.9981448;;
62.524;-1.560742;0.998153;;
62.525;-1.560724;0.9981544;;
62.526;-1.56072;0.9981548;;
62.528;-1.560717;0.9981549;;
62.529;-1.560716;0.9981551;;
62.558;-1.549919;0.9987528;;
62.559;-1.549842;0.998757;;
62.561;-1.549826;0.9987579;;
62.562;-1.549824;0.998758;;
62.563;-1.549824;0.998758;;
62.563;-1.549824;0.998758;;
62.5678165;;;-0.131375396643976;-0.407544040410741
62.352;-1.654342;0.9880175;;
62.353;-1.654342;0.9880175;;
62.355;-1.654342;0.9880175;;
62.357;-1.654342;0.9880175;;
62.358;-1.6504;0.9886218;;
62.359;-1.649225;0.9888019;;
62.386;-1.631415;0.991326;;
62.387;-1.631281;0.9913449;;
62.389;-1.631254;0.9913487;;
62.39;-1.631252;0.9913491;;
62.391;-1.631251;0.9913492;;
62.392;-1.63125;0.9913493;;
62.421;-1.61388;0.9934946;;
62.422;-1.614166;0.9934592;;
62.424;-1.613977;0.9934825;;
62.424;-1.613948;0.9934861;;
62.425;-1.613915;0.9934902;;
62.426;-1.61388;0.9934946;;
62.455;-1.593721;0.9955967;;
62.455;-1.593691;0.9955998;;
62.457;-1.59356;0.9956135;;
62.459;-1.593549;0.9956146;;
62.46;-1.593545;0.9956151;;
62.461;-1.593544;0.9956151;;
62.494;-1.579096;0.9968662;;
62.495;-1.579094;0.9968663;;
62.495;-1.579093;0.9968665;;
62.496;-1.578986;0.9968757;;
62.497;-1.578986;0.9968757;;
62.497;-1.579086;0.996867;;
62.523;-1.560848;0.9981448;;
62.524;-1.560742;0.998153;;
62.525;-1.560724;0.9981544;;
62.526;-1.56072;0.9981548;;
62.528;-1.560717;0.9981549;;
62.529;-1.560716;0.9981551;;
62.558;-1.549919;0.9987528;;
62.559;-1.549842;0.998757;;
62.561;-1.549826;0.9987579;;
62.562;-1.549824;0.998758;;
62.563;-1.549824;0.998758;;
62.563;-1.549824;0.998758;;
62.593;-1.53043;0.9995369;;
62.593;-1.53043;0.9995369;;
62.594;-1.53043;0.9995369;;
62.596;-1.53043;0.9995369;;
62.599;-1.53043;0.9995369;;
62.599;-1.53043;0.9995369;;
62.626;-1.518952;0.9998198;;
62.627;-1.518874;0.9998217;;
62.628;-1.51885;0.9998223;;
62.63;-1.518846;0.9998224;;
62.63;-1.518846;0.9998224;;
62.6319179;;;0.277513432527049;-0.395528666998426
62.421;-1.61388;0.9934946;;
62.422;-1.614166;0.9934592;;
62.424;-1.613977;0.9934825;;
62.424;-1.613948;0.9934861;;
62.425;-1.613915;0.9934902;;
62.426;-1.61388;0.9934946;;
62.455;-1.593721;0.9955967;;
62.455;-1.593691;0.9955998;;
62.457;-1.59356;0.9956135;;
62.459;-1.593549;0.9956146;;
62.46;-1.593545;0.9956151;;
62.461;-1.593544;0.9956151;;
62.494;-1.579096;0.9968662;;
62.495;-1.579094;0.9968663;;
62.495;-1.579093;0.9968665;;
62.496;-1.578986;0.9968757;;
62.497;-1.578986;0.9968757;;
62.497;-1.579086;0.996867;;
62.523;-1.560848;0.9981448;;
62.524;-1.560742;0.998153;;
62.525;-1.560724;0.9981544;;
62.526;-1.56072;0.9981548;;
62.528;-1.560717;0.9981549;;
62.529;-1.560716;0.9981551;;
62.558;-1.549919;0.9987528;;
62.559;-1.549842;0.998757;;
62.561;-1.549826;0.9987579;;
62.562;-1.549824;0.998758;;
62.563;-1.549824;0.998758;;
62.563;-1.549824;0.998758;;
62.593;-1.53043;0.9995369;;
62.593;-1.53043;0.9995369;;
62.594;-1.53043;0.9995369;;
62.596;-1.53043;0.9995369;;
62.599;-1.53043;0.9995369;;
62.599;-1.53043;0.9995369;;
62.626;-1.518952;0.9998198;;
62.627;-1.518874;0.9998217;;
62.628;-1.51885;0.9998223;;
62.63;-1.518846;0.9998224;;
62.63;-1.518846;0.9998224;;
62.632;-1.508227;0.9999596;;
62.633;-1.506998;0.9999755;;
62.66;-1.487403;0.9999207;;
62.662;-1.487403;0.9999207;;
62.664;-1.487403;0.9999207;;
62.666;-1.485247;0.9998912;;
62.666;-1.485247;0.9998912;;
62.693;-1.473655;0.9996529;;
62.694;-1.473655;0.9996529;;
62.696;-1.473655;0.9996529;;
62.698;-1.473655;0.9996529;;
62.6989917;;;0.679169143779498;-0.368789657468092
62.494;-1.579096;0.9968662;;
62.495;-1.579094;0.9968663;;
62.495;-1.579093;0.9968665;;
62.496;-1.578986;0.9968757;;
62.497;-1.578986;0.9968757;;
62.497;-1.579086;0.996867;;
62.523;-1.560848;0.9981448;;
62.524;-1.560742;0.998153;;
62.525;-1.560724;0.9981544;;
62.526;-1.56072;0.9981548;;
62.528;-1.560717;0.9981549;;
62.529;-1.560716;0.9981551;;
62.558;-1.549919;0.9987528;;
62.559;-1.549842;0.998757;;
62.561;-1.549826;0.9987579;;
62.562;-1.549824;0.998758;;
62.563;-1.549824;0.998758;;
62.563;-1.549824;0.998758;;
62.593;-1.53043;0.9995369;;
62.593;-1.53043;0.9995369;;
62.594;-1.53043;0.9995369;;
62.596;-1.53043;0.9995369;;
62.599;-1.53043;0.9995369;;
62.599;-1.53043;0.9995369;;
62.626;-1.518952;0.9998198;;
62.627;-1.518874;0.9998217;;
62.628;-1.51885;0.9998223;;
62.63;-1.518846;0.9998224;;
62.63;-1.518846;0.9998224;;
62.632;-1.508227;0.9999596;;
62.633;-1.506998;0.9999755;;
62.66;-1.487403;0.9999207;;
62.662;-1.487403;0.9999207;;
62.664;-1.487403;0.9999207;;
62.666;-1.485247;0.9998912;;
62.666;-1.485247;0.9998912;;
62.693;-1.473655;0.9996529;;
62.694;-1.473655;0.9996529;;
62.696;-1.473655;0.9996529;;
62.698;-1.473655;0.9996529;;
62.699;-1.4689;0.999514;;
62.7;-1.468659;0.999507;;
62.7;-1.467942;0.999486;;
62.701;-1.467942;0.999486;;
62.727;-1.45252;0.9988702;;
62.73;-1.452351;0.9988639;;
62.731;-1.451077;0.9988017;;
62.732;-1.450462;0.9987716;;
62.76;-1.438982;0.9981343;;
62.762;-1.438648;0.9981157;;
62.764;-1.438588;0.9981124;;
62.7663338;;;0.433173113416031;-0.350538550650667
62.558;-1.549919;0.9987528;;
62.559;-1.549842;0.998757;;
62.561;-1.549826;0.9987579;;
62.562;-1.549824;0.998758;;
62.563;-1.549824;0.998758;;
62.563;-1.549824;0.998758;;
62.593;-1.53043;0.9995369;;
62.593;-1.53043;0.9995369;;
62.594;-1.53043;0.9995369;;
62.596;-1.53043;0.9995369;;
62.599;-1.53043;0.9995369;;
62.599;-1.53043;0.9995369;;
62.626;-1.518952;0.9998198;;
62.627;-1.518874;0.9998217;;
62.628;-1.51885;0.9998223;;
62.63;-1.518846;0.9998224;;
62.63;-1.518846;0.9998224;;
62.632;-1.508227;0.9999596;;
62.633;-1.506998;0.9999755;;
62.66;-1.487403;0.9999207;;
62.662;-1.487403;0.9999207;;
62.664;-1.487403;0.9999207;;
62.666;-1.485247;0.9998912;;
62.666;-1.485247;0.9998912;;
62.693;-1.473655;0.9996529;;
62.694;-1.473655;0.9996529;;
62.696;-1.473655;0.9996529;;
62.698;-1.473655;0.9996529;;
62.699;-1.4689;0.999514;;
62.7;-1.468659;0.999507;;
62.7;-1.467942;0.999486;;
62.701;-1.467942;0.999486;;
62.727;-1.45252;0.9988702;;
62.73;-1.452351;0.9988639;;
62.731;-1.451077;0.9988017;;
62.732;-1.450462;0.9987716;;
62.76;-1.438982;0.9981343;;
62.762;-1.438648;0.9981157;;
62.764;-1.438588;0.9981124;;
62.767;-1.433729;0.9977995;;
62.767;-1.433616;0.9977923;;
62.769;-1.433163;0.9977631;;
62.769;-1.432867;0.997744;;
62.77;-1.432867;0.997744;;
62.794;-1.416416;0.9965007;;
62.795;-1.416416;0.9965007;;
62.798;-1.416416;0.9965007;;
62.8;-1.41489;0.996371;;
62.801;-1.414311;0.9963218;;
62.828;-1.403826;0.9953641;;
62.829;-1.403746;0.9953568;;
62.831;-1.403731;0.9953554;;
62.8329572;;;-0.213985839822191;-0.344473449172293
62.593;-1.53043;0.9995369;;
62.593;-1.53043;0.9995369;;
62.594;-1.53043;0.9995369;;
62.596;-1.53043;0.9995369;;
62.599;-1.53043;0.9995369;;
62.599;-1.53043;0.9995369;;
62.626;-1.518952;0.9998198;;
62.627;-1.518874;0.9998217;;
62.628;-1.51885;0.9998223;;
62.63;-1.518846;0.9998224;;
62.63;-1.518846;0.9998224;;
62.632;-1.508227;0.9999596;;
62.633;-1.506998;0.9999755;;
62.66;-1.487403;0.9999207;;
62.662;-1.487403;0.9999207;;
62.664;-1.487403;0.9999207;;
62.666;-1.485247;0.9998912;;
62.666;-1.485247;0.9998912;;
62.693;-1.473655;0.9996529;;
62.694;-1.473655;0.9996529;;
62.696;-1.473655;0.9996529;;
62.698;-1.473655;0.9996529;;
62.699;-1.4689;0.999514;;
62.7;-1.468659;0.999507;;
62.7;-1.467942;0.999486;;
62.701;-1.467942;0.999486;;
62.727;-1.45252;0.9988702;;
62.73;-1.452351;0.9988639;;
62.731;-1.451077;0.9988017;;
62.732;-1.450462;0.9987716;;
62.76;-1.438982;0.9981343;;
62.762;-1.438648;0.9981157;;
62.764;-1.438588;0.9981124;;
62.767;-1.433729;0.9977995;;
62.767;-1.433616;0.9977923;;
62.769;-1.433163;0.9977631;;
62.769;-1.432867;0.997744;;
62.77;-1.432867;0.997744;;
62.794;-1.416416;0.9965007;;
62.795;-1.416416;0.9965007;;
62.798;-1.416416;0.9965007;;
62.8;-1.41489;0.996371;;
62.801;-1.414311;0.9963218;;
62.828;-1.403826;0.9953641;;
62.829;-1.403746;0.9953568;;
62.831;-1.403731;0.9953554;;
62.833;-1.399669;0.9949504;;
62.834;-1.39915;0.9948987;;
62.861;-1.392135;0.9941639;;
62.863;-1.391847;0.9941343;;
62.864;-1.391847;0.9941343;;
62.865;-1.391847;0.9941343;;
62.867;-1.380582;0.9928283;;
62.869;-1.378499;0.9925868;;
62.8916154;;;-0.256562252743449;-0.317021140756252
62.66;-1.487403;0.9999207;;
62.662;-1.487403;0.9999207;;
62.664;-1.487403;0.9999207;;
62.666;-1.485247;0.9998912;;
62.666;-1.485247;0.9998912;;
62.693;-1.473655;0.9996529;;
62.694;-1.473655;0.9996529;;
62.696;-1.473655;0.9996529;;
62.698;-1.473655;0.9996529;;
62.699;-1.4689;0.999514;;
62.7;-1.468659;0.999507;;
62.7;-1.467942;0.999486;;
62.701;-1.467942;0.999486;;
62.727;-1.45252;0.9988702;;
62.73;-1.452351;0.9988639;;
62.731;-1.451077;0.9988017;;
62.732;-1.450462;0.9987716;;
62.76;-1.438982;0.9981343;;
62.762;-1.438648;0.9981157;;
62.764;-1.438588;0.9981124;;
62.767;-1.433729;0.9977995;;
62.767;-1.433616;0.9977923;;
62.769;-1.433163;0.9977631;;
62.769;-1.432867;0.997744;;
62.77;-1.432867;0.997744;;
62.794;-1.416416;0.9965007;;
62.795;-1.416416;0.9965007;;
62.798;-1.416416;0.9965007;;
62.8;-1.41489;0.996371;;
62.801;-1.414311;0.9963218;;
62.828;-1.403826;0.9953641;;
62.829;-1.403746;0.9953568;;
62.831;-1.403731;0.9953554;;
62.833;-1.399669;0.9949504;;
62.834;-1.39915;0.9948987;;
62.861;-1.392135;0.9941639;;
62.863;-1.391847;0.9941343;;
62.864;-1.391847;0.9941343;;
62.865;-1.391847;0.9941343;;
62.867;-1.380582;0.9928283;;
62.869;-1.378499;0.9925868;;
62.896;-1.368916;0.9913703;;
62.898;-1.368795;0.991355;;
62.9;-1.368757;0.9913501;;
62.902;-1.368741;0.9913481;;
62.902;-1.36874;0.9913479;;
62.929;-1.361326;0.9903379;;
62.93;-1.361269;0.99033;;
62.932;-1.361261;0.990329;;
62.934;-1.361259;0.9903288;;
62.935;-1.361259;0.9903287;;
62.936;-1.361259;0.9903287;;
62.958996;;;-0.800198206058983;-0.310465203285836
62.76;-1.438982;0.9981343;;
62.762;-1.438648;0.9981157;;
62.764;-1.438588;0.9981124;;
62.767;-1.433729;0.9977995;;
62.767;-1.433616;0.9977923;;
62.769;-1.433163;0.9977631;;
62.769;-1.432867;0.997744;;
62.77;-1.432867;0.997744;;
62.794;-1.416416;0.9965007;;
62.795;-1.416416;0.9965007;;
62.798;-1.416416;0.9965007;;
62.8;-1.41489;0.996371;;
62.801;-1.414311;0.9963218;;
62.828;-1.403826;0.9953641;;
62.829;-1.403746;0.9953568;;
62.831;-1.403731;0.9953554;;
62.833;-1.399669;0.9949504;;
62.834;-1.39915;0.9948987;;
62.861;-1.392135;0.9941639;;
62.863;-1.391847;0.9941343;;
62.864;-1.391847;0.9941343;;
62.865;-1.391847;0.9941343;;
62.867;-1.380582;0.9928283;;
62.869;-1.378499;0.9925868;;
62.896;-1.368916;0.9913703;;
62.898;-1.368795;0.991355;;
62.9;-1.368757;0.9913501;;
62.902;-1.368741;0.9913481;;
62.902;-1.36874;0.9913479;;
62.929;-1.361326;0.9903379;;
62.93;-1.361269;0.99033;;
62.932;-1.361261;0.990329;;
62.934;-1.361259;0.9903288;;
62.935;-1.361259;0.9903287;;
62.936;-1.361259;0.9903287;;
62.964;-1.338192;0.9868197;;
62.965;-1.338035;0.9867959;;
62.966;-1.338009;0.9867919;;
62.968;-1.33799;0.986789;;
62.969;-1.337986;0.9867884;;
62.97;-1.337984;0.9867882;;
62.972;-1.337983;0.986788;;
62.998;-1.316502;0.9830201;;
62.999;-1.316502;0.9830201;;
63.001;-1.313122;0.9823796;;
63.004;-1.311557;0.9820831;;
63.005;-1.311355;0.9820448;;
63.005;-1.311323;0.9820387;;
63.006;-1.311145;0.9820049;;
63.032;-1.299706;0.9797345;;
63.033944;;;-0.831469387559197;-0.304736443294491
62.801;-1.414311;0.9963218;;
62.828;-1.403826;0.9953641;;
62.829;-1.403746;0.9953568;;
62.831;-1.403731;0.9953554;;
62.833;-1.399669;0.9949504;;
62.834;-1.39915;0.9948987;;
62.861;-1.392135;0.9941639;;
62.863;-1.391847;0.9941343;;
62.864;-1.391847;0.9941343;;
62.865;-1.391847;0.9941343;;
62.867;-1.380582;0.9928283;;
62.869;-1.378499;0.9925868;;
62.896;-1.368916;0.9913703;;
62.898;-1.368795;0.991355;;
62.9;-1.368757;0.9913501;;
62.902;-1.368741;0.9913481;;
62.902;-1.36874;0.9913479;;
62.929;-1.361326;0.9903379;;
62.93;-1.361269;0.99033;;
62.932;-1.361261;0.990329;;
62.934;-1.361259;0.9903288;;
62.935;-1.361259;0.9903287;;
62.936;-1.361259;0.9903287;;
62.964;-1.338192;0.9868197;;
62.965;-1.338035;0.9867959;;
62.966;-1.338009;0.9867919;;
62.968;-1.33799;0.986789;;
62.969;-1.337986;0.9867884;;
62.97;-1.337984;0.9867882;;
62.972;-1.337983;0.986788;;
62.998;-1.316502;0.9830201;;
62.999;-1.316502;0.9830201;;
63.001;-1.313122;0.9823796;;
63.004;-1.311557;0.9820831;;
63.005;-1.311355;0.9820448;;
63.005;-1.311323;0.9820387;;
63.006;-1.311145;0.9820049;;
63.032;-1.299706;0.9797345;;
63.035;-1.294528;0.9786608;;
63.037;-1.294696;0.9786956;;
63.038;-1.294247;0.9786024;;
63.04;-1.293835;0.9785171;;
63.04;-1.293808;0.9785114;;
63.066;-1.278083;0.9750642;;
63.067;-1.275956;0.9745784;;
63.068;-1.275608;0.9744989;;
63.07;-1.275547;0.9744849;;
63.1;-1.265344;0.9720779;;
63.1006216;;;-0.48869263427801;-0.289067482410295
62.861;-1.392135;0.9941639;;
62.863;-1.391847;0.9941343;;
62.864;-1.391847;0.9941343;;
62.865;-1.391847;0.9941343;;
62.867;-1.380582;0.9928283;;
62.869;-1.378499;0.9925868;;
62.896;-1.368916;0.9913703;;
62.898;-1.368795;0.991355;;
62.9;-1.368757;0.9913501;;
62.902;-1.368741;0.9913481;;
62.902;-1.36874;0.9913479;;
62.929;-1.361326;0.9903379;;
62.93;-1.361269;0.99033;;
62.932;-1.361261;0.990329;;
62.934;-1.361259;0.9903288;;
62.935;-1.361259;0.9903287;;
62.936;-1.361259;0.9903287;;
62.964;-1.338192;0.9868197;;
62.965;-1.338035;0.9867959;;
62.966;-1.338009;0.9867919;;
62.968;-1.33799;0.986789;;
62.969;-1.337986;0.9867884;;
62.97;-1.337984;0.9867882;;
62.972;-1.337983;0.986788;;
62.998;-1.316502;0.9830201;;
62.999;-1.316502;0.9830201;;
63.001;-1.313122;0.9823796;;
63.004;-1.311557;0.9820831;;
63.005;-1.311355;0.9820448;;
63.005;-1.311323;0.9820387;;
63.006;-1.311145;0.9820049;;
63.032;-1.299706;0.9797345;;
63.035;-1.294528;0.9786608;;
63.037;-1.294696;0.9786956;;
63.038;-1.294247;0.9786024;;
63.04;-1.293835;0.9785171;;
63.04;-1.293808;0.9785114;;
63.066;-1.278083;0.9750642;;
63.067;-1.275956;0.9745784;;
63.068;-1.275608;0.9744989;;
63.07;-1.275547;0.9744849;;
63.1;-1.265344;0.9720779;;
63.101;-1.260404;0.9708703;;
63.103;-1.261083;0.9710363;;
63.105;-1.260048;0.970783;;
63.106;-1.259762;0.9707131;;
63.108;-1.259503;0.9706499;;
63.109;-1.259503;0.9706499;;
63.135;-1.242071;0.9661639;;
63.137;-1.242071;0.9661639;;
63.138;-1.242071;0.9661639;;
63.139;-1.242071;0.9661639;;
63.14;-1.242071;0.9661639;;
63.14;-1.242071;0.9661639;;
63.1676473;;;-0.206547844623989;-0.284511711137008
62.929;-1.361326;0.9903379;;
62.93;-1.361269;0.99033;;
62.932;-1.361261;0.990329;;
62.934;-1.361259;0.9903288;;
62.935;-1.361259;0.9903287;;
62.936;-1.361259;0.9903287;;
62.964;-1.338192;0.9868197;;
62.965;-1.338035;0.9867959;;
62.966;-1.338009;0.9867919;;
62.968;-1.33799;0.986789;;
62.969;-1.337986;0.9867884;;
62.97;-1.337984;0.9867882;;
62.972;-1.337983;0.986788;;
62.998;-1.316502;0.9830201;;
62.999;-1.316502;0.9830201;;
63.001;-1.313122;0.9823796;;
63.004;-1.311557;0.9820831;;
63.005;-1.311355;0.9820448;;
63.005;-1.311323;0.9820387;;
63.006;-1.311145;0.9820049;;
63.032;-1.299706;0.9797345;;
63.035;-1.294528;0.9786608;;
63.037;-1.294696;0.9786956;;
63.038;-1.294247;0.9786024;;
63.04;-1.293835;0.9785171;;
63.04;-1.293808;0.9785114;;
63.066;-1.278083;0.9750642;;
63.067;-1.275956;0.9745784;;
63.068;-1.275608;0.9744989;;
63.07;-1.275547;0.9744849;;
63.1;-1.265344;0.9720779;;
63.101;-1.260404;0.9708703;;
63.103;-1.261083;0.9710363;;
63.105;-1.260048;0.970783;;
63.106;-1.259762;0.9707131;;
63.108;-1.259503;0.9706499;;
63.109;-1.259503;0.9706499;;
63.135;-1.242071;0.9661639;;
63.137;-1.242071;0.9661639;;
63.138;-1.242071;0.9661639;;
63.139;-1.242071;0.9661639;;
63.14;-1.242071;0.9661639;;
63.14;-1.242071;0.9661639;;
63.168;-1.225802;0.9616719;;
63.169;-1.225797;0.9616706;;
63.171;-1.226048;0.9617399;;
63.173;-1.225764;0.9616615;;
63.174;-1.225658;0.9616323;;
63.175;-1.225658;0.9616323;;
63.202;-1.20773;0.9563326;;
63.205;-1.207451;0.95625;;
63.207;-1.207417;0.9562401;;
63.208;-1.20741;0.956238;;
63.209;-1.207404;0.9562362;;
63.209;-1.207403;0.956236;;
63.2349127;;;0.420592088863954;-0.262669426640192
63.032;-1.299706;0.9797345;;
63.035;-1.294528;0.9786608;;
63.037;-1.294696;0.9786956;;
63.038;-1.294247;0.9786024;;
63.04;-1.293835;0.9785171;;
63.04;-1.293808;0.9785114;;
63.066;-1.278083;0.9750642;;
63.067;-1.275956;0.9745784;;
63.068;-1.275608;0.9744989;;
63.07;-1.275547;0.9744849;;
63.1;-1.265344;0.9720779;;
63.101;-1.260404;0.9708703;;
63.103;-1.261083;0.9710363;;
63.105;-1.260048;0.970783;;
63.106;-1.259762;0.9707131;;
63.108;-1.259503;0.9706499;;
63.109;-1.259503;0.9706499;;
63.135;-1.242071;0.9661639;;
63.137;-1.242071;0.9661639;;
63.138;-1.242071;0.9661639;;
63.139;-1.242071;0.9661639;;
63.14;-1.242071;0.9661639;;
63.14;-1.242071;0.9661639;;
63.168;-1.225802;0.9616719;;
63.169;-1.225797;0.9616706;;
63.171;-1.226048;0.9617399;;
63.173;-1.225764;0.9616615;;
63.174;-1.225658;0.9616323;;
63.175;-1.225658;0.9616323;;
63.202;-1.20773;0.9563326;;
63.205;-1.207451;0.95625;;
63.207;-1.207417;0.9562401;;
63.208;-1.20741;0.956238;;
63.209;-1.207404;0.9562362;;
63.209;-1.207403;0.956236;;
63.243;-1.192286;0.9514781;;
63.244;-1.192283;0.9514771;;
63.245;-1.192282;0.9514766;;
63.245;-1.19228;0.9514761;;
63.246;-1.192175;0.9514431;;
63.247;-1.192175;0.9514431;;
63.27;-1.174384;0.9454979;;
63.272;-1.174082;0.9453971;;
63.273;-1.174035;0.9453816;;
63.274;-1.174016;0.9453751;;
63.275;-1.174009;0.9453729;;
63.276;-1.174002;0.9453706;;
63.304;-1.164746;0.9421263;;
63.305;-1.164596;0.9420739;;
63.307;-1.164534;0.9420523;;
63.307;-1.164525;0.9420491;;
63.309;-1.164502;0.9420409;;
63.309;-1.164502;0.9420409;;
63.3158371;;;-0.0665166280973115;-0.261158408285343
63.1;-1.265344;0.9720779;;
63.101;-1.260404;0.9708703;;
63.103;-1.261083;0.9710363;;
63.105;-1.260048;0.970783;;
63.106;-1.259762;0.9707131;;
63.108;-1.259503;0.9706499;;
63.109;-1.259503;0.9706499;;
63.135;-1.242071;0.9661639;;
63.137;-1.242071;0.9661639;;
63.138;-1.242071;0.9661639;;
63.139;-1.242071;0.9661639;;
63.14;-1.242071;0.9661639;;
63.14;-1.242071;0.9661639;;
63.168;-1.225802;0.9616719;;
63.169;-1.225797;0.9616706;;
63.171;-1.226048;0.9617399;;
63.173;-1.225764;0.9616615;;
63.174;-1.225658;0.9616323;;
63.175;-1.225658;0.9616323;;
63.202;-1.20773;0.9563326;;
63.205;-1.207451;0.95625;;
63.207;-1.207417;0.9562401;;
63.208;-1.20741;0.956238;;
63.209;-1.207404;0.9562362;;
63.209;-1.207403;0.956236;;
63.243;-1.192286;0.9514781;;
63.244;-1.192283;0.9514771;;
63.245;-1.192282;0.9514766;;
63.245;-1.19228;0.9514761;;
63.246;-1.192175;0.9514431;;
63.247;-1.192175;0.9514431;;
63.27;-1.174384;0.9454979;;
63.272;-1.174082;0.9453971;;
63.273;-1.174035;0.9453816;;
63.274;-1.174016;0.9453751;;
63.275;-1.174009;0.9453729;;
63.276;-1.174002;0.9453706;;
63.304;-1.164746;0.9421263;;
63.305;-1.164596;0.9420739;;
63.307;-1.164534;0.9420523;;
63.307;-1.164525;0.9420491;;
63.309;-1.164502;0.9420409;;
63.309;-1.164502;0.9420409;;
63.339;-1.146698;0.9355079;;
63.34;-1.146577;0.9354632;;
63.343;-1.146553;0.9354544;;
63.345;-1.146551;0.9354537;;
63.346;-1.14655;0.9354536;;
63.371;-1.135478;0.9311934;;
63.373;-1.135304;0.9311264;;
63.375;-1.135273;0.9311146;;
63.375;-1.13527;0.9311133;;
63.377;-1.13526;0.9311095;;
63.378;-1.13526;0.9311095;;
63.3907925;;;0.170785236275341;-0.24088761520703
63.168;-1.225802;0.9616719;;
63.169;-1.225797;0.9616706;;
63.171;-1.226048;0.9617399;;
63.173;-1.225764;0.9616615;;
63.174;-1.225658;0.9616323;;
63.175;-1.225658;0.9616323;;
63.202;-1.20773;0.9563326;;
63.205;-1.207451;0.95625;;
63.207;-1.207417;0.9562401;;
63.208;-1.20741;0.956238;;
63.209;-1.207404;0.9562362;;
63.209;-1.207403;0.956236;;
63.243;-1.192286;0.9514781;;
63.244;-1.192283;0.9514771;;
63.245;-1.192282;0.9514766;;
63.245;-1.19228;0.9514761;;
63.246;-1.192175;0.9514431;;
63.247;-1.192175;0.9514431;;
63.27;-1.174384;0.9454979;;
63.272;-1.174082;0.9453971;;
63.273;-1.174035;0.9453816;;
63.274;-1.174016;0.9453751;;
63.275;-1.174009;0.9453729;;
63.276;-1.174002;0.9453706;;
63.304;-1.164746;0.9421263;;
63.305;-1.164596;0.9420739;;
63.307;-1.164534;0.9420523;;
63.307;-1.164525;0.9420491;;
63.309;-1.164502;0.9420409;;
63.309;-1.164502;0.9420409;;
63.339;-1.146698;0.9355079;;
63.34;-1.146577;0.9354632;;
63.343;-1.146553;0.9354544;;
63.345;-1.146551;0.9354537;;
63.346;-1.14655;0.9354536;;
63.371;-1.135478;0.9311934;;
63.373;-1.135304;0.9311264;;
63.375;-1.135273;0.9311146;;
63.375;-1.13527;0.9311133;;
63.377;-1.13526;0.9311095;;
63.378;-1.13526;0.9311095;;
63.406;-1.115649;0.9231847;;
63.407;-1.115506;0.9231272;;
63.408;-1.115483;0.9231179;;
63.41;-1.111776;0.9215608;;
63.412;-1.11049;0.9210209;;
63.44;-1.094163;0.913944;;
63.442;-1.094033;0.9138876;;
63.445;-1.094019;0.9138816;;
63.446;-1.094018;0.9138812;;
63.446;-1.094018;0.9138811;;
63.447;-1.088666;0.9114848;;
63.4693117;;;0.478633271331214;-0.20135608315381
63.243;-1.192286;0.9514781;;
63.244;-1.192283;0.9514771;;
63.245;-1.192282;0.9514766;;
63.245;-1.19228;0.9514761;;
63.246;-1.192175;0.9514431;;
63.247;-1.192175;0.9514431;;
63.27;-1.174384;0.9454979;;
63.272;-1.174082;0.9453971;;
63.273;-1.174035;0.9453816;;
63.274;-1.174016;0.9453751;;
63.275;-1.174009;0.9453729;;
63.276;-1.174002;0.9453706;;
63.304;-1.164746;0.9421263;;
63.305;-1.164596;0.9420739;;
63.307;-1.164534;0.9420523;;
63.307;-1.164525;0.9420491;;
63.309;-1.164502;0.9420409;;
63.309;-1.164502;0.9420409;;
63.339;-1.146698;0.9355079;;
63.34;-1.146577;0.9354632;;
63.343;-1.146553;0.9354544;;
63.345;-1.146551;0.9354537;;
63.346;-1.14655;0.9354536;;
63.371;-1.135478;0.9311934;;
63.373;-1.135304;0.9311264;;
63.375;-1.135273;0.9311146;;
63.375;-1.13527;0.9311133;;
63.377;-1.13526;0.9311095;;
63.378;-1.13526;0.9311095;;
63.406;-1.115649;0.9231847;;
63.407;-1.115506;0.9231272;;
63.408;-1.115483;0.9231179;;
63.41;-1.111776;0.9215608;;
63.412;-1.11049;0.9210209;;
63.44;-1.094163;0.913944;;
63.442;-1.094033;0.9138876;;
63.445;-1.094019;0.9138816;;
63.446;-1.094018;0.9138812;;
63.446;-1.094018;0.9138811;;
63.447;-1.088666;0.9114848;;
63.473;-1.078189;0.906682;;
63.474;-1.078015;0.9066022;;
63.476;-1.077927;0.9065618;;
63.479;-1.077902;0.9065503;;
63.48;-1.077897;0.906548;;
63.48;-1.077897;0.9065478;;
63.508;-1.062357;0.8991474;;
63.509;-1.062267;0.8991045;;
63.51;-1.06223;0.8990867;;
63.511;-1.06222;0.8990819;;
63.513;-1.062217;0.8990805;;
63.513;-1.062215;0.8990797;;
63.5358441;;;0.238075222940987;-0.17476182165506
63.339;-1.146698;0.9355079;;
63.34;-1.146577;0.9354632;;
63.343;-1.146553;0.9354544;;
63.345;-1.146551;0.9354537;;
63.346;-1.14655;0.9354536;;
63.371;-1.135478;0.9311934;;
63.373;-1.135304;0.9311264;;
63.375;-1.135273;0.9311146;;
63.375;-1.13527;0.9311133;;
63.377;-1.13526;0.9311095;;
63.378;-1.13526;0.9311095;;
63.406;-1.115649;0.9231847;;
63.407;-1.115506;0.9231272;;
63.408;-1.115483;0.9231179;;
63.41;-1.111776;0.9215608;;
63.412;-1.11049;0.9210209;;
63.44;-1.094163;0.913944;;
63.442;-1.094033;0.9138876;;
63.445;-1.094019;0.9138816;;
63.446;-1.094018;0.9138812;;
63.446;-1.094018;0.9138811;;
63.447;-1.088666;0.9114848;;
63.473;-1.078189;0.906682;;
63.474;-1.078015;0.9066022;;
63.476;-1.077927;0.9065618;;
63.479;-1.077902;0.9065503;;
63.48;-1.077897;0.906548;;
63.48;-1.077897;0.9065478;;
63.508;-1.062357;0.8991474;;
63.509;-1.062267;0.8991045;;
63.51;-1.06223;0.8990867;;
63.511;-1.06222;0.8990819;;
63.513;-1.062217;0.8990805;;
63.513;-1.062215;0.8990797;;
63.542;-1.046632;0.8913218;;
63.543;-1.046535;0.8912735;;
63.544;-1.046502;0.8912573;;
63.545;-1.046496;0.8912544;;
63.546;-1.046495;0.8912539;;
63.546;-1.046495;0.8912538;;
63.576;-1.031064;0.8832294;;
63.578;-1.030863;0.8831249;;
63.58;-1.030819;0.8831018;;
63.582;-1.026364;0.8807184;;
63.582;-1.025681;0.8803528;;
63.582;-1.025681;0.8803528;;
63.61;-1.015469;0.8747736;;
63.611;-1.015395;0.8747329;;
63.614;-1.01538;0.8747246;;
63.6143904;;;0.079060185619465;-0.168608089792081
63.406;-1.115649;0.9231847;;
63.407;-1.115506;0.9231272;;
63.408;-1.115483;0.9231179;;
63.41;-1.111776;0.9215608;;
63.412;-1.11049;0.9210209;;
63.44;-1.094163;0.913944;;
63.442;-1.094033;0.9138876;;
63.445;-1.094019;0.9138816;;
63.446;-1.094018;0.9138812;;
63.446;-1.094018;0.9138811;;
63.447;-1.088666;0.9114848;;
63.473;-1.078189;0.906682;;
63.474;-1.078015;0.9066022;;
63.476;-1.077927;0.9065618;;
63.479;-1.077902;0.9065503;;
63.48;-1.077897;0.906548;;
63.48;-1.077897;0.9065478;;
63.508;-1.062357;0.8991474;;
63.509;-1.062267;0.8991045;;
63.51;-1.06223;0.8990867;;
63.511;-1.06222;0.8990819;;
63.513;-1.062217;0.8990805;;
63.513;-1.062215;0.8990797;;
63.542;-1.046632;0.8913218;;
63.543;-1.046535;0.8912735;;
63.544;-1.046502;0.8912573;;
63.545;-1.046496;0.8912544;;
63.546;-1.046495;0.8912539;;
63.546;-1.046495;0.8912538;;
63.576;-1.031064;0.8832294;;
63.578;-1.030863;0.8831249;;
63.58;-1.030819;0.8831018;;
63.582;-1.026364;0.8807184;;
63.582;-1.025681;0.8803528;;
63.582;-1.025681;0.8803528;;
63.61;-1.015469;0.8747736;;
63.611;-1.015395;0.8747329;;
63.614;-1.01538;0.8747246;;
63.615;-1.012401;0.8730627;;
63.623;-1.01053;0.8720189;;
63.623;-1.010516;0.8720112;;
63.644;-0.9957968;0.863583;;
63.645;-0.9956647;0.8635074;;
63.646;-0.9956373;0.8634917;;
63.648;-0.9943321;0.8627276;;
63.65;-0.993871;0.8624576;;
63.651;-0.9938213;0.8624285;;
63.678;-0.9850624;0.8572271;;
63.678;-0.9850448;0.8572166;;
63.68;-0.9850029;0.8571917;;
63.6818285;;;-0.0422434086832102;-0.167812281841352
63.473;-1.078189;0.906682;;
63.474;-1.078015;0.9066022;;
63.476;-1.077927;0.9065618;;
63.479;-1.077902;0.9065503;;
63.48;-1.077897;0.906548;;
63.48;-1.077897;0.9065478;;
63.508;-1.062357;0.8991474;;
63.509;-1.062267;0.8991045;;
63.51;-1.06223;0.8990867;;
63.511;-1.06222;0.8990819;;
63.513;-1.062217;0.8990805;;
63.513;-1.062215;0.8990797;;
63.542;-1.046632;0.8913218;;
63.543;-1.046535;0.8912735;;
63.544;-1.046502;0.8912573;;
63.545;-1.046496;0.8912544;;
63.546;-1.046495;0.8912539;;
63.546;-1.046495;0.8912538;;
63.576;-1.031064;0.8832294;;
63.578;-1.030863;0.8831249;;
63.58;-1.030819;0.8831018;;
63.582;-1.026364;0.8807184;;
63.582;-1.025681;0.8803528;;
63.582;-1.025681;0.8803528;;
63.61;-1.015469;0.8747736;;
63.611;-1.015395;0.8747329;;
63.614;-1.01538;0.8747246;;
63.615;-1.012401;0.8730627;;
63.623;-1.01053;0.8720189;;
63.623;-1.010516;0.8720112;;
63.644;-0.9957968;0.863583;;
63.645;-0.9956647;0.8635074;;
63.646;-0.9956373;0.8634917;;
63.648;-0.9943321;0.8627276;;
63.65;-0.993871;0.8624576;;
63.651;-0.9938213;0.8624285;;
63.678;-0.9850624;0.8572271;;
63.678;-0.9850448;0.8572166;;
63.68;-0.9850029;0.8571917;;
63.682;-0.9817567;0.8552286;;
63.684;-0.9799781;0.8541529;;
63.684;-0.9799781;0.8541529;;
63.712;-0.9691007;0.8474332;;
63.715;-0.9657922;0.8453513;;
63.717;-0.9653943;0.845101;;
63.717;-0.9653762;0.8450896;;
63.718;-0.9652047;0.8449817;;
63.719;-0.9652047;0.8449817;;
63.747;-0.9552538;0.8386002;;
63.747;-0.9552184;0.8385776;;
63.748;-0.951665;0.8362549;;
63.75;-0.9506225;0.8355734;;
63.752;-0.9504513;0.8354614;;
63.752;-0.9504066;0.8354323;;
63.752;-0.9504066;0.8354323;;
63.7598551;;;-0.0362017753416454;-0.165358644619794
63.542;-1.046632;0.8913218;;
63.543;-1.046535;0.8912735;;
63.544;-1.046502;0.8912573;;
63.545;-1.046496;0.8912544;;
63.546;-1.046495;0.8912539;;
63.546;-1.046495;0.8912538;;
63.576;-1.031064;0.8832294;;
63.578;-1.030863;0.8831249;;
63.58;-1.030819;0.8831018;;
63.582;-1.026364;0.8807184;;
63.582;-1.025681;0.8803528;;
63.582;-1.025681;0.8803528;;
63.61;-1.015469;0.8747736;;
63.611;-1.015395;0.8747329;;
63.614;-1.01538;0.8747246;;
63.615;-1.012401;0.8730627;;
63.623;-1.01053;0.8720189;;
63.623;-1.010516;0.8720112;;
63.644;-0.9957968;0.863583;;
63.645;-0.9956647;0.8635074;;
63.646;-0.9956373;0.8634917;;
63.648;-0.9943321;0.8627276;;
63.65;-0.993871;0.8624576;;
63.651;-0.9938213;0.8624285;;
63.678;-0.9850624;0.8572271;;
63.678;-0.9850448;0.8572166;;
63.68;-0.9850029;0.8571917;;
63.682;-0.9817567;0.8552286;;
63.684;-0.9799781;0.8541529;;
63.684;-0.9799781;0.8541529;;
63.712;-0.9691007;0.8474332;;
63.715;-0.9657922;0.8453513;;
63.717;-0.9653943;0.845101;;
63.717;-0.9653762;0.8450896;;
63.718;-0.9652047;0.8449817;;
63.719;-0.9652047;0.8449817;;
63.747;-0.9552538;0.8386002;;
63.747;-0.9552184;0.8385776;;
63.748;-0.951665;0.8362549;;
63.75;-0.9506225;0.8355734;;
63.752;-0.9504513;0.8354614;;
63.752;-0.9504066;0.8354323;;
63.752;-0.9504066;0.8354323;;
63.781;-0.9406173;0.8289095;;
63.782;-0.9406173;0.8289095;;
63.782;-0.9406173;0.8289095;;
63.784;-0.9342128;0.8245396;;
63.786;-0.9326553;0.8234769;;
63.788;-0.9321563;0.8231364;;
63.815;-0.9261988;0.8189946;;
63.816;-0.9226967;0.8165256;;
63.818;-0.9215558;0.8157213;;
63.819;-0.921445;0.8156431;;
63.819;-0.9214174;0.8156236;;
63.82;-0.9213907;0.8156049;;
63.821;-0.9213866;0.8156019;;
63.8264483;;;-0.161150181838046;-0.150785465820533
63.61;-1.015469;0.8747736;;
63.611;-1.015395;0.8747329;;
63.614;-1.01538;0.8747246;;
63.615;-1.012401;0.8730627;;
63.623;-1.01053;0.8720189;;
63.623;-1.010516;0.8720112;;
63.644;-0.9957968;0.863583;;
63.645;-0.9956647;0.8635074;;
63.646;-0.9956373;0.8634917;;
63.648;-0.9943321;0.8627276;;
63.65;-0.993871;0.8624576;;
63.651;-0.9938213;0.8624285;;
63.678;-0.9850624;0.8572271;;
63.678;-0.9850448;0.8572166;;
63.68;-0.9850029;0.8571917;;
63.682;-0.9817567;0.8552286;;
63.684;-0.9799781;0.8541529;;
63.684;-0.9799781;0.8541529;;
63.712;-0.9691007;0.8474332;;
63.715;-0.9657922;0.8453513;;
63.717;-0.9653943;0.845101;;
63.717;-0.9653762;0.8450896;;
63.718;-0.9652047;0.8449817;;
63.719;-0.9652047;0.8449817;;
63.747;-0.9552538;0.8386002;;
63.747;-0.9552184;0.8385776;;
63.748;-0.951665;0.8362549;;
63.75;-0.9506225;0.8355734;;
63.752;-0.9504513;0.8354614;;
63.752;-0.9504066;0.8354323;;
63.752;-0.9504066;0.8354323;;
63.781;-0.9406173;0.8289095;;
63.782;-0.9406173;0.8289095;;
63.782;-0.9406173;0.8289095;;
63.784;-0.9342128;0.8245396;;
63.786;-0.9326553;0.8234769;;
63.788;-0.9321563;0.8231364;;
63.815;-0.9261988;0.8189946;;
63.816;-0.9226967;0.8165256;;
63.818;-0.9215558;0.8157213;;
63.819;-0.921445;0.8156431;;
63.819;-0.9214174;0.8156236;;
63.82;-0.9213907;0.8156049;;
63.821;-0.9213866;0.8156019;;
63.849;-0.9119938;0.8088557;;
63.851;-0.9119209;0.8088033;;
63.853;-0.9049087;0.8036528;;
63.854;-0.9043246;0.8032238;;
63.883;-0.8932109;0.7948629;;
63.885;-0.8932109;0.7948629;;
63.886;-0.8932109;0.7948629;;
63.887;-0.8932109;0.7948629;;
63.888;-0.8932109;0.7948629;;
63.888;-0.8932109;0.7948629;;
63.889;-0.8932109;0.7948629;;
63.889;-0.8932109;0.7948629;;
63.8934299;;;-0.611893336532972;-0.1487483429045
63.678;-0.9850624;0.8572271;;
63.678;-0.9850448;0.8572166;;
63.68;-0.9850029;0.8571917;;
63.682;-0.9817567;0.8552286;;
63.684;-0.9799781;0.8541529;;
63.684;-0.9799781;0.8541529;;
63.712;-0.9691007;0.8474332;;
63.715;-0.9657922;0.8453513;;
63.717;-0.9653943;0.845101;;
63.717;-0.9653762;0.8450896;;
63.718;-0.9652047;0.8449817;;
63.719;-0.9652047;0.8449817;;
63.747;-0.9552538;0.8386002;;
63.747;-0.9552184;0.8385776;;
63.748;-0.951665;0.8362549;;
63.75;-0.9506225;0.8355734;;
63.752;-0.9504513;0.8354614;;
63.752;-0.9504066;0.8354323;;
63.752;-0.9504066;0.8354323;;
63.781;-0.9406173;0.8289095;;
63.782;-0.9406173;0.8289095;;
63.782;-0.9406173;0.8289095;;
63.784;-0.9342128;0.8245396;;
63.786;-0.9326553;0.8234769;;
63.788;-0.9321563;0.8231364;;
63.815;-0.9261988;0.8189946;;
63.816;-0.9226967;0.8165256;;
63.818;-0.9215558;0.8157213;;
63.819;-0.921445;0.8156431;;
63.819;-0.9214174;0.8156236;;
63.82;-0.9213907;0.8156049;;
63.821;-0.9213866;0.8156019;;
63.849;-0.9119938;0.8088557;;
63.851;-0.9119209;0.8088033;;
63.853;-0.9049087;0.8036528;;
63.854;-0.9043246;0.8032238;;
63.883;-0.8932109;0.7948629;;
63.885;-0.8932109;0.7948629;;
63.886;-0.8932109;0.7948629;;
63.887;-0.8932109;0.7948629;;
63.888;-0.8932109;0.7948629;;
63.888;-0.8932109;0.7948629;;
63.889;-0.8932109;0.7948629;;
63.889;-0.8932109;0.7948629;;
63.917;-0.8839896;0.7877372;;
63.918;-0.8839203;0.7876837;;
63.92;-0.8780687;0.7830539;;
63.922;-0.8761137;0.7815071;;
63.924;-0.8751368;0.7807342;;
63.924;-0.8751368;0.7807342;;
63.951;-0.8656399;0.7730377;;
63.952;-0.8656399;0.7730377;;
63.953;-0.8656399;0.7730377;;
63.955;-0.8656399;0.7730377;;
63.956;-0.8656399;0.7730377;;
63.956;-0.8656399;0.7730377;;
63.9608343;;;-0.843815375837733;-0.154129847329048
63.747;-0.9552538;0.8386002;;
63.747;-0.9552184;0.8385776;;
63.748;-0.951665;0.8362549;;
63.75;-0.9506225;0.8355734;;
63.752;-0.9504513;0.8354614;;
63.752;-0.9504066;0.8354323;;
63.752;-0.9504066;0.8354323;;
63.781;-0.9406173;0.8289095;;
63.782;-0.9406173;0.8289095;;
63.782;-0.9406173;0.8289095;;
63.784;-0.9342128;0.8245396;;
63.786;-0.9326553;0.8234769;;
63.788;-0.9321563;0.8231364;;
63.815;-0.9261988;0.8189946;;
63.816;-0.9226967;0.8165256;;
63.818;-0.9215558;0.8157213;;
63.819;-0.921445;0.8156431;;
63.819;-0.9214174;0.8156236;;
63.82;-0.9213907;0.8156049;;
63.821;-0.9213866;0.8156019;;
63.849;-0.9119938;0.8088557;;
63.851;-0.9119209;0.8088033;;
63.853;-0.9049087;0.8036528;;
63.854;-0.9043246;0.8032238;;
63.883;-0.8932109;0.7948629;;
63.885;-0.8932109;0.7948629;;
63.886;-0.8932109;0.7948629;;
63.887;-0.8932109;0.7948629;;
63.888;-0.8932109;0.7948629;;
63.888;-0.8932109;0.7948629;;
63.889;-0.8932109;0.7948629;;
63.889;-0.8932109;0.7948629;;
63.917;-0.8839896;0.7877372;;
63.918;-0.8839203;0.7876837;;
63.92;-0.8780687;0.7830539;;
63.922;-0.8761137;0.7815071;;
63.924;-0.8751368;0.7807342;;
63.924;-0.8751368;0.7807342;;
63.951;-0.8656399;0.7730377;;
63.952;-0.8656399;0.7730377;;
63.953;-0.8656399;0.7730377;;
63.955;-0.8656399;0.7730377;;
63.956;-0.8656399;0.7730377;;
63.956;-0.8656399;0.7730377;;
63.985;-0.8611187;0.7693052;;
63.987;-0.8572512;0.7660745;;
63.988;-0.8568743;0.7657597;;
63.988;-0.8567806;0.7656814;;
63.989;-0.856688;0.7656041;;
63.989;-0.85668;0.7655974;;
64.019;-0.8436929;0.7544907;;
64.02;-0.840668;0.7518445;;
64.022;-0.8394727;0.7507989;;
64.023;-0.8391405;0.7505083;;
64.025;-0.8389482;0.7503401;;
64.0419258;;;-0.267870384978297;-0.136071131544844
63.815;-0.9261988;0.8189946;;
63.816;-0.9226967;0.8165256;;
63.818;-0.9215558;0.8157213;;
63.819;-0.921445;0.8156431;;
63.819;-0.9214174;0.8156236;;
63.82;-0.9213907;0.8156049;;
63.821;-0.9213866;0.8156019;;
63.849;-0.9119938;0.8088557;;
63.851;-0.9119209;0.8088033;;
63.853;-0.9049087;0.8036528;;
63.854;-0.9043246;0.8032238;;
63.883;-0.8932109;0.7948629;;
63.885;-0.8932109;0.7948629;;
63.886;-0.8932109;0.7948629;;
63.887;-0.8932109;0.7948629;;
63.888;-0.8932109;0.7948629;;
63.888;-0.8932109;0.7948629;;
63.889;-0.8932109;0.7948629;;
63.889;-0.8932109;0.7948629;;
63.917;-0.8839896;0.7877372;;
63.918;-0.8839203;0.7876837;;
63.92;-0.8780687;0.7830539;;
63.922;-0.8761137;0.7815071;;
63.924;-0.8751368;0.7807342;;
63.924;-0.8751368;0.7807342;;
63.951;-0.8656399;0.7730377;;
63.952;-0.8656399;0.7730377;;
63.953;-0.8656399;0.7730377;;
63.955;-0.8656399;0.7730377;;
63.956;-0.8656399;0.7730377;;
63.956;-0.8656399;0.7730377;;
63.985;-0.8611187;0.7693052;;
63.987;-0.8572512;0.7660745;;
63.988;-0.8568743;0.7657597;;
63.988;-0.8567806;0.7656814;;
63.989;-0.856688;0.7656041;;
63.989;-0.85668;0.7655974;;
64.019;-0.8436929;0.7544907;;
64.02;-0.840668;0.7518445;;
64.022;-0.8394727;0.7507989;;
64.023;-0.8391405;0.7505083;;
64.025;-0.8389482;0.7503401;;
64.052;-0.8332049;0.7452407;;
64.054;-0.8331587;0.7451997;;
64.055;-0.8331553;0.7451967;;
64.055;-0.8331543;0.7451957;;
64.086;-0.824753;0.7375903;;
64.087;-0.818423;0.7317264;;
64.089;-0.8163277;0.7297854;;
64.091;-0.8160272;0.7295071;;
64.093;-0.8160037;0.7294853;;
64.094;-0.8159978;0.7294798;;
64.095;-0.8159907;0.7294733;;
64.096;-0.8159907;0.7294733;;
64.1168569;;;-0.545745972363727;-0.131180388213564
63.883;-0.8932109;0.7948629;;
63.885;-0.8932109;0.7948629;;
63.886;-0.8932109;0.7948629;;
63.887;-0.8932109;0.7948629;;
63.888;-0.8932109;0.7948629;;
63.888;-0.8932109;0.7948629;;
63.889;-0.8932109;0.7948629;;
63.889;-0.8932109;0.7948629;;
63.917;-0.8839896;0.7877372;;
63.918;-0.8839203;0.7876837;;
63.92;-0.8780687;0.7830539;;
63.922;-0.8761137;0.7815071;;
63.924;-0.8751368;0.7807342;;
63.924;-0.8751368;0.7807342;;
63.951;-0.8656399;0.7730377;;
63.952;-0.8656399;0.7730377;;
63.953;-0.8656399;0.7730377;;
63.955;-0.8656399;0.7730377;;
63.956;-0.8656399;0.7730377;;
63.956;-0.8656399;0.7730377;;
63.985;-0.8611187;0.7693052;;
63.987;-0.8572512;0.7660745;;
63.988;-0.8568743;0.7657597;;
63.988;-0.8567806;0.7656814;;
63.989;-0.856688;0.7656041;;
63.989;-0.85668;0.7655974;;
64.019;-0.8436929;0.7544907;;
64.02;-0.840668;0.7518445;;
64.022;-0.8394727;0.7507989;;
64.023;-0.8391405;0.7505083;;
64.025;-0.8389482;0.7503401;;
64.052;-0.8332049;0.7452407;;
64.054;-0.8331587;0.7451997;;
64.055;-0.8331553;0.7451967;;
64.055;-0.8331543;0.7451957;;
64.086;-0.824753;0.7375903;;
64.087;-0.818423;0.7317264;;
64.089;-0.8163277;0.7297854;;
64.091;-0.8160272;0.7295071;;
64.093;-0.8160037;0.7294853;;
64.094;-0.8159978;0.7294798;;
64.095;-0.8159907;0.7294733;;
64.096;-0.8159907;0.7294733;;
64.12;-0.8005937;0.7147176;;
64.121;-0.8003569;0.7144908;;
64.123;-0.8002977;0.714434;;
64.123;-0.8002938;0.7144303;;
64.124;-0.8002745;0.7144117;;
64.125;-0.8002715;0.7144088;;
64.154;-0.7878473;0.7020188;;
64.155;-0.7876508;0.7018228;;
64.157;-0.7875611;0.7017334;;
64.157;-0.7875546;0.7017269;;
64.158;-0.78752;0.7016924;;
64.159;-0.78752;0.7016924;;
64.183887;;;-0.722263509371767;-0.145381763732948
63.985;-0.8611187;0.7693052;;
63.987;-0.8572512;0.7660745;;
63.988;-0.8568743;0.7657597;;
63.988;-0.8567806;0.7656814;;
63.989;-0.856688;0.7656041;;
63.989;-0.85668;0.7655974;;
64.019;-0.8436929;0.7544907;;
64.02;-0.840668;0.7518445;;
64.022;-0.8394727;0.7507989;;
64.023;-0.8391405;0.7505083;;
64.025;-0.8389482;0.7503401;;
64.052;-0.8332049;0.7452407;;
64.054;-0.8331587;0.7451997;;
64.055;-0.8331553;0.7451967;;
64.055;-0.8331543;0.7451957;;
64.086;-0.824753;0.7375903;;
64.087;-0.818423;0.7317264;;
64.089;-0.8163277;0.7297854;;
64.091;-0.8160272;0.7295071;;
64.093;-0.8160037;0.7294853;;
64.094;-0.8159978;0.7294798;;
64.095;-0.8159907;0.7294733;;
64.096;-0.8159907;0.7294733;;
64.12;-0.8005937;0.7147176;;
64.121;-0.8003569;0.7144908;;
64.123;-0.8002977;0.714434;;
64.123;-0.8002938;0.7144303;;
64.124;-0.8002745;0.7144117;;
64.125;-0.8002715;0.7144088;;
64.154;-0.7878473;0.7020188;;
64.155;-0.7876508;0.7018228;;
64.157;-0.7875611;0.7017334;;
64.157;-0.7875546;0.7017269;;
64.158;-0.78752;0.7016924;;
64.159;-0.78752;0.7016924;;
64.188;-0.7760014;0.689798;;
64.189;-0.7758542;0.689646;;
64.191;-0.7758126;0.689603;;
64.192;-0.7758017;0.6895918;;
64.192;-0.7758017;0.6895918;;
64.193;-0.7758017;0.6895918;;
64.222;-0.7638537;0.6768205;;
64.223;-0.7637669;0.6767277;;
64.225;-0.7637565;0.6767166;;
64.225;-0.7637565;0.6767166;;
64.227;-0.7637495;0.6767091;;
64.228;-0.7637495;0.6767091;;
64.255;-0.752086;0.6637934;;
64.257;-0.7519918;0.6636892;;
64.258;-0.751985;0.6636817;;
64.258;-0.7519831;0.6636796;;
64.26;-0.7519789;0.663675;;
64.26;-0.7519789;0.663675;;
64.2626052;;;-0.158951339249716;-0.139657624617432
64.052;-0.8332049;0.7452407;;
64.054;-0.8331587;0.7451997;;
64.055;-0.8331553;0.7451967;;
64.055;-0.8331543;0.7451957;;
64.086;-0.824753;0.7375903;;
64.087;-0.818423;0.7317264;;
64.089;-0.8163277;0.7297854;;
64.091;-0.8160272;0.7295071;;
64.093;-0.8160037;0.7294853;;
64.094;-0.8159978;0.7294798;;
64.095;-0.8159907;0.7294733;;
64.096;-0.8159907;0.7294733;;
64.12;-0.8005937;0.7147176;;
64.121;-0.8003569;0.7144908;;
64.123;-0.8002977;0.714434;;
64.123;-0.8002938;0.7144303;;
64.124;-0.8002745;0.7144117;;
64.125;-0.8002715;0.7144088;;
64.154;-0.7878473;0.7020188;;
64.155;-0.7876508;0.7018228;;
64.157;-0.7875611;0.7017334;;
64.157;-0.7875546;0.7017269;;
64.158;-0.78752;0.7016924;;
64.159;-0.78752;0.7016924;;
64.188;-0.7760014;0.689798;;
64.189;-0.7758542;0.689646;;
64.191;-0.7758126;0.689603;;
64.192;-0.7758017;0.6895918;;
64.192;-0.7758017;0.6895918;;
64.193;-0.7758017;0.6895918;;
64.222;-0.7638537;0.6768205;;
64.223;-0.7637669;0.6767277;;
64.225;-0.7637565;0.6767166;;
64.225;-0.7637565;0.6767166;;
64.227;-0.7637495;0.6767091;;
64.228;-0.7637495;0.6767091;;
64.255;-0.752086;0.6637934;;
64.257;-0.7519918;0.6636892;;
64.258;-0.751985;0.6636817;;
64.258;-0.7519831;0.6636796;;
64.26;-0.7519789;0.663675;;
64.26;-0.7519789;0.663675;;
64.29;-0.7388912;0.6486217;;
64.292;-0.738792;0.6485075;;
64.293;-0.7387865;0.6485012;;
64.295;-0.7372749;0.6467212;;
64.297;-0.7367266;0.6460754;;
64.298;-0.7366807;0.6460214;;
64.323;-0.7292157;0.6370951;;
64.325;-0.7291489;0.6370153;;
64.327;-0.729144;0.6370094;;
64.328;-0.7291428;0.637008;;
64.33;-0.7258247;0.6329682;;
64.331;-0.7254753;0.632543;;
64.3406091;;;0.113421284769152;-0.134425403634674
64.12;-0.8005937;0.7147176;;
64.121;-0.8003569;0.7144908;;
64.123;-0.8002977;0.714434;;
64.123;-0.8002938;0.7144303;;
64.124;-0.8002745;0.7144117;;
64.125;-0.8002715;0.7144088;;
64.154;-0.7878473;0.7020188;;
64.155;-0.7876508;0.7018228;;
64.157;-0.7875611;0.7017334;;
64.157;-0.7875546;0.7017269;;
64.158;-0.78752;0.7016924;;
64.159;-0.78752;0.7016924;;
64.188;-0.7760014;0.689798;;
64.189;-0.7758542;0.689646;;
64.191;-0.7758126;0.689603;;
64.192;-0.7758017;0.6895918;;
64.192;-0.7758017;0.6895918;;
64.193;-0.7758017;0.6895918;;
64.222;-0.7638537;0.6768205;;
64.223;-0.7637669;0.6767277;;
64.225;-0.7637565;0.6767166;;
64.225;-0.7637565;0.6767166;;
64.227;-0.7637495;0.6767091;;
64.228;-0.7637495;0.6767091;;
64.255;-0.752086;0.6637934;;
64.257;-0.7519918;0.6636892;;
64.258;-0.751985;0.6636817;;
64.258;-0.7519831;0.6636796;;
64.26;-0.7519789;0.663675;;
64.26;-0.7519789;0.663675;;
64.29;-0.7388912;0.6486217;;
64.292;-0.738792;0.6485075;;
64.293;-0.7387865;0.6485012;;
64.295;-0.7372749;0.6467212;;
64.297;-0.7367266;0.6460754;;
64.298;-0.7366807;0.6460214;;
64.323;-0.7292157;0.6370951;;
64.325;-0.7291489;0.6370153;;
64.327;-0.729144;0.6370094;;
64.328;-0.7291428;0.637008;;
64.33;-0.7258247;0.6329682;;
64.331;-0.7254753;0.632543;;
64.357;-0.7217107;0.6279056;;
64.357;-0.7216883;0.6278779;;
64.359;-0.7216787;0.6278661;;
64.361;-0.7191862;0.6247578;;
64.371;-0.7180856;0.6233854;;
64.372;-0.7180542;0.6233463;;
64.391;-0.7059554;0.6078553;;
64.393;-0.7058103;0.6076695;;
64.396;-0.7057967;0.6076521;;
64.397;-0.7057956;0.6076506;;
64.397;-0.7057956;0.6076506;;
64.398;-0.7057956;0.6076506;;
64.4223666;;;0.763041353932421;-0.100024759381736
64.222;-0.7638537;0.6768205;;
64.223;-0.7637669;0.6767277;;
64.225;-0.7637565;0.6767166;;
64.225;-0.7637565;0.6767166;;
64.227;-0.7637495;0.6767091;;
64.228;-0.7637495;0.6767091;;
64.255;-0.752086;0.6637934;;
64.257;-0.7519918;0.6636892;;
64.258;-0.751985;0.6636817;;
64.258;-0.7519831;0.6636796;;
64.26;-0.7519789;0.663675;;
64.26;-0.7519789;0.663675;;
64.29;-0.7388912;0.6486217;;
64.292;-0.738792;0.6485075;;
64.293;-0.7387865;0.6485012;;
64.295;-0.7372749;0.6467212;;
64.297;-0.7367266;0.6460754;;
64.298;-0.7366807;0.6460214;;
64.323;-0.7292157;0.6370951;;
64.325;-0.7291489;0.6370153;;
64.327;-0.729144;0.6370094;;
64.328;-0.7291428;0.637008;;
64.33;-0.7258247;0.6329682;;
64.331;-0.7254753;0.632543;;
64.357;-0.7217107;0.6279056;;
64.357;-0.7216883;0.6278779;;
64.359;-0.7216787;0.6278661;;
64.361;-0.7191862;0.6247578;;
64.371;-0.7180856;0.6233854;;
64.372;-0.7180542;0.6233463;;
64.391;-0.7059554;0.6078553;;
64.393;-0.7058103;0.6076695;;
64.396;-0.7057967;0.6076521;;
64.397;-0.7057956;0.6076506;;
64.397;-0.7057956;0.6076506;;
64.398;-0.7057956;0.6076506;;
64.425;-0.6990865;0.5987791;;
64.428;-0.6990802;0.5987707;;
64.43;-0.6990293;0.5987035;;
64.431;-0.6990244;0.5986971;;
64.432;-0.6990237;0.5986961;;
64.432;-0.6990235;0.5986959;;
64.459;-0.6922328;0.5895005;;
64.46;-0.6921806;0.58943;;
64.462;-0.6921726;0.589419;;
64.462;-0.6921721;0.5894184;;
64.463;-0.6921697;0.5894151;;
64.464;-0.6921691;0.5894143;;
64.493;-0.6786566;0.57043;;
64.495;-0.6785541;0.570286;;
64.4968853;;;-0.268314410795708;-0.121018137971073
64.29;-0.7388912;0.6486217;;
64.292;-0.738792;0.6485075;;
64.293;-0.7387865;0.6485012;;
64.295;-0.7372749;0.6467212;;
64.297;-0.7367266;0.6460754;;
64.298;-0.7366807;0.6460214;;
64.323;-0.7292157;0.6370951;;
64.325;-0.7291489;0.6370153;;
64.327;-0.729144;0.6370094;;
64.328;-0.7291428;0.637008;;
64.33;-0.7258247;0.6329682;;
64.331;-0.7254753;0.632543;;
64.357;-0.7217107;0.6279056;;
64.357;-0.7216883;0.6278779;;
64.359;-0.7216787;0.6278661;;
64.361;-0.7191862;0.6247578;;
64.371;-0.7180856;0.6233854;;
64.372;-0.7180542;0.6233463;;
64.391;-0.7059554;0.6078553;;
64.393;-0.7058103;0.6076695;;
64.396;-0.7057967;0.6076521;;
64.397;-0.7057956;0.6076506;;
64.397;-0.7057956;0.6076506;;
64.398;-0.7057956;0.6076506;;
64.425;-0.6990865;0.5987791;;
64.428;-0.6990802;0.5987707;;
64.43;-0.6990293;0.5987035;;
64.431;-0.6990244;0.5986971;;
64.432;-0.6990237;0.5986961;;
64.432;-0.6990235;0.5986959;;
64.459;-0.6922328;0.5895005;;
64.46;-0.6921806;0.58943;;
64.462;-0.6921726;0.589419;;
64.462;-0.6921721;0.5894184;;
64.463;-0.6921697;0.5894151;;
64.464;-0.6921691;0.5894143;;
64.493;-0.6786566;0.57043;;
64.495;-0.6785541;0.570286;;
64.496;-0.6753321;0.5655963;;
64.497;-0.6746416;0.5645912;;
64.499;-0.6733553;0.562719;;
64.499;-0.6733145;0.5626596;;
64.526;-0.6646429;0.5497032;;
64.527;-0.6645607;0.5495815;;
64.528;-0.6645425;0.5495546;;
64.531;-0.6635006;0.547967;;
64.533;-0.6632875;0.5476422;;
64.533;-0.6632732;0.5476204;;
64.561;-0.656904;0.537762;;
64.561;-0.6568787;0.5377228;;
64.563;-0.6548355;0.534499;;
64.565;-0.6540896;0.5333223;;
64.567;-0.6538163;0.5328911;;
64.568;-0.6537934;0.5328549;;
64.5749071;;;-0.880196760136125;-0.180993749660135
64.357;-0.7217107;0.6279056;;
64.357;-0.7216883;0.6278779;;
64.359;-0.7216787;0.6278661;;
64.361;-0.7191862;0.6247578;;
64.371;-0.7180856;0.6233854;;
64.372;-0.7180542;0.6233463;;
64.391;-0.7059554;0.6078553;;
64.393;-0.7058103;0.6076695;;
64.396;-0.7057967;0.6076521;;
64.397;-0.7057956;0.6076506;;
64.397;-0.7057956;0.6076506;;
64.398;-0.7057956;0.6076506;;
64.425;-0.6990865;0.5987791;;
64.428;-0.6990802;0.5987707;;
64.43;-0.6990293;0.5987035;;
64.431;-0.6990244;0.5986971;;
64.432;-0.6990237;0.5986961;;
64.432;-0.6990235;0.5986959;;
64.459;-0.6922328;0.5895005;;
64.46;-0.6921806;0.58943;;
64.462;-0.6921726;0.589419;;
64.462;-0.6921721;0.5894184;;
64.463;-0.6921697;0.5894151;;
64.464;-0.6921691;0.5894143;;
64.493;-0.6786566;0.57043;;
64.495;-0.6785541;0.570286;;
64.496;-0.6753321;0.5655963;;
64.497;-0.6746416;0.5645912;;
64.499;-0.6733553;0.562719;;
64.499;-0.6733145;0.5626596;;
64.526;-0.6646429;0.5497032;;
64.527;-0.6645607;0.5495815;;
64.528;-0.6645425;0.5495546;;
64.531;-0.6635006;0.547967;;
64.533;-0.6632875;0.5476422;;
64.533;-0.6632732;0.5476204;;
64.561;-0.656904;0.537762;;
64.561;-0.6568787;0.5377228;;
64.563;-0.6548355;0.534499;;
64.565;-0.6540896;0.5333223;;
64.567;-0.6538163;0.5328911;;
64.568;-0.6537934;0.5328549;;
64.597;-0.6476688;0.5230013;;
64.598;-0.6476251;0.522931;;
64.599;-0.6476176;0.5229191;;
64.6;-0.6476165;0.5229173;;
64.601;-0.6442795;0.5174112;;
64.603;-0.6427789;0.5149351;;
64.605;-0.6421164;0.5138421;;
64.605;-0.6420698;0.5137651;;
64.629;-0.6385828;0.5078976;;
64.632;-0.635828;0.503194;;
64.634;-0.6356782;0.502938;;
64.634;-0.635672;0.5029274;;
64.6420905;;;-0.891385903654196;-0.231938327239759
64.425;-0.6990865;0.5987791;;
64.428;-0.6990802;0.5987707;;
64.43;-0.6990293;0.5987035;;
64.431;-0.6990244;0.5986971;;
64.432;-0.6990237;0.5986961;;
64.432;-0.6990235;0.5986959;;
64.459;-0.6922328;0.5895005;;
64.46;-0.6921806;0.58943;;
64.462;-0.6921726;0.589419;;
64.462;-0.6921721;0.5894184;;
64.463;-0.6921697;0.5894151;;
64.464;-0.6921691;0.5894143;;
64.493;-0.6786566;0.57043;;
64.495;-0.6785541;0.570286;;
64.496;-0.6753321;0.5655963;;
64.497;-0.6746416;0.5645912;;
64.499;-0.6733553;0.562719;;
64.499;-0.6733145;0.5626596;;
64.526;-0.6646429;0.5497032;;
64.527;-0.6645607;0.5495815;;
64.528;-0.6645425;0.5495546;;
64.531;-0.6635006;0.547967;;
64.533;-0.6632875;0.5476422;;
64.533;-0.6632732;0.5476204;;
64.561;-0.656904;0.537762;;
64.561;-0.6568787;0.5377228;;
64.563;-0.6548355;0.534499;;
64.565;-0.6540896;0.5333223;;
64.567;-0.6538163;0.5328911;;
64.568;-0.6537934;0.5328549;;
64.597;-0.6476688;0.5230013;;
64.598;-0.6476251;0.522931;;
64.599;-0.6476176;0.5229191;;
64.6;-0.6476165;0.5229173;;
64.601;-0.6442795;0.5174112;;
64.603;-0.6427789;0.5149351;;
64.605;-0.6421164;0.5138421;;
64.605;-0.6420698;0.5137651;;
64.629;-0.6385828;0.5078976;;
64.632;-0.635828;0.503194;;
64.634;-0.6356782;0.502938;;
64.634;-0.635672;0.5029274;;
64.663;-0.6299825;0.4930162;;
64.665;-0.625893;0.4857234;;
64.667;-0.6255572;0.4851246;;
64.669;-0.6254304;0.4848985;;
64.67;-0.6253654;0.4847826;;
64.671;-0.6253564;0.4847665;;
64.697;-0.6212585;0.4772973;;
64.698;-0.6193699;0.4737969;;
64.7;-0.6186519;0.4724661;;
64.702;-0.6185533;0.4722834;;
64.702;-0.6185377;0.4722544;;
64.704;-0.6185377;0.4722544;;
64.705;-0.6185377;0.4722544;;
64.7093493;;;-0.891682908456314;-0.258003599110302
64.493;-0.6786566;0.57043;;
64.495;-0.6785541;0.570286;;
64.496;-0.6753321;0.5655963;;
64.497;-0.6746416;0.5645912;;
64.499;-0.6733553;0.562719;;
64.499;-0.6733145;0.5626596;;
64.526;-0.6646429;0.5497032;;
64.527;-0.6645607;0.5495815;;
64.528;-0.6645425;0.5495546;;
64.531;-0.6635006;0.547967;;
64.533;-0.6632875;0.5476422;;
64.533;-0.6632732;0.5476204;;
64.561;-0.656904;0.537762;;
64.561;-0.6568787;0.5377228;;
64.563;-0.6548355;0.534499;;
64.565;-0.6540896;0.5333223;;
64.567;-0.6538163;0.5328911;;
64.568;-0.6537934;0.5328549;;
64.597;-0.6476688;0.5230013;;
64.598;-0.6476251;0.522931;;
64.599;-0.6476176;0.5229191;;
64.6;-0.6476165;0.5229173;;
64.601;-0.6442795;0.5174112;;
64.603;-0.6427789;0.5149351;;
64.605;-0.6421164;0.5138421;;
64.605;-0.6420698;0.5137651;;
64.629;-0.6385828;0.5078976;;
64.632;-0.635828;0.503194;;
64.634;-0.6356782;0.502938;;
64.634;-0.635672;0.5029274;;
64.663;-0.6299825;0.4930162;;
64.665;-0.625893;0.4857234;;
64.667;-0.6255572;0.4851246;;
64.669;-0.6254304;0.4848985;;
64.67;-0.6253654;0.4847826;;
64.671;-0.6253564;0.4847665;;
64.697;-0.6212585;0.4772973;;
64.698;-0.6193699;0.4737969;;
64.7;-0.6186519;0.4724661;;
64.702;-0.6185533;0.4722834;;
64.702;-0.6185377;0.4722544;;
64.704;-0.6185377;0.4722544;;
64.705;-0.6185377;0.4722544;;
64.732;-0.613032;0.4618296;;
64.732;-0.6130119;0.4617915;;
64.733;-0.6129858;0.4617422;;
64.735;-0.6098112;0.4555613;;
64.737;-0.6086473;0.4532951;;
64.766;-0.6024976;0.4410077;;
64.773;-0.6024467;0.4409059;;
64.774;-0.6024449;0.4409024;;
64.775;-0.6024449;0.4409024;;
64.776;-0.6024449;0.4409024;;
64.777;-0.6024449;0.4409024;;
64.7765301;;;-0.850380527055795;-0.280842763506931
64.561;-0.656904;0.537762;;
64.561;-0.6568787;0.5377228;;
64.563;-0.6548355;0.534499;;
64.565;-0.6540896;0.5333223;;
64.567;-0.6538163;0.5328911;;
64.568;-0.6537934;0.5328549;;
64.597;-0.6476688;0.5230013;;
64.598;-0.6476251;0.522931;;
64.599;-0.6476176;0.5229191;;
64.6;-0.6476165;0.5229173;;
64.601;-0.6442795;0.5174112;;
64.603;-0.6427789;0.5149351;;
64.605;-0.6421164;0.5138421;;
64.605;-0.6420698;0.5137651;;
64.629;-0.6385828;0.5078976;;
64.632;-0.635828;0.503194;;
64.634;-0.6356782;0.502938;;
64.634;-0.635672;0.5029274;;
64.663;-0.6299825;0.4930162;;
64.665;-0.625893;0.4857234;;
64.667;-0.6255572;0.4851246;;
64.669;-0.6254304;0.4848985;;
64.67;-0.6253654;0.4847826;;
64.671;-0.6253564;0.4847665;;
64.697;-0.6212585;0.4772973;;
64.698;-0.6193699;0.4737969;;
64.7;-0.6186519;0.4724661;;
64.702;-0.6185533;0.4722834;;
64.702;-0.6185377;0.4722544;;
64.704;-0.6185377;0.4722544;;
64.705;-0.6185377;0.4722544;;
64.732;-0.613032;0.4618296;;
64.732;-0.6130119;0.4617915;;
64.733;-0.6129858;0.4617422;;
64.735;-0.6098112;0.4555613;;
64.737;-0.6086473;0.4532951;;
64.766;-0.6024976;0.4410077;;
64.773;-0.6024467;0.4409059;;
64.774;-0.6024449;0.4409024;;
64.775;-0.6024449;0.4409024;;
64.776;-0.6024449;0.4409024;;
64.777;-0.6024449;0.4409024;;
64.777;-0.6010996;0.4381435;;
64.778;-0.6005192;0.4369532;;
64.798;-0.5973454;0.4303637;;
64.799;-0.5972949;0.4302594;;
64.801;-0.5972887;0.4302467;;
64.804;-0.5944988;0.4243204;;
64.831;-0.5876083;0.4093151;;
64.834;-0.5875503;0.4091887;;
64.835;-0.5875463;0.4091801;;
64.837;-0.5875453;0.4091778;;
64.839;-0.5875452;0.4091776;;
64.839;-0.5875452;0.4091775;;
64.841;-0.5875452;0.4091775;;
64.8430934;;;-0.640071379171936;-0.274684039395891
64.629;-0.6385828;0.5078976;;
64.632;-0.635828;0.503194;;
64.634;-0.6356782;0.502938;;
64.634;-0.635672;0.5029274;;
64.663;-0.6299825;0.4930162;;
64.665;-0.625893;0.4857234;;
64.667;-0.6255572;0.4851246;;
64.669;-0.6254304;0.4848985;;
64.67;-0.6253654;0.4847826;;
64.671;-0.6253564;0.4847665;;
64.697;-0.6212585;0.4772973;;
64.698;-0.6193699;0.4737969;;
64.7;-0.6186519;0.4724661;;
64.702;-0.6185533;0.4722834;;
64.702;-0.6185377;0.4722544;;
64.704;-0.6185377;0.4722544;;
64.705;-0.6185377;0.4722544;;
64.732;-0.613032;0.4618296;;
64.732;-0.6130119;0.4617915;;
64.733;-0.6129858;0.4617422;;
64.735;-0.6098112;0.4555613;;
64.737;-0.6086473;0.4532951;;
64.766;-0.6024976;0.4410077;;
64.773;-0.6024467;0.4409059;;
64.774;-0.6024449;0.4409024;;
64.775;-0.6024449;0.4409024;;
64.776;-0.6024449;0.4409024;;
64.777;-0.6024449;0.4409024;;
64.777;-0.6010996;0.4381435;;
64.778;-0.6005192;0.4369532;;
64.798;-0.5973454;0.4303637;;
64.799;-0.5972949;0.4302594;;
64.801;-0.5972887;0.4302467;;
64.804;-0.5944988;0.4243204;;
64.831;-0.5876083;0.4093151;;
64.834;-0.5875503;0.4091887;;
64.835;-0.5875463;0.4091801;;
64.837;-0.5875453;0.4091778;;
64.839;-0.5875452;0.4091776;;
64.839;-0.5875452;0.4091775;;
64.841;-0.5875452;0.4091775;;
64.867;-0.5827892;0.3984022;;
64.87;-0.5805438;0.3931642;;
64.87;-0.5802735;0.3925336;;
64.873;-0.5790047;0.3895737;;
64.873;-0.5790047;0.3895737;;
64.874;-0.5790047;0.3895737;;
64.9;-0.5737925;0.3770119;;
64.901;-0.573755;0.3769215;;
64.903;-0.5737476;0.3769035;;
64.904;-0.5737451;0.3768975;;
64.9105359;;;0.0545122865661041;-0.240607821160302
64.697;-0.6212585;0.4772973;;
64.698;-0.6193699;0.4737969;;
64.7;-0.6186519;0.4724661;;
64.702;-0.6185533;0.4722834;;
64.702;-0.6185377;0.4722544;;
64.704;-0.6185377;0.4722544;;
64.705;-0.6185377;0.4722544;;
64.732;-0.613032;0.4618296;;
64.732;-0.6130119;0.4617915;;
64.733;-0.6129858;0.4617422;;
64.735;-0.6098112;0.4555613;;
64.737;-0.6086473;0.4532951;;
64.766;-0.6024976;0.4410077;;
64.773;-0.6024467;0.4409059;;
64.774;-0.6024449;0.4409024;;
64.775;-0.6024449;0.4409024;;
64.776;-0.6024449;0.4409024;;
64.777;-0.6024449;0.4409024;;
64.777;-0.6010996;0.4381435;;
64.778;-0.6005192;0.4369532;;
64.798;-0.5973454;0.4303637;;
64.799;-0.5972949;0.4302594;;
64.801;-0.5972887;0.4302467;;
64.804;-0.5944988;0.4243204;;
64.831;-0.5876083;0.4093151;;
64.834;-0.5875503;0.4091887;;
64.835;-0.5875463;0.4091801;;
64.837;-0.5875453;0.4091778;;
64.839;-0.5875452;0.4091776;;
64.839;-0.5875452;0.4091775;;
64.841;-0.5875452;0.4091775;;
64.867;-0.5827892;0.3984022;;
64.87;-0.5805438;0.3931642;;
64.87;-0.5802735;0.3925336;;
64.873;-0.5790047;0.3895737;;
64.873;-0.5790047;0.3895737;;
64.874;-0.5790047;0.3895737;;
64.9;-0.5737925;0.3770119;;
64.901;-0.573755;0.3769215;;
64.903;-0.5737476;0.3769035;;
64.904;-0.5737451;0.3768975;;
64.934;-0.5661227;0.3575729;;
64.935;-0.5659875;0.3572302;;
64.938;-0.565902;0.3570135;;
64.94;-0.5658796;0.3569567;;
64.942;-0.5658663;0.356923;;
64.968;-0.5611383;0.3442919;;
64.969;-0.5611001;0.3441899;;
64.971;-0.561094;0.3441738;;
64.973;-0.5610937;0.3441727;;
64.974;-0.5610936;0.3441725;;
64.975;-0.5610934;0.3441722;;
64.9772137;;;0.118831705328373;-0.217241500406211
64.766;-0.6024976;0.4410077;;
64.773;-0.6024467;0.4409059;;
64.774;-0.6024449;0.4409024;;
64.775;-0.6024449;0.4409024;;
64.776;-0.6024449;0.4409024;;
64.777;-0.6024449;0.4409024;;
64.777;-0.6010996;0.4381435;;
64.778;-0.6005192;0.4369532;;
64.798;-0.5973454;0.4303637;;
64.799;-0.5972949;0.4302594;;
64.801;-0.5972887;0.4302467;;
64.804;-0.5944988;0.4243204;;
64.831;-0.5876083;0.4093151;;
64.834;-0.5875503;0.4091887;;
64.835;-0.5875463;0.4091801;;
64.837;-0.5875453;0.4091778;;
64.839;-0.5875452;0.4091776;;
64.839;-0.5875452;0.4091775;;
64.841;-0.5875452;0.4091775;;
64.867;-0.5827892;0.3984022;;
64.87;-0.5805438;0.3931642;;
64.87;-0.5802735;0.3925336;;
64.873;-0.5790047;0.3895737;;
64.873;-0.5790047;0.3895737;;
64.874;-0.5790047;0.3895737;;
64.9;-0.5737925;0.3770119;;
64.901;-0.573755;0.3769215;;
64.903;-0.5737476;0.3769035;;
64.904;-0.5737451;0.3768975;;
64.934;-0.5661227;0.3575729;;
64.935;-0.5659875;0.3572302;;
64.938;-0.565902;0.3570135;;
64.94;-0.5658796;0.3569567;;
64.942;-0.5658663;0.356923;;
64.968;-0.5611383;0.3442919;;
64.969;-0.5611001;0.3441899;;
64.971;-0.561094;0.3441738;;
64.973;-0.5610937;0.3441727;;
64.974;-0.5610936;0.3441725;;
64.975;-0.5610934;0.3441722;;
65.002;-0.5571413;0.3331911;;
65.003;-0.5571047;0.3330894;;
65.005;-0.5538839;0.3238276;;
65.006;-0.5538839;0.3238276;;
65.007;-0.5538839;0.3238276;;
65.008;-0.5538839;0.3238276;;
65.009;-0.5538839;0.3238276;;
65.036;-0.5496839;0.3112838;;
65.038;-0.5496491;0.3111799;;
65.04;-0.5496463;0.3111717;;
65.04;-0.5496461;0.3111709;;
65.041;-0.5496451;0.311168;;
65.0444234;;;-0.376505294050988;-0.223778325384172
64.831;-0.5876083;0.4093151;;
64.834;-0.5875503;0.4091887;;
64.835;-0.5875463;0.4091801;;
64.837;-0.5875453;0.4091778;;
64.839;-0.5875452;0.4091776;;
64.839;-0.5875452;0.4091775;;
64.841;-0.5875452;0.4091775;;
64.867;-0.5827892;0.3984022;;
64.87;-0.5805438;0.3931642;;
64.87;-0.5802735;0.3925336;;
64.873;-0.5790047;0.3895737;;
64.873;-0.5790047;0.3895737;;
64.874;-0.5790047;0.3895737;;
64.9;-0.5737925;0.3770119;;
64.901;-0.573755;0.3769215;;
64.903;-0.5737476;0.3769035;;
64.904;-0.5737451;0.3768975;;
64.934;-0.5661227;0.3575729;;
64.935;-0.5659875;0.3572302;;
64.938;-0.565902;0.3570135;;
64.94;-0.5658796;0.3569567;;
64.942;-0.5658663;0.356923;;
64.968;-0.5611383;0.3442919;;
64.969;-0.5611001;0.3441899;;
64.971;-0.561094;0.3441738;;
64.973;-0.5610937;0.3441727;;
64.974;-0.5610936;0.3441725;;
64.975;-0.5610934;0.3441722;;
65.002;-0.5571413;0.3331911;;
65.003;-0.5571047;0.3330894;;
65.005;-0.5538839;0.3238276;;
65.006;-0.5538839;0.3238276;;
65.007;-0.5538839;0.3238276;;
65.008;-0.5538839;0.3238276;;
65.009;-0.5538839;0.3238276;;
65.036;-0.5496839;0.3112838;;
65.038;-0.5496491;0.3111799;;
65.04;-0.5496463;0.3111717;;
65.04;-0.5496461;0.3111709;;
65.041;-0.5496451;0.311168;;
65.07;-0.5460399;0.2999336;;
65.071;-0.5436244;0.292114;;
65.074;-0.5431203;0.290482;;
65.075;-0.5430872;0.2903749;;
65.076;-0.5430812;0.2903554;;
65.077;-0.5430798;0.290351;;
65.078;-0.5430798;0.290351;;
65.104;-0.5393314;0.2776917;;
65.105;-0.5392792;0.2775152;;
65.107;-0.5392641;0.2774641;;
65.107;-0.5392624;0.2774583;;
65.108;-0.5392604;0.2774519;;
65.109;-0.5392601;0.2774509;;
65.1113853;;;-0.384687093184158;-0.254750601616792
64.9;-0.5737925;0.3770119;;
64.901;-0.573755;0.3769215;;
64.903;-0.5737476;0.3769035;;
64.904;-0.5737451;0.3768975;;
64.934;-0.5661227;0.3575729;;
64.935;-0.5659875;0.3572302;;
64.938;-0.565902;0.3570135;;
64.94;-0.5658796;0.3569567;;
64.942;-0.5658663;0.356923;;
64.968;-0.5611383;0.3442919;;
64.969;-0.5611001;0.3441899;;
64.971;-0.561094;0.3441738;;
64.973;-0.5610937;0.3441727;;
64.974;-0.5610936;0.3441725;;
64.975;-0.5610934;0.3441722;;
65.002;-0.5571413;0.3331911;;
65.003;-0.5571047;0.3330894;;
65.005;-0.5538839;0.3238276;;
65.006;-0.5538839;0.3238276;;
65.007;-0.5538839;0.3238276;;
65.008;-0.5538839;0.3238276;;
65.009;-0.5538839;0.3238276;;
65.036;-0.5496839;0.3112838;;
65.038;-0.5496491;0.3111799;;
65.04;-0.5496463;0.3111717;;
65.04;-0.5496461;0.3111709;;
65.041;-0.5496451;0.311168;;
65.07;-0.5460399;0.2999336;;
65.071;-0.5436244;0.292114;;
65.074;-0.5431203;0.290482;;
65.075;-0.5430872;0.2903749;;
65.076;-0.5430812;0.2903554;;
65.077;-0.5430798;0.290351;;
65.078;-0.5430798;0.290351;;
65.104;-0.5393314;0.2776917;;
65.105;-0.5392792;0.2775152;;
65.107;-0.5392641;0.2774641;;
65.107;-0.5392624;0.2774583;;
65.108;-0.5392604;0.2774519;;
65.109;-0.5392601;0.2774509;;
65.14;-0.5332533;0.2557198;;
65.141;-0.533191;0.2554944;;
65.143;-0.5331679;0.2554108;;
65.143;-0.5331646;0.2553988;;
65.145;-0.5326203;0.2533295;;
65.146;-0.5325745;0.2531552;;
65.172;-0.5301328;0.2436303;;
65.174;-0.530096;0.2434869;;
65.175;-0.5300898;0.2434627;;
65.175;-0.5300882;0.2434566;;
65.177;-0.5300867;0.2434505;;
65.177;-0.5300866;0.2434501;;
65.1784379;;;-0.135528796579518;-0.257404915789184
64.968;-0.5611383;0.3442919;;
64.969;-0.5611001;0.3441899;;
64.971;-0.561094;0.3441738;;
64.973;-0.5610937;0.3441727;;
64.974;-0.5610936;0.3441725;;
64.975;-0.5610934;0.3441722;;
65.002;-0.5571413;0.3331911;;
65.003;-0.5571047;0.3330894;;
65.005;-0.5538839;0.3238276;;
65.006;-0.5538839;0.3238276;;
65.007;-0.5538839;0.3238276;;
65.008;-0.5538839;0.3238276;;
65.009;-0.5538839;0.3238276;;
65.036;-0.5496839;0.3112838;;
65.038;-0.5496491;0.3111799;;
65.04;-0.5496463;0.3111717;;
65.04;-0.5496461;0.3111709;;
65.041;-0.5496451;0.311168;;
65.07;-0.5460399;0.2999336;;
65.071;-0.5436244;0.292114;;
65.074;-0.5431203;0.290482;;
65.075;-0.5430872;0.2903749;;
65.076;-0.5430812;0.2903554;;
65.077;-0.5430798;0.290351;;
65.078;-0.5430798;0.290351;;
65.104;-0.5393314;0.2776917;;
65.105;-0.5392792;0.2775152;;
65.107;-0.5392641;0.2774641;;
65.107;-0.5392624;0.2774583;;
65.108;-0.5392604;0.2774519;;
65.109;-0.5392601;0.2774509;;
65.14;-0.5332533;0.2557198;;
65.141;-0.533191;0.2554944;;
65.143;-0.5331679;0.2554108;;
65.143;-0.5331646;0.2553988;;
65.145;-0.5326203;0.2533295;;
65.146;-0.5325745;0.2531552;;
65.172;-0.5301328;0.2436303;;
65.174;-0.530096;0.2434869;;
65.175;-0.5300898;0.2434627;;
65.175;-0.5300882;0.2434566;;
65.177;-0.5300867;0.2434505;;
65.177;-0.5300866;0.2434501;;
65.206;-0.5255626;0.2246449;;
65.207;-0.5255041;0.2244013;;
65.209;-0.5254883;0.2243361;;
65.21;-0.5254844;0.2243197;;
65.211;-0.5254844;0.2243197;;
65.211;-0.5254844;0.2243197;;
65.24;-0.5222046;0.2095569;;
65.241;-0.5221806;0.2094487;;
65.243;-0.5221778;0.2094363;;
65.243;-0.5221776;0.2094356;;
65.245;-0.5221762;0.2094293;;
65.245;-0.5214886;0.2061734;;
65.2563874;;;0.0197434042553731;-0.263214217020722
65.036;-0.5496839;0.3112838;;
65.038;-0.5496491;0.3111799;;
65.04;-0.5496463;0.3111717;;
65.04;-0.5496461;0.3111709;;
65.041;-0.5496451;0.311168;;
65.07;-0.5460399;0.2999336;;
65.071;-0.5436244;0.292114;;
65.074;-0.5431203;0.290482;;
65.075;-0.5430872;0.2903749;;
65.076;-0.5430812;0.2903554;;
65.077;-0.5430798;0.290351;;
65.078;-0.5430798;0.290351;;
65.104;-0.5393314;0.2776917;;
65.105;-0.5392792;0.2775152;;
65.107;-0.5392641;0.2774641;;
65.107;-0.5392624;0.2774583;;
65.108;-0.5392604;0.2774519;;
65.109;-0.5392601;0.2774509;;
65.14;-0.5332533;0.2557198;;
65.141;-0.533191;0.2554944;;
65.143;-0.5331679;0.2554108;;
65.143;-0.5331646;0.2553988;;
65.145;-0.5326203;0.2533295;;
65.146;-0.5325745;0.2531552;;
65.172;-0.5301328;0.2436303;;
65.174;-0.530096;0.2434869;;
65.175;-0.5300898;0.2434627;;
65.175;-0.5300882;0.2434566;;
65.177;-0.5300867;0.2434505;;
65.177;-0.5300866;0.2434501;;
65.206;-0.5255626;0.2246449;;
65.207;-0.5255041;0.2244013;;
65.209;-0.5254883;0.2243361;;
65.21;-0.5254844;0.2243197;;
65.211;-0.5254844;0.2243197;;
65.211;-0.5254844;0.2243197;;
65.24;-0.5222046;0.2095569;;
65.241;-0.5221806;0.2094487;;
65.243;-0.5221778;0.2094363;;
65.243;-0.5221776;0.2094356;;
65.245;-0.5221762;0.2094293;;
65.245;-0.5214886;0.2061734;;
65.275;-0.5186918;0.1924383;;
65.276;-0.5186813;0.1923865;;
65.278;-0.5186723;0.1923425;;
65.278;-0.5184603;0.1912354;;
65.28;-0.5172137;0.1847246;;
65.28;-0.5171527;0.1844059;;
65.308;-0.5154841;0.1752905;;
65.309;-0.5154619;0.1751689;;
65.311;-0.5154564;0.1751391;;
65.312;-0.5148576;0.1717156;;
65.314;-0.5144995;0.1696677;;
65.315;-0.5144607;0.1694459;;
65.334521;;;-0.261613971389698;-0.29168526481768
65.104;-0.5393314;0.2776917;;
65.105;-0.5392792;0.2775152;;
65.107;-0.5392641;0.2774641;;
65.107;-0.5392624;0.2774583;;
65.108;-0.5392604;0.2774519;;
65.109;-0.5392601;0.2774509;;
65.14;-0.5332533;0.2557198;;
65.141;-0.533191;0.2554944;;
65.143;-0.5331679;0.2554108;;
65.143;-0.5331646;0.2553988;;
65.145;-0.5326203;0.2533295;;
65.146;-0.5325745;0.2531552;;
65.172;-0.5301328;0.2436303;;
65.174;-0.530096;0.2434869;;
65.175;-0.5300898;0.2434627;;
65.175;-0.5300882;0.2434566;;
65.177;-0.5300867;0.2434505;;
65.177;-0.5300866;0.2434501;;
65.206;-0.5255626;0.2246449;;
65.207;-0.5255041;0.2244013;;
65.209;-0.5254883;0.2243361;;
65.21;-0.5254844;0.2243197;;
65.211;-0.5254844;0.2243197;;
65.211;-0.5254844;0.2243197;;
65.24;-0.5222046;0.2095569;;
65.241;-0.5221806;0.2094487;;
65.243;-0.5221778;0.2094363;;
65.243;-0.5221776;0.2094356;;
65.245;-0.5221762;0.2094293;;
65.245;-0.5214886;0.2061734;;
65.275;-0.5186918;0.1924383;;
65.276;-0.5186813;0.1923865;;
65.278;-0.5186723;0.1923425;;
65.278;-0.5184603;0.1912354;;
65.28;-0.5172137;0.1847246;;
65.28;-0.5171527;0.1844059;;
65.308;-0.5154841;0.1752905;;
65.309;-0.5154619;0.1751689;;
65.311;-0.5154564;0.1751391;;
65.312;-0.5148576;0.1717156;;
65.314;-0.5144995;0.1696677;;
65.315;-0.5144607;0.1694459;;
65.342;-0.5125048;0.1576493;;
65.343;-0.5125048;0.1576493;;
65.343;-0.5125048;0.1576493;;
65.344;-0.5125048;0.1576493;;
65.346;-0.5125048;0.1576493;;
65.348;-0.5125048;0.1576493;;
65.376;-0.5095314;0.1377257;;
65.378;-0.5095081;0.137569;;
65.38;-0.5092841;0.1359398;;
65.381;-0.5092259;0.1355169;;
65.382;-0.5091335;0.1348445;;
65.383;-0.5091189;0.1347387;;
65.4014551;;;-0.537372141135278;-0.321510163435998
65.172;-0.5301328;0.2436303;;
65.174;-0.530096;0.2434869;;
65.175;-0.5300898;0.2434627;;
65.175;-0.5300882;0.2434566;;
65.177;-0.5300867;0.2434505;;
65.177;-0.5300866;0.2434501;;
65.206;-0.5255626;0.2246449;;
65.207;-0.5255041;0.2244013;;
65.209;-0.5254883;0.2243361;;
65.21;-0.5254844;0.2243197;;
65.211;-0.5254844;0.2243197;;
65.211;-0.5254844;0.2243197;;
65.24;-0.5222046;0.2095569;;
65.241;-0.5221806;0.2094487;;
65.243;-0.5221778;0.2094363;;
65.243;-0.5221776;0.2094356;;
65.245;-0.5221762;0.2094293;;
65.245;-0.5214886;0.2061734;;
65.275;-0.5186918;0.1924383;;
65.276;-0.5186813;0.1923865;;
65.278;-0.5186723;0.1923425;;
65.278;-0.5184603;0.1912354;;
65.28;-0.5172137;0.1847246;;
65.28;-0.5171527;0.1844059;;
65.308;-0.5154841;0.1752905;;
65.309;-0.5154619;0.1751689;;
65.311;-0.5154564;0.1751391;;
65.312;-0.5148576;0.1717156;;
65.314;-0.5144995;0.1696677;;
65.315;-0.5144607;0.1694459;;
65.342;-0.5125048;0.1576493;;
65.343;-0.5125048;0.1576493;;
65.343;-0.5125048;0.1576493;;
65.344;-0.5125048;0.1576493;;
65.346;-0.5125048;0.1576493;;
65.348;-0.5125048;0.1576493;;
65.376;-0.5095314;0.1377257;;
65.378;-0.5095081;0.137569;;
65.38;-0.5092841;0.1359398;;
65.381;-0.5092259;0.1355169;;
65.382;-0.5091335;0.1348445;;
65.383;-0.5091189;0.1347387;;
65.409;-0.5076159;0.1231765;;
65.411;-0.5076059;0.1230995;;
65.413;-0.5076028;0.1230761;;
65.414;-0.5076022;0.1230711;;
65.415;-0.5076017;0.1230673;;
65.415;-0.5076016;0.1230666;;
65.442;-0.5053537;0.1033204;;
65.443;-0.5053409;0.1032079;;
65.445;-0.5053344;0.1031514;;
65.446;-0.5050817;0.1006732;;
65.448;-0.504987;0.09974521;;
65.448;-0.504987;0.09974521;;
65.468359;;;-0.82039567794224;-0.356104619726832
65.24;-0.5222046;0.2095569;;
65.241;-0.5221806;0.2094487;;
65.243;-0.5221778;0.2094363;;
65.243;-0.5221776;0.2094356;;
65.245;-0.5221762;0.2094293;;
65.245;-0.5214886;0.2061734;;
65.275;-0.5186918;0.1924383;;
65.276;-0.5186813;0.1923865;;
65.278;-0.5186723;0.1923425;;
65.278;-0.5184603;0.1912354;;
65.28;-0.5172137;0.1847246;;
65.28;-0.5171527;0.1844059;;
65.308;-0.5154841;0.1752905;;
65.309;-0.5154619;0.1751689;;
65.311;-0.5154564;0.1751391;;
65.312;-0.5148576;0.1717156;;
65.314;-0.5144995;0.1696677;;
65.315;-0.5144607;0.1694459;;
65.342;-0.5125048;0.1576493;;
65.343;-0.5125048;0.1576493;;
65.343;-0.5125048;0.1576493;;
65.344;-0.5125048;0.1576493;;
65.346;-0.5125048;0.1576493;;
65.348;-0.5125048;0.1576493;;
65.376;-0.5095314;0.1377257;;
65.378;-0.5095081;0.137569;;
65.38;-0.5092841;0.1359398;;
65.381;-0.5092259;0.1355169;;
65.382;-0.5091335;0.1348445;;
65.383;-0.5091189;0.1347387;;
65.409;-0.5076159;0.1231765;;
65.411;-0.5076059;0.1230995;;
65.413;-0.5076028;0.1230761;;
65.414;-0.5076022;0.1230711;;
65.415;-0.5076017;0.1230673;;
65.415;-0.5076016;0.1230666;;
65.442;-0.5053537;0.1033204;;
65.443;-0.5053409;0.1032079;;
65.445;-0.5053344;0.1031514;;
65.446;-0.5050817;0.1006732;;
65.448;-0.504987;0.09974521;;
65.448;-0.504987;0.09974521;;
65.477;-0.5039048;0.0882788;;
65.478;-0.5038971;0.08819795;;
65.48;-0.5038956;0.08818202;;
65.482;-0.5038955;0.0881808;;
65.489;-0.5038955;0.08818018;;
65.49;-0.5038955;0.08818016;;
65.511;-0.5023576;0.06859328;;
65.511;-0.5023493;0.06848753;;
65.512;-0.5021535;0.06557615;;
65.516;-0.5021151;0.06500519;;
65.517;-0.5021128;0.06497053;;
65.518;-0.5021128;0.06497053;;
65.5278373;;;-0.912037799766167;-0.3895582501531
65.308;-0.5154841;0.1752905;;
65.309;-0.5154619;0.1751689;;
65.311;-0.5154564;0.1751391;;
65.312;-0.5148576;0.1717156;;
65.314;-0.5144995;0.1696677;;
65.315;-0.5144607;0.1694459;;
65.342;-0.5125048;0.1576493;;
65.343;-0.5125048;0.1576493;;
65.343;-0.5125048;0.1576493;;
65.344;-0.5125048;0.1576493;;
65.346;-0.5125048;0.1576493;;
65.348;-0.5125048;0.1576493;;
65.376;-0.5095314;0.1377257;;
65.378;-0.5095081;0.137569;;
65.38;-0.5092841;0.1359398;;
65.381;-0.5092259;0.1355169;;
65.382;-0.5091335;0.1348445;;
65.383;-0.5091189;0.1347387;;
65.409;-0.5076159;0.1231765;;
65.411;-0.5076059;0.1230995;;
65.413;-0.5076028;0.1230761;;
65.414;-0.5076022;0.1230711;;
65.415;-0.5076017;0.1230673;;
65.415;-0.5076016;0.1230666;;
65.442;-0.5053537;0.1033204;;
65.443;-0.5053409;0.1032079;;
65.445;-0.5053344;0.1031514;;
65.446;-0.5050817;0.1006732;;
65.448;-0.504987;0.09974521;;
65.448;-0.504987;0.09974521;;
65.477;-0.5039048;0.0882788;;
65.478;-0.5038971;0.08819795;;
65.48;-0.5038956;0.08818202;;
65.482;-0.5038955;0.0881808;;
65.489;-0.5038955;0.08818018;;
65.49;-0.5038955;0.08818016;;
65.511;-0.5023576;0.06859328;;
65.511;-0.5023493;0.06848753;;
65.512;-0.5021535;0.06557615;;
65.516;-0.5021151;0.06500519;;
65.517;-0.5021128;0.06497053;;
65.518;-0.5021128;0.06497053;;
65.547;-0.501736;0.05889779;;
65.548;-0.501736;0.05889779;;
65.55;-0.501443;0.05359308;;
65.551;-0.5013851;0.05254381;;
65.552;-0.5013322;0.05158512;;
65.553;-0.5013238;0.05143441;;
65.58;-0.5007824;0.03953441;;
65.581;-0.5007783;0.03944203;;
65.582;-0.5007776;0.03942757;;
65.583;-0.5007774;0.03942384;;
65.584;-0.5007774;0.03942255;;
65.585;-0.5007774;0.03942255;;
65.6135286;;;-0.931339289677508;-0.423986616089095
65.376;-0.5095314;0.1377257;;
65.378;-0.5095081;0.137569;;
65.38;-0.5092841;0.1359398;;
65.381;-0.5092259;0.1355169;;
65.382;-0.5091335;0.1348445;;
65.383;-0.5091189;0.1347387;;
65.409;-0.5076159;0.1231765;;
65.411;-0.5076059;0.1230995;;
65.413;-0.5076028;0.1230761;;
65.414;-0.5076022;0.1230711;;
65.415;-0.5076017;0.1230673;;
65.415;-0.5076016;0.1230666;;
65.442;-0.5053537;0.1033204;;
65.443;-0.5053409;0.1032079;;
65.445;-0.5053344;0.1031514;;
65.446;-0.5050817;0.1006732;;
65.448;-0.504987;0.09974521;;
65.448;-0.504987;0.09974521;;
65.477;-0.5039048;0.0882788;;
65.478;-0.5038971;0.08819795;;
65.48;-0.5038956;0.08818202;;
65.482;-0.5038955;0.0881808;;
65.489;-0.5038955;0.08818018;;
65.49;-0.5038955;0.08818016;;
65.511;-0.5023576;0.06859328;;
65.511;-0.5023493;0.06848753;;
65.512;-0.5021535;0.06557615;;
65.516;-0.5021151;0.06500519;;
65.517;-0.5021128;0.06497053;;
65.518;-0.5021128;0.06497053;;
65.547;-0.501736;0.05889779;;
65.548;-0.501736;0.05889779;;
65.55;-0.501443;0.05359308;;
65.551;-0.5013851;0.05254381;;
65.552;-0.5013322;0.05158512;;
65.553;-0.5013238;0.05143441;;
65.58;-0.5007824;0.03953441;;
65.581;-0.5007783;0.03944203;;
65.582;-0.5007776;0.03942757;;
65.583;-0.5007774;0.03942384;;
65.584;-0.5007774;0.03942255;;
65.585;-0.5007774;0.03942255;;
65.614;-0.5001395;0.01656497;;
65.615;-0.5001393;0.01655854;;
65.617;-0.5001488;0.01690194;;
65.619;-0.500148;0.01687102;;
65.62;-0.500134;0.01636931;;
65.621;-0.500134;0.01636931;;
65.649;-0.5000207;-0.006427642;;
65.649;-0.5000207;-0.006427642;;
65.651;-0.5000207;-0.006427642;;
65.652;-0.5000207;-0.006427642;;
65.653;-0.5000207;-0.006427642;;
65.654;-0.5000207;-0.006427642;;
65.6809299;;;-0.786540586755749;-0.448040093201314
65.442;-0.5053537;0.1033204;;
65.443;-0.5053409;0.1032079;;
65.445;-0.5053344;0.1031514;;
65.446;-0.5050817;0.1006732;;
65.448;-0.504987;0.09974521;;
65.448;-0.504987;0.09974521;;
65.477;-0.5039048;0.0882788;;
65.478;-0.5038971;0.08819795;;
65.48;-0.5038956;0.08818202;;
65.482;-0.5038955;0.0881808;;
65.489;-0.5038955;0.08818018;;
65.49;-0.5038955;0.08818016;;
65.511;-0.5023576;0.06859328;;
65.511;-0.5023493;0.06848753;;
65.512;-0.5021535;0.06557615;;
65.516;-0.5021151;0.06500519;;
65.517;-0.5021128;0.06497053;;
65.518;-0.5021128;0.06497053;;
65.547;-0.501736;0.05889779;;
65.548;-0.501736;0.05889779;;
65.55;-0.501443;0.05359308;;
65.551;-0.5013851;0.05254381;;
65.552;-0.5013322;0.05158512;;
65.553;-0.5013238;0.05143441;;
65.58;-0.5007824;0.03953441;;
65.581;-0.5007783;0.03944203;;
65.582;-0.5007776;0.03942757;;
65.583;-0.5007774;0.03942384;;
65.584;-0.5007774;0.03942255;;
65.585;-0.5007774;0.03942255;;
65.614;-0.5001395;0.01656497;;
65.615;-0.5001393;0.01655854;;
65.617;-0.5001488;0.01690194;;
65.619;-0.500148;0.01687102;;
65.62;-0.500134;0.01636931;;
65.621;-0.500134;0.01636931;;
65.649;-0.5000207;-0.006427642;;
65.649;-0.5000207;-0.006427642;;
65.651;-0.5000207;-0.006427642;;
65.652;-0.5000207;-0.006427642;;
65.653;-0.5000207;-0.006427642;;
65.654;-0.5000207;-0.006427642;;
65.682;-0.5002578;-0.02265125;;
65.683;-0.5002578;-0.02265634;;
65.685;-0.5002542;-0.02240607;;
65.687;-0.5002585;-0.02269814;;
65.688;-0.5002592;-0.02274638;;
65.689;-0.5002598;-0.02278925;;
65.716;-0.5009263;-0.04298638;;
65.717;-0.5009314;-0.04314128;;
65.719;-0.5009324;-0.04317184;;
65.72;-0.5009325;-0.04317469;;
65.721;-0.5009326;-0.04317662;;
65.722;-0.5009326;-0.04317662;;
65.7479335;;;-0.41557705285428;-0.44048946690598
65.511;-0.5023576;0.06859328;;
65.511;-0.5023493;0.06848753;;
65.512;-0.5021535;0.06557615;;
65.516;-0.5021151;0.06500519;;
65.517;-0.5021128;0.06497053;;
65.518;-0.5021128;0.06497053;;
65.547;-0.501736;0.05889779;;
65.548;-0.501736;0.05889779;;
65.55;-0.501443;0.05359308;;
65.551;-0.5013851;0.05254381;;
65.552;-0.5013322;0.05158512;;
65.553;-0.5013238;0.05143441;;
65.58;-0.5007824;0.03953441;;
65.581;-0.5007783;0.03944203;;
65.582;-0.5007776;0.03942757;;
65.583;-0.5007774;0.03942384;;
65.584;-0.5007774;0.03942255;;
65.585;-0.5007774;0.03942255;;
65.614;-0.5001395;0.01656497;;
65.615;-0.5001393;0.01655854;;
65.617;-0.5001488;0.01690194;;
65.619;-0.500148;0.01687102;;
65.62;-0.500134;0.01636931;;
65.621;-0.500134;0.01636931;;
65.649;-0.5000207;-0.006427642;;
65.649;-0.5000207;-0.006427642;;
65.651;-0.5000207;-0.006427642;;
65.652;-0.5000207;-0.006427642;;
65.653;-0.5000207;-0.006427642;;
65.654;-0.5000207;-0.006427642;;
65.682;-0.5002578;-0.02265125;;
65.683;-0.5002578;-0.02265634;;
65.685;-0.5002542;-0.02240607;;
65.687;-0.5002585;-0.02269814;;
65.688;-0.5002592;-0.02274638;;
65.689;-0.5002598;-0.02278925;;
65.716;-0.5009263;-0.04298638;;
65.717;-0.5009314;-0.04314128;;
65.719;-0.5009324;-0.04317184;;
65.72;-0.5009325;-0.04317469;;
65.721;-0.5009326;-0.04317662;;
65.722;-0.5009326;-0.04317662;;
65.749;-0.5016711;-0.05776939;;
65.752;-0.5016717;-0.05778269;;
65.754;-0.5016772;-0.05789166;;
65.755;-0.5016778;-0.05790193;;
65.756;-0.5016778;-0.0579035;;
65.756;-0.5016779;-0.05790406;;
65.783;-0.5029911;-0.07728741;;
65.784;-0.5029911;-0.07728741;;
65.786;-0.5029911;-0.07728741;;
65.788;-0.5029911;-0.07728741;;
65.79;-0.5029911;-0.07728741;;
65.79;-0.5029911;-0.07728741;;
65.814958;;;-0.1401836717683;-0.413426709057156
65.58;-0.5007824;0.03953441;;
65.581;-0.5007783;0.03944203;;
65.582;-0.5007776;0.03942757;;
65.583;-0.5007774;0.03942384;;
65.584;-0.5007774;0.03942255;;
65.585;-0.5007774;0.03942255;;
65.614;-0.5001395;0.01656497;;
65.615;-0.5001393;0.01655854;;
65.617;-0.5001488;0.01690194;;
65.619;-0.500148;0.01687102;;
65.62;-0.500134;0.01636931;;
65.621;-0.500134;0.01636931;;
65.649;-0.5000207;-0.006427642;;
65.649;-0.5000207;-0.006427642;;
65.651;-0.5000207;-0.006427642;;
65.652;-0.5000207;-0.006427642;;
65.653;-0.5000207;-0.006427642;;
65.654;-0.5000207;-0.006427642;;
65.682;-0.5002578;-0.02265125;;
65.683;-0.5002578;-0.02265634;;
65.685;-0.5002542;-0.02240607;;
65.687;-0.5002585;-0.02269814;;
65.688;-0.5002592;-0.02274638;;
65.689;-0.5002598;-0.02278925;;
65.716;-0.5009263;-0.04298638;;
65.717;-0.5009314;-0.04314128;;
65.719;-0.5009324;-0.04317184;;
65.72;-0.5009325;-0.04317469;;
65.721;-0.5009326;-0.04317662;;
65.722;-0.5009326;-0.04317662;;
65.749;-0.5016711;-0.05776939;;
65.752;-0.5016717;-0.05778269;;
65.754;-0.5016772;-0.05789166;;
65.755;-0.5016778;-0.05790193;;
65.756;-0.5016778;-0.0579035;;
65.756;-0.5016779;-0.05790406;;
65.783;-0.5029911;-0.07728741;;
65.784;-0.5029911;-0.07728741;;
65.786;-0.5029911;-0.07728741;;
65.788;-0.5029911;-0.07728741;;
65.79;-0.5029911;-0.07728741;;
65.79;-0.5029911;-0.07728741;;
65.817;-0.5043177;-0.09281448;;
65.818;-0.5043278;-0.09293309;;
65.82;-0.5043297;-0.09295443;;
65.821;-0.5043298;-0.09295628;;
65.822;-0.5043299;-0.09295754;;
65.822;-0.5043299;-0.09295754;;
65.824;-0.5043299;-0.09295754;;
65.852;-0.5063406;-0.1124322;;
65.854;-0.5063406;-0.1124322;;
65.856;-0.5063406;-0.1124322;;
65.857;-0.5063406;-0.1124322;;
65.858;-0.5063406;-0.1124322;;
65.8818504;;;-0.0637489196084383;-0.405575883466007
65.614;-0.5001395;0.01656497;;
65.615;-0.5001393;0.01655854;;
65.617;-0.5001488;0.01690194;;
65.619;-0.500148;0.01687102;;
65.62;-0.500134;0.01636931;;
65.621;-0.500134;0.01636931;;
65.649;-0.5000207;-0.006427642;;
65.649;-0.5000207;-0.006427642;;
65.651;-0.5000207;-0.006427642;;
65.652;-0.5000207;-0.006427642;;
65.653;-0.5000207;-0.006427642;;
65.654;-0.5000207;-0.006427642;;
65.682;-0.5002578;-0.02265125;;
65.683;-0.5002578;-0.02265634;;
65.685;-0.5002542;-0.02240607;;
65.687;-0.5002585;-0.02269814;;
65.688;-0.5002592;-0.02274638;;
65.689;-0.5002598;-0.02278925;;
65.716;-0.5009263;-0.04298638;;
65.717;-0.5009314;-0.04314128;;
65.719;-0.5009324;-0.04317184;;
65.72;-0.5009325;-0.04317469;;
65.721;-0.5009326;-0.04317662;;
65.722;-0.5009326;-0.04317662;;
65.749;-0.5016711;-0.05776939;;
65.752;-0.5016717;-0.05778269;;
65.754;-0.5016772;-0.05789166;;
65.755;-0.5016778;-0.05790193;;
65.756;-0.5016778;-0.0579035;;
65.756;-0.5016779;-0.05790406;;
65.783;-0.5029911;-0.07728741;;
65.784;-0.5029911;-0.07728741;;
65.786;-0.5029911;-0.07728741;;
65.788;-0.5029911;-0.07728741;;
65.79;-0.5029911;-0.07728741;;
65.79;-0.5029911;-0.07728741;;
65.817;-0.5043177;-0.09281448;;
65.818;-0.5043278;-0.09293309;;
65.82;-0.5043297;-0.09295443;;
65.821;-0.5043298;-0.09295628;;
65.822;-0.5043299;-0.09295754;;
65.822;-0.5043299;-0.09295754;;
65.824;-0.5043299;-0.09295754;;
65.852;-0.5063406;-0.1124322;;
65.854;-0.5063406;-0.1124322;;
65.856;-0.5063406;-0.1124322;;
65.857;-0.5063406;-0.1124322;;
65.858;-0.5063406;-0.1124322;;
65.889;-0.5081931;-0.127746;;
65.89;-0.5081931;-0.127746;;
65.891;-0.5081789;-0.1276292;;
65.891;-0.5081792;-0.1276309;;
65.892;-0.5081795;-0.1276343;;
65.893;-0.5081892;-0.1277141;;
65.9635435;;;0.0727051373123938;-0.381789302324618
65.749;-0.5016711;-0.05776939;;
65.752;-0.5016717;-0.05778269;;
65.754;-0.5016772;-0.05789166;;
65.755;-0.5016778;-0.05790193;;
65.756;-0.5016778;-0.0579035;;
65.756;-0.5016779;-0.05790406;;
65.783;-0.5029911;-0.07728741;;
65.784;-0.5029911;-0.07728741;;
65.786;-0.5029911;-0.07728741;;
65.788;-0.5029911;-0.07728741;;
65.79;-0.5029911;-0.07728741;;
65.79;-0.5029911;-0.07728741;;
65.817;-0.5043177;-0.09281448;;
65.818;-0.5043278;-0.09293309;;
65.82;-0.5043297;-0.09295443;;
65.821;-0.5043298;-0.09295628;;
65.822;-0.5043299;-0.09295754;;
65.822;-0.5043299;-0.09295754;;
65.824;-0.5043299;-0.09295754;;
65.852;-0.5063406;-0.1124322;;
65.854;-0.5063406;-0.1124322;;
65.856;-0.5063406;-0.1124322;;
65.857;-0.5063406;-0.1124322;;
65.858;-0.5063406;-0.1124322;;
65.889;-0.5081931;-0.127746;;
65.89;-0.5081931;-0.127746;;
65.891;-0.5081789;-0.1276292;;
65.891;-0.5081792;-0.1276309;;
65.892;-0.5081795;-0.1276343;;
65.893;-0.5081892;-0.1277141;;
65.987;-0.5155669;-0.1757422;;
65.988;-0.5155835;-0.1758499;;
65.991;-0.5155863;-0.1758682;;
66.021;-0.5176865;-0.1872409;;
66.023;-0.5177017;-0.1873232;;
66.025;-0.5177037;-0.1873338;;
66.026;-0.517704;-0.187335;;
66.0379751;;;-0.439382319999329;-0.370909256579524
65.817;-0.5043177;-0.09281448;;
65.818;-0.5043278;-0.09293309;;
65.82;-0.5043297;-0.09295443;;
65.821;-0.5043298;-0.09295628;;
65.822;-0.5043299;-0.09295754;;
65.822;-0.5043299;-0.09295754;;
65.824;-0.5043299;-0.09295754;;
65.852;-0.5063406;-0.1124322;;
65.854;-0.5063406;-0.1124322;;
65.856;-0.5063406;-0.1124322;;
65.857;-0.5063406;-0.1124322;;
65.858;-0.5063406;-0.1124322;;
65.889;-0.5081931;-0.127746;;
65.89;-0.5081931;-0.127746;;
65.891;-0.5081789;-0.1276292;;
65.891;-0.5081792;-0.1276309;;
65.892;-0.5081795;-0.1276343;;
65.893;-0.5081892;-0.1277141;;
65.987;-0.5155669;-0.1757422;;
65.988;-0.5155835;-0.1758499;;
65.991;-0.5155863;-0.1758682;;
66.021;-0.5176865;-0.1872409;;
66.023;-0.5177017;-0.1873232;;
66.025;-0.5177037;-0.1873338;;
66.026;-0.517704;-0.187335;;
66.057;-0.5231618;-0.2139654;;
66.059;-0.5232019;-0.2141608;;
66.089;-0.5270864;-0.2311634;;
66.09;-0.5271129;-0.2312795;;
66.092;-0.5271175;-0.2312995;;
66.095;-0.5283051;-0.2362298;;
66.096;-0.5284729;-0.2369267;;
66.097;-0.5284991;-0.2370352;;
66.1164844;;;-0.338972794309481;-0.377833158697207
65.987;-0.5155669;-0.1757422;;
65.988;-0.5155835;-0.1758499;;
65.991;-0.5155863;-0.1758682;;
66.021;-0.5176865;-0.1872409;;
66.023;-0.5177017;-0.1873232;;
66.025;-0.5177037;-0.1873338;;
66.026;-0.517704;-0.187335;;
66.057;-0.5231618;-0.2139654;;
66.059;-0.5232019;-0.2141608;;
66.089;-0.5270864;-0.2311634;;
66.09;-0.5271129;-0.2312795;;
66.092;-0.5271175;-0.2312995;;
66.095;-0.5283051;-0.2362298;;
66.096;-0.5284729;-0.2369267;;
66.097;-0.5284991;-0.2370352;;
66.124;-0.5312476;-0.2480225;;
66.126;-0.5313056;-0.2482542;;
66.129;-0.5313207;-0.2483148;;
66.13;-0.5325834;-0.25318;;
66.131;-0.5327715;-0.2539045;;
66.132;-0.5328176;-0.2540822;;
66.157;-0.5358394;-0.2653167;;
66.158;-0.5358646;-0.2654104;;
66.16;-0.5358679;-0.2654228;;
66.161;-0.5368689;-0.2690182;;
66.163;-0.5373707;-0.2708203;;
66.194;-0.5406501;-0.2822174;;
66.195197;;;-0.0306599521355412;-0.383374744732003
65.987;-0.5155669;-0.1757422;;
65.988;-0.5155835;-0.1758499;;
65.991;-0.5155863;-0.1758682;;
66.021;-0.5176865;-0.1872409;;
66.023;-0.5177017;-0.1873232;;
66.025;-0.5177037;-0.1873338;;
66.026;-0.517704;-0.187335;;
66.057;-0.5231618;-0.2139654;;
66.059;-0.5232019;-0.2141608;;
66.089;-0.5270864;-0.2311634;;
66.09;-0.5271129;-0.2312795;;
66.092;-0.5271175;-0.2312995;;
66.095;-0.5283051;-0.2362298;;
66.096;-0.5284729;-0.2369267;;
66.097;-0.5284991;-0.2370352;;
66.124;-0.5312476;-0.2480225;;
66.126;-0.5313056;-0.2482542;;
66.129;-0.5313207;-0.2483148;;
66.13;-0.5325834;-0.25318;;
66.131;-0.5327715;-0.2539045;;
66.132;-0.5328176;-0.2540822;;
66.157;-0.5358394;-0.2653167;;
66.158;-0.5358646;-0.2654104;;
66.16;-0.5358679;-0.2654228;;
66.161;-0.5368689;-0.2690182;;
66.163;-0.5373707;-0.2708203;;
66.194;-0.5406501;-0.2822174;;
66.195;-0.5419821;-0.2866978;;
66.196;-0.5421429;-0.2872386;;
66.197;-0.5422029;-0.2874408;;
66.199;-0.5423199;-0.2878341;;
66.201;-0.5423288;-0.2878641;;
66.202;-0.5423315;-0.2878732;;
66.225;-0.54575;-0.2990074;;
66.227;-0.5457831;-0.2991154;;
66.229;-0.5469562;-0.3028204;;
66.23;-0.5471958;-0.3035769;;
66.23;-0.5472124;-0.3036292;;
66.259;-0.5510801;-0.3155105;;
66.263;-0.5527291;-0.3204252;;
66.2729057;;;-0.0373327141862204;-0.414158362736566
66.057;-0.5231618;-0.2139654;;
66.059;-0.5232019;-0.2141608;;
66.089;-0.5270864;-0.2311634;;
66.09;-0.5271129;-0.2312795;;
66.092;-0.5271175;-0.2312995;;
66.095;-0.5283051;-0.2362298;;
66.096;-0.5284729;-0.2369267;;
66.097;-0.5284991;-0.2370352;;
66.124;-0.5312476;-0.2480225;;
66.126;-0.5313056;-0.2482542;;
66.129;-0.5313207;-0.2483148;;
66.13;-0.5325834;-0.25318;;
66.131;-0.5327715;-0.2539045;;
66.132;-0.5328176;-0.2540822;;
66.157;-0.5358394;-0.2653167;;
66.158;-0.5358646;-0.2654104;;
66.16;-0.5358679;-0.2654228;;
66.161;-0.5368689;-0.2690182;;
66.163;-0.5373707;-0.2708203;;
66.194;-0.5406501;-0.2822174;;
66.195;-0.5419821;-0.2866978;;
66.196;-0.5421429;-0.2872386;;
66.197;-0.5422029;-0.2874408;;
66.199;-0.5423199;-0.2878341;;
66.201;-0.5423288;-0.2878641;;
66.202;-0.5423315;-0.2878732;;
66.225;-0.54575;-0.2990074;;
66.227;-0.5457831;-0.2991154;;
66.229;-0.5469562;-0.3028204;;
66.23;-0.5471958;-0.3035769;;
66.23;-0.5472124;-0.3036292;;
66.259;-0.5510801;-0.3155105;;
66.263;-0.5527291;-0.3204252;;
66.293;-0.5567353;-0.3320359;;
66.295;-0.5583745;-0.3366488;;
66.298;-0.5588089;-0.3378713;;
66.299;-0.5589285;-0.3382078;;
66.327;-0.5627942;-0.3487753;;
66.328;-0.5628209;-0.348848;;
66.329;-0.5643861;-0.3530163;;
66.331;-0.5646788;-0.3537957;;
66.333;-0.5648047;-0.3541309;;
66.334;-0.5648269;-0.3541902;;
66.3514451;;;0.198637474756543;-0.396198674830711
66.124;-0.5312476;-0.2480225;;
66.126;-0.5313056;-0.2482542;;
66.129;-0.5313207;-0.2483148;;
66.13;-0.5325834;-0.25318;;
66.131;-0.5327715;-0.2539045;;
66.132;-0.5328176;-0.2540822;;
66.157;-0.5358394;-0.2653167;;
66.158;-0.5358646;-0.2654104;;
66.16;-0.5358679;-0.2654228;;
66.161;-0.5368689;-0.2690182;;
66.163;-0.5373707;-0.2708203;;
66.194;-0.5406501;-0.2822174;;
66.195;-0.5419821;-0.2866978;;
66.196;-0.5421429;-0.2872386;;
66.197;-0.5422029;-0.2874408;;
66.199;-0.5423199;-0.2878341;;
66.201;-0.5423288;-0.2878641;;
66.202;-0.5423315;-0.2878732;;
66.225;-0.54575;-0.2990074;;
66.227;-0.5457831;-0.2991154;;
66.229;-0.5469562;-0.3028204;;
66.23;-0.5471958;-0.3035769;;
66.23;-0.5472124;-0.3036292;;
66.259;-0.5510801;-0.3155105;;
66.263;-0.5527291;-0.3204252;;
66.293;-0.5567353;-0.3320359;;
66.295;-0.5583745;-0.3366488;;
66.298;-0.5588089;-0.3378713;;
66.299;-0.5589285;-0.3382078;;
66.327;-0.5627942;-0.3487753;;
66.328;-0.5628209;-0.348848;;
66.329;-0.5643861;-0.3530163;;
66.331;-0.5646788;-0.3537957;;
66.333;-0.5648047;-0.3541309;;
66.334;-0.5648269;-0.3541902;;
66.361;-0.5690193;-0.3650652;;
66.364;-0.5690848;-0.365235;;
66.366;-0.5707346;-0.3694034;;
66.367;-0.5710797;-0.3702755;;
66.368;-0.5712539;-0.3707156;;
66.369;-0.5712831;-0.3707894;;
66.396;-0.5755085;-0.3811997;;
66.397;-0.5767601;-0.3842102;;
66.398;-0.5774702;-0.3859185;;
66.401;-0.5777904;-0.3866885;;
66.402;-0.5778557;-0.3868458;;
66.402;-0.577867;-0.3868728;;
66.4294628;;;0.157464412304828;-0.356288629736828
66.225;-0.54575;-0.2990074;;
66.227;-0.5457831;-0.2991154;;
66.229;-0.5469562;-0.3028204;;
66.23;-0.5471958;-0.3035769;;
66.23;-0.5472124;-0.3036292;;
66.259;-0.5510801;-0.3155105;;
66.263;-0.5527291;-0.3204252;;
66.293;-0.5567353;-0.3320359;;
66.295;-0.5583745;-0.3366488;;
66.298;-0.5588089;-0.3378713;;
66.299;-0.5589285;-0.3382078;;
66.327;-0.5627942;-0.3487753;;
66.328;-0.5628209;-0.348848;;
66.329;-0.5643861;-0.3530163;;
66.331;-0.5646788;-0.3537957;;
66.333;-0.5648047;-0.3541309;;
66.334;-0.5648269;-0.3541902;;
66.361;-0.5690193;-0.3650652;;
66.364;-0.5690848;-0.365235;;
66.366;-0.5707346;-0.3694034;;
66.367;-0.5710797;-0.3702755;;
66.368;-0.5712539;-0.3707156;;
66.369;-0.5712831;-0.3707894;;
66.396;-0.5755085;-0.3811997;;
66.397;-0.5767601;-0.3842102;;
66.398;-0.5774702;-0.3859185;;
66.401;-0.5777904;-0.3866885;;
66.402;-0.5778557;-0.3868458;;
66.402;-0.577867;-0.3868728;;
66.43;-0.5847419;-0.4028646;;
66.431;-0.5847441;-0.4028696;;
66.432;-0.5846357;-0.4026174;;
66.434;-0.5847616;-0.4029103;;
66.436;-0.5847988;-0.4029967;;
66.436;-0.5848013;-0.4030027;;
66.464;-0.5919505;-0.4188597;;
66.465;-0.5919988;-0.4189668;;
66.466;-0.592009;-0.4189894;;
66.468;-0.5920136;-0.4189996;;
66.469;-0.5920146;-0.4190017;;
66.498;-0.5994336;-0.4347156;;
66.499;-0.5994982;-0.4348522;;
66.5;-0.5994982;-0.4348522;;
66.501;-0.5994982;-0.4348522;;
66.502;-0.5994982;-0.4348522;;
66.504;-0.5994982;-0.4348522;;
66.505;-0.5994982;-0.4348522;;
66.5073757;;;-0.196579662990681;-0.329565312788231
66.293;-0.5567353;-0.3320359;;
66.295;-0.5583745;-0.3366488;;
66.298;-0.5588089;-0.3378713;;
66.299;-0.5589285;-0.3382078;;
66.327;-0.5627942;-0.3487753;;
66.328;-0.5628209;-0.348848;;
66.329;-0.5643861;-0.3530163;;
66.331;-0.5646788;-0.3537957;;
66.333;-0.5648047;-0.3541309;;
66.334;-0.5648269;-0.3541902;;
66.361;-0.5690193;-0.3650652;;
66.364;-0.5690848;-0.365235;;
66.366;-0.5707346;-0.3694034;;
66.367;-0.5710797;-0.3702755;;
66.368;-0.5712539;-0.3707156;;
66.369;-0.5712831;-0.3707894;;
66.396;-0.5755085;-0.3811997;;
66.397;-0.5767601;-0.3842102;;
66.398;-0.5774702;-0.3859185;;
66.401;-0.5777904;-0.3866885;;
66.402;-0.5778557;-0.3868458;;
66.402;-0.577867;-0.3868728;;
66.43;-0.5847419;-0.4028646;;
66.431;-0.5847441;-0.4028696;;
66.432;-0.5846357;-0.4026174;;
66.434;-0.5847616;-0.4029103;;
66.436;-0.5847988;-0.4029967;;
66.436;-0.5848013;-0.4030027;;
66.464;-0.5919505;-0.4188597;;
66.465;-0.5919988;-0.4189668;;
66.466;-0.592009;-0.4189894;;
66.468;-0.5920136;-0.4189996;;
66.469;-0.5920146;-0.4190017;;
66.498;-0.5994336;-0.4347156;;
66.499;-0.5994982;-0.4348522;;
66.5;-0.5994982;-0.4348522;;
66.501;-0.5994982;-0.4348522;;
66.502;-0.5994982;-0.4348522;;
66.504;-0.5994982;-0.4348522;;
66.505;-0.5994982;-0.4348522;;
66.532;-0.6082805;-0.4525845;;
66.533;-0.6083475;-0.4527197;;
66.534;-0.6083561;-0.4527371;;
66.537;-0.6083603;-0.4527456;;
66.538;-0.6083613;-0.4527476;;
66.539;-0.6083614;-0.4527479;;
66.567;-0.6152281;-0.4660223;;
66.567;-0.615253;-0.4660703;;
66.569;-0.6152787;-0.4661201;;
66.571;-0.6152874;-0.4661368;;
66.572;-0.6152903;-0.4661425;;
66.573;-0.6152903;-0.4661425;;
66.5854723;;;-0.166636436872081;-0.301678910034991
66.361;-0.5690193;-0.3650652;;
66.364;-0.5690848;-0.365235;;
66.366;-0.5707346;-0.3694034;;
66.367;-0.5710797;-0.3702755;;
66.368;-0.5712539;-0.3707156;;
66.369;-0.5712831;-0.3707894;;
66.396;-0.5755085;-0.3811997;;
66.397;-0.5767601;-0.3842102;;
66.398;-0.5774702;-0.3859185;;
66.401;-0.5777904;-0.3866885;;
66.402;-0.5778557;-0.3868458;;
66.402;-0.577867;-0.3868728;;
66.43;-0.5847419;-0.4028646;;
66.431;-0.5847441;-0.4028696;;
66.432;-0.5846357;-0.4026174;;
66.434;-0.5847616;-0.4029103;;
66.436;-0.5847988;-0.4029967;;
66.436;-0.5848013;-0.4030027;;
66.464;-0.5919505;-0.4188597;;
66.465;-0.5919988;-0.4189668;;
66.466;-0.592009;-0.4189894;;
66.468;-0.5920136;-0.4189996;;
66.469;-0.5920146;-0.4190017;;
66.498;-0.5994336;-0.4347156;;
66.499;-0.5994982;-0.4348522;;
66.5;-0.5994982;-0.4348522;;
66.501;-0.5994982;-0.4348522;;
66.502;-0.5994982;-0.4348522;;
66.504;-0.5994982;-0.4348522;;
66.505;-0.5994982;-0.4348522;;
66.532;-0.6082805;-0.4525845;;
66.533;-0.6083475;-0.4527197;;
66.534;-0.6083561;-0.4527371;;
66.537;-0.6083603;-0.4527456;;
66.538;-0.6083613;-0.4527476;;
66.539;-0.6083614;-0.4527479;;
66.567;-0.6152281;-0.4660223;;
66.567;-0.615253;-0.4660703;;
66.569;-0.6152787;-0.4661201;;
66.571;-0.6152874;-0.4661368;;
66.572;-0.6152903;-0.4661425;;
66.573;-0.6152903;-0.4661425;;
66.601;-0.6208321;-0.4765108;;
66.602;-0.6208687;-0.4765792;;
66.603;-0.6208786;-0.4765979;;
66.605;-0.620882;-0.4766041;;
66.607;-0.6228282;-0.4801696;;
66.608;-0.6232156;-0.4808792;;
66.61;-0.623585;-0.481556;;
66.635;-0.632134;-0.4967952;;
66.637;-0.6321933;-0.496901;;
66.639;-0.6322113;-0.496933;;
66.64;-0.632219;-0.4969469;;
66.641;-0.632219;-0.4969469;;
66.6530259;;;-0.0162923983477599;-0.269598597392375
66.43;-0.5847419;-0.4028646;;
66.431;-0.5847441;-0.4028696;;
66.432;-0.5846357;-0.4026174;;
66.434;-0.5847616;-0.4029103;;
66.436;-0.5847988;-0.4029967;;
66.436;-0.5848013;-0.4030027;;
66.464;-0.5919505;-0.4188597;;
66.465;-0.5919988;-0.4189668;;
66.466;-0.592009;-0.4189894;;
66.468;-0.5920136;-0.4189996;;
66.469;-0.5920146;-0.4190017;;
66.498;-0.5994336;-0.4347156;;
66.499;-0.5994982;-0.4348522;;
66.5;-0.5994982;-0.4348522;;
66.501;-0.5994982;-0.4348522;;
66.502;-0.5994982;-0.4348522;;
66.504;-0.5994982;-0.4348522;;
66.505;-0.5994982;-0.4348522;;
66.532;-0.6082805;-0.4525845;;
66.533;-0.6083475;-0.4527197;;
66.534;-0.6083561;-0.4527371;;
66.537;-0.6083603;-0.4527456;;
66.538;-0.6083613;-0.4527476;;
66.539;-0.6083614;-0.4527479;;
66.567;-0.6152281;-0.4660223;;
66.567;-0.615253;-0.4660703;;
66.569;-0.6152787;-0.4661201;;
66.571;-0.6152874;-0.4661368;;
66.572;-0.6152903;-0.4661425;;
66.573;-0.6152903;-0.4661425;;
66.601;-0.6208321;-0.4765108;;
66.602;-0.6208687;-0.4765792;;
66.603;-0.6208786;-0.4765979;;
66.605;-0.620882;-0.4766041;;
66.607;-0.6228282;-0.4801696;;
66.608;-0.6232156;-0.4808792;;
66.61;-0.623585;-0.481556;;
66.635;-0.632134;-0.4967952;;
66.637;-0.6321933;-0.496901;;
66.639;-0.6322113;-0.496933;;
66.64;-0.632219;-0.4969469;;
66.641;-0.632219;-0.4969469;;
66.674;-0.6381319;-0.5071325;;
66.675;-0.6381319;-0.5071325;;
66.677;-0.6403775;-0.5109236;;
66.678;-0.6409236;-0.5118456;;
66.679;-0.6410279;-0.5120218;;
66.682;-0.6461884;-0.5205607;;
66.684;-0.6473452;-0.5224747;;
66.685;-0.6473452;-0.5224747;;
66.706;-0.648709;-0.5246938;;
66.707;-0.6487226;-0.524716;;
66.708;-0.6487243;-0.5247187;;
66.716;-0.6487249;-0.5247198;;
66.717;-0.648725;-0.5247198;;
66.718205;;;-0.0199436135035631;-0.245747529482053
66.498;-0.5994336;-0.4347156;;
66.499;-0.5994982;-0.4348522;;
66.5;-0.5994982;-0.4348522;;
66.501;-0.5994982;-0.4348522;;
66.502;-0.5994982;-0.4348522;;
66.504;-0.5994982;-0.4348522;;
66.505;-0.5994982;-0.4348522;;
66.532;-0.6082805;-0.4525845;;
66.533;-0.6083475;-0.4527197;;
66.534;-0.6083561;-0.4527371;;
66.537;-0.6083603;-0.4527456;;
66.538;-0.6083613;-0.4527476;;
66.539;-0.6083614;-0.4527479;;
66.567;-0.6152281;-0.4660223;;
66.567;-0.615253;-0.4660703;;
66.569;-0.6152787;-0.4661201;;
66.571;-0.6152874;-0.4661368;;
66.572;-0.6152903;-0.4661425;;
66.573;-0.6152903;-0.4661425;;
66.601;-0.6208321;-0.4765108;;
66.602;-0.6208687;-0.4765792;;
66.603;-0.6208786;-0.4765979;;
66.605;-0.620882;-0.4766041;;
66.607;-0.6228282;-0.4801696;;
66.608;-0.6232156;-0.4808792;;
66.61;-0.623585;-0.481556;;
66.635;-0.632134;-0.4967952;;
66.637;-0.6321933;-0.496901;;
66.639;-0.6322113;-0.496933;;
66.64;-0.632219;-0.4969469;;
66.641;-0.632219;-0.4969469;;
66.674;-0.6381319;-0.5071325;;
66.675;-0.6381319;-0.5071325;;
66.677;-0.6403775;-0.5109236;;
66.678;-0.6409236;-0.5118456;;
66.679;-0.6410279;-0.5120218;;
66.682;-0.6461884;-0.5205607;;
66.684;-0.6473452;-0.5224747;;
66.685;-0.6473452;-0.5224747;;
66.706;-0.648709;-0.5246938;;
66.707;-0.6487226;-0.524716;;
66.708;-0.6487243;-0.5247187;;
66.716;-0.6487249;-0.5247198;;
66.717;-0.648725;-0.5247198;;
66.718;-0.6532444;-0.5319821;;
66.74;-0.6531491;-0.5318289;;
66.742;-0.6580346;-0.5395142;;
66.744;-0.6588221;-0.5407531;;
66.745;-0.6589425;-0.5409424;;
66.746;-0.6591147;-0.5412134;;
66.746;-0.6591147;-0.5412134;;
66.774;-0.6662552;-0.55215;;
66.775;-0.6662552;-0.55215;;
66.777;-0.6662552;-0.55215;;
66.779;-0.6662552;-0.55215;;
66.7794077;;;-0.0555127590971148;-0.249979262007561
66.567;-0.6152281;-0.4660223;;
66.567;-0.615253;-0.4660703;;
66.569;-0.6152787;-0.4661201;;
66.571;-0.6152874;-0.4661368;;
66.572;-0.6152903;-0.4661425;;
66.573;-0.6152903;-0.4661425;;
66.601;-0.6208321;-0.4765108;;
66.602;-0.6208687;-0.4765792;;
66.603;-0.6208786;-0.4765979;;
66.605;-0.620882;-0.4766041;;
66.607;-0.6228282;-0.4801696;;
66.608;-0.6232156;-0.4808792;;
66.61;-0.623585;-0.481556;;
66.635;-0.632134;-0.4967952;;
66.637;-0.6321933;-0.496901;;
66.639;-0.6322113;-0.496933;;
66.64;-0.632219;-0.4969469;;
66.641;-0.632219;-0.4969469;;
66.674;-0.6381319;-0.5071325;;
66.675;-0.6381319;-0.5071325;;
66.677;-0.6403775;-0.5109236;;
66.678;-0.6409236;-0.5118456;;
66.679;-0.6410279;-0.5120218;;
66.682;-0.6461884;-0.5205607;;
66.684;-0.6473452;-0.5224747;;
66.685;-0.6473452;-0.5224747;;
66.706;-0.648709;-0.5246938;;
66.707;-0.6487226;-0.524716;;
66.708;-0.6487243;-0.5247187;;
66.716;-0.6487249;-0.5247198;;
66.717;-0.648725;-0.5247198;;
66.718;-0.6532444;-0.5319821;;
66.74;-0.6531491;-0.5318289;;
66.742;-0.6580346;-0.5395142;;
66.744;-0.6588221;-0.5407531;;
66.745;-0.6589425;-0.5409424;;
66.746;-0.6591147;-0.5412134;;
66.746;-0.6591147;-0.5412134;;
66.774;-0.6662552;-0.55215;;
66.775;-0.6662552;-0.55215;;
66.777;-0.6662552;-0.55215;;
66.779;-0.6662552;-0.55215;;
66.78;-0.6690595;-0.5563524;;
66.78;-0.6694387;-0.5569208;;
66.808;-0.676748;-0.5676734;;
66.809;-0.6768088;-0.5677634;;
66.81;-0.676828;-0.5677916;;
66.811;-0.6768337;-0.5678002;;
66.811;-0.6768351;-0.5678023;;
66.813;-0.6768395;-0.5678087;;
66.842;-0.6833707;-0.5771626;;
66.843;-0.6833707;-0.5771626;;
66.844;-0.6833707;-0.5771626;;
66.8459186;;;-0.15921697678423;-0.260673442088815
66.635;-0.632134;-0.4967952;;
66.637;-0.6321933;-0.496901;;
66.639;-0.6322113;-0.496933;;
66.64;-0.632219;-0.4969469;;
66.641;-0.632219;-0.4969469;;
66.674;-0.6381319;-0.5071325;;
66.675;-0.6381319;-0.5071325;;
66.677;-0.6403775;-0.5109236;;
66.678;-0.6409236;-0.5118456;;
66.679;-0.6410279;-0.5120218;;
66.682;-0.6461884;-0.5205607;;
66.684;-0.6473452;-0.5224747;;
66.685;-0.6473452;-0.5224747;;
66.706;-0.648709;-0.5246938;;
66.707;-0.6487226;-0.524716;;
66.708;-0.6487243;-0.5247187;;
66.716;-0.6487249;-0.5247198;;
66.717;-0.648725;-0.5247198;;
66.718;-0.6532444;-0.5319821;;
66.74;-0.6531491;-0.5318289;;
66.742;-0.6580346;-0.5395142;;
66.744;-0.6588221;-0.5407531;;
66.745;-0.6589425;-0.5409424;;
66.746;-0.6591147;-0.5412134;;
66.746;-0.6591147;-0.5412134;;
66.774;-0.6662552;-0.55215;;
66.775;-0.6662552;-0.55215;;
66.777;-0.6662552;-0.55215;;
66.779;-0.6662552;-0.55215;;
66.78;-0.6690595;-0.5563524;;
66.78;-0.6694387;-0.5569208;;
66.808;-0.676748;-0.5676734;;
66.809;-0.6768088;-0.5677634;;
66.81;-0.676828;-0.5677916;;
66.811;-0.6768337;-0.5678002;;
66.811;-0.6768351;-0.5678023;;
66.813;-0.6768395;-0.5678087;;
66.842;-0.6833707;-0.5771626;;
66.843;-0.6833707;-0.5771626;;
66.844;-0.6833707;-0.5771626;;
66.845;-0.6875537;-0.5830075;;
66.846;-0.6884795;-0.5843012;;
66.847;-0.6902513;-0.5867769;;
66.876;-0.6972224;-0.5962785;;
66.877;-0.6972224;-0.5962785;;
66.879;-0.6972224;-0.5962785;;
66.879;-0.6972224;-0.5962785;;
66.88;-0.6972224;-0.5962785;;
66.881;-0.6972224;-0.5962785;;
66.91;-0.71376;-0.6179159;;
66.911;-0.7138659;-0.6180545;;
66.912;-0.7138977;-0.6180961;;
66.914;-0.7139015;-0.6181011;;
66.915;-0.7139026;-0.6181026;;
66.917;-0.7139041;-0.6181046;;
66.9203901;;;-0.535314941473869;-0.266781505451233
66.684;-0.6473452;-0.5224747;;
66.685;-0.6473452;-0.5224747;;
66.706;-0.648709;-0.5246938;;
66.707;-0.6487226;-0.524716;;
66.708;-0.6487243;-0.5247187;;
66.716;-0.6487249;-0.5247198;;
66.717;-0.648725;-0.5247198;;
66.718;-0.6532444;-0.5319821;;
66.74;-0.6531491;-0.5318289;;
66.742;-0.6580346;-0.5395142;;
66.744;-0.6588221;-0.5407531;;
66.745;-0.6589425;-0.5409424;;
66.746;-0.6591147;-0.5412134;;
66.746;-0.6591147;-0.5412134;;
66.774;-0.6662552;-0.55215;;
66.775;-0.6662552;-0.55215;;
66.777;-0.6662552;-0.55215;;
66.779;-0.6662552;-0.55215;;
66.78;-0.6690595;-0.5563524;;
66.78;-0.6694387;-0.5569208;;
66.808;-0.676748;-0.5676734;;
66.809;-0.6768088;-0.5677634;;
66.81;-0.676828;-0.5677916;;
66.811;-0.6768337;-0.5678002;;
66.811;-0.6768351;-0.5678023;;
66.813;-0.6768395;-0.5678087;;
66.842;-0.6833707;-0.5771626;;
66.843;-0.6833707;-0.5771626;;
66.844;-0.6833707;-0.5771626;;
66.845;-0.6875537;-0.5830075;;
66.846;-0.6884795;-0.5843012;;
66.847;-0.6902513;-0.5867769;;
66.876;-0.6972224;-0.5962785;;
66.877;-0.6972224;-0.5962785;;
66.879;-0.6972224;-0.5962785;;
66.879;-0.6972224;-0.5962785;;
66.88;-0.6972224;-0.5962785;;
66.881;-0.6972224;-0.5962785;;
66.91;-0.71376;-0.6179159;;
66.911;-0.7138659;-0.6180545;;
66.912;-0.7138977;-0.6180961;;
66.914;-0.7139015;-0.6181011;;
66.915;-0.7139026;-0.6181026;;
66.917;-0.7139041;-0.6181046;;
66.945;-0.7273775;-0.6348625;;
66.946;-0.7274367;-0.6349362;;
66.948;-0.7274835;-0.6349944;;
66.949;-0.7274913;-0.635004;;
66.95;-0.7274973;-0.6350115;;
66.95;-0.7274983;-0.6350127;;
66.979;-0.7359126;-0.6451115;;
66.98;-0.7359601;-0.6451685;;
66.981;-0.7359794;-0.6451917;;
66.982;-0.7359838;-0.645197;;
66.983;-0.7359862;-0.6451998;;
66.984;-0.7359862;-0.6451998;;
66.9874371;;;-0.663430349864013;-0.27750239993892
66.774;-0.6662552;-0.55215;;
66.775;-0.6662552;-0.55215;;
66.777;-0.6662552;-0.55215;;
66.779;-0.6662552;-0.55215;;
66.78;-0.6690595;-0.5563524;;
66.78;-0.6694387;-0.5569208;;
66.808;-0.676748;-0.5676734;;
66.809;-0.6768088;-0.5677634;;
66.81;-0.676828;-0.5677916;;
66.811;-0.6768337;-0.5678002;;
66.811;-0.6768351;-0.5678023;;
66.813;-0.6768395;-0.5678087;;
66.842;-0.6833707;-0.5771626;;
66.843;-0.6833707;-0.5771626;;
66.844;-0.6833707;-0.5771626;;
66.845;-0.6875537;-0.5830075;;
66.846;-0.6884795;-0.5843012;;
66.847;-0.6902513;-0.5867769;;
66.876;-0.6972224;-0.5962785;;
66.877;-0.6972224;-0.5962785;;
66.879;-0.6972224;-0.5962785;;
66.879;-0.6972224;-0.5962785;;
66.88;-0.6972224;-0.5962785;;
66.881;-0.6972224;-0.5962785;;
66.91;-0.71376;-0.6179159;;
66.911;-0.7138659;-0.6180545;;
66.912;-0.7138977;-0.6180961;;
66.914;-0.7139015;-0.6181011;;
66.915;-0.7139026;-0.6181026;;
66.917;-0.7139041;-0.6181046;;
66.945;-0.7273775;-0.6348625;;
66.946;-0.7274367;-0.6349362;;
66.948;-0.7274835;-0.6349944;;
66.949;-0.7274913;-0.635004;;
66.95;-0.7274973;-0.6350115;;
66.95;-0.7274983;-0.6350127;;
66.979;-0.7359126;-0.6451115;;
66.98;-0.7359601;-0.6451685;;
66.981;-0.7359794;-0.6451917;;
66.982;-0.7359838;-0.645197;;
66.983;-0.7359862;-0.6451998;;
66.984;-0.7359862;-0.6451998;;
67.012;-0.7435793;-0.6540854;;
67.014;-0.7435793;-0.6540854;;
67.016;-0.7480484;-0.6592032;;
67.016;-0.7485185;-0.6597415;;
67.017;-0.7492448;-0.6605732;;
67.018;-0.7497945;-0.6612027;;
67.047;-0.7589788;-0.6714805;;
67.048;-0.7590201;-0.6715267;;
67.05;-0.7590437;-0.671553;;
67.051;-0.7590563;-0.6715671;;
67.052;-0.7590581;-0.6715691;;
67.053;-0.7590586;-0.6715697;;
67.0550776;;;-0.474313004243753;-0.29053256177216
66.842;-0.6833707;-0.5771626;;
66.843;-0.6833707;-0.5771626;;
66.844;-0.6833707;-0.5771626;;
66.845;-0.6875537;-0.5830075;;
66.846;-0.6884795;-0.5843012;;
66.847;-0.6902513;-0.5867769;;
66.876;-0.6972224;-0.5962785;;
66.877;-0.6972224;-0.5962785;;
66.879;-0.6972224;-0.5962785;;
66.879;-0.6972224;-0.5962785;;
66.88;-0.6972224;-0.5962785;;
66.881;-0.6972224;-0.5962785;;
66.91;-0.71376;-0.6179159;;
66.911;-0.7138659;-0.6180545;;
66.912;-0.7138977;-0.6180961;;
66.914;-0.7139015;-0.6181011;;
66.915;-0.7139026;-0.6181026;;
66.917;-0.7139041;-0.6181046;;
66.945;-0.7273775;-0.6348625;;
66.946;-0.7274367;-0.6349362;;
66.948;-0.7274835;-0.6349944;;
66.949;-0.7274913;-0.635004;;
66.95;-0.7274973;-0.6350115;;
66.95;-0.7274983;-0.6350127;;
66.979;-0.7359126;-0.6451115;;
66.98;-0.7359601;-0.6451685;;
66.981;-0.7359794;-0.6451917;;
66.982;-0.7359838;-0.645197;;
66.983;-0.7359862;-0.6451998;;
66.984;-0.7359862;-0.6451998;;
67.012;-0.7435793;-0.6540854;;
67.014;-0.7435793;-0.6540854;;
67.016;-0.7480484;-0.6592032;;
67.016;-0.7485185;-0.6597415;;
67.017;-0.7492448;-0.6605732;;
67.018;-0.7497945;-0.6612027;;
67.047;-0.7589788;-0.6714805;;
67.048;-0.7590201;-0.6715267;;
67.05;-0.7590437;-0.671553;;
67.051;-0.7590563;-0.6715671;;
67.052;-0.7590581;-0.6715691;;
67.053;-0.7590586;-0.6715697;;
67.086;-0.7670353;-0.680266;;
67.087;-0.772351;-0.685935;;
67.088;-0.7736758;-0.6873477;;
67.088;-0.7738993;-0.687586;;
67.089;-0.774078;-0.6877766;;
67.09;-0.7741046;-0.6878051;;
67.114;-0.7829543;-0.6970237;;
67.116;-0.7831025;-0.6971781;;
67.118;-0.7831317;-0.6972085;;
67.119;-0.7831372;-0.6972142;;
67.12;-0.7831389;-0.697216;;
67.12;-0.7831389;-0.697216;;
67.121552;;;-0.597206713664316;-0.314261412461379
66.91;-0.71376;-0.6179159;;
66.911;-0.7138659;-0.6180545;;
66.912;-0.7138977;-0.6180961;;
66.914;-0.7139015;-0.6181011;;
66.915;-0.7139026;-0.6181026;;
66.917;-0.7139041;-0.6181046;;
66.945;-0.7273775;-0.6348625;;
66.946;-0.7274367;-0.6349362;;
66.948;-0.7274835;-0.6349944;;
66.949;-0.7274913;-0.635004;;
66.95;-0.7274973;-0.6350115;;
66.95;-0.7274983;-0.6350127;;
66.979;-0.7359126;-0.6451115;;
66.98;-0.7359601;-0.6451685;;
66.981;-0.7359794;-0.6451917;;
66.982;-0.7359838;-0.645197;;
66.983;-0.7359862;-0.6451998;;
66.984;-0.7359862;-0.6451998;;
67.012;-0.7435793;-0.6540854;;
67.014;-0.7435793;-0.6540854;;
67.016;-0.7480484;-0.6592032;;
67.016;-0.7485185;-0.6597415;;
67.017;-0.7492448;-0.6605732;;
67.018;-0.7497945;-0.6612027;;
67.047;-0.7589788;-0.6714805;;
67.048;-0.7590201;-0.6715267;;
67.05;-0.7590437;-0.671553;;
67.051;-0.7590563;-0.6715671;;
67.052;-0.7590581;-0.6715691;;
67.053;-0.7590586;-0.6715697;;
67.086;-0.7670353;-0.680266;;
67.087;-0.772351;-0.685935;;
67.088;-0.7736758;-0.6873477;;
67.088;-0.7738993;-0.687586;;
67.089;-0.774078;-0.6877766;;
67.09;-0.7741046;-0.6878051;;
67.114;-0.7829543;-0.6970237;;
67.116;-0.7831025;-0.6971781;;
67.118;-0.7831317;-0.6972085;;
67.119;-0.7831372;-0.6972142;;
67.12;-0.7831389;-0.697216;;
67.12;-0.7831389;-0.697216;;
67.148;-0.7967331;-0.7109259;;
67.149;-0.7967331;-0.7109259;;
67.151;-0.7967331;-0.7109259;;
67.152;-0.7967331;-0.7109259;;
67.153;-0.7967331;-0.7109259;;
67.153;-0.7967331;-0.7109259;;
67.183;-0.8080462;-0.7219418;;
67.183;-0.8080462;-0.7219418;;
67.185;-0.8080462;-0.7219418;;
67.187;-0.8080462;-0.7219418;;
67.188;-0.8080462;-0.7219418;;
67.189;-0.8111904;-0.7249379;;
67.2000257;;;-0.705655586508333;-0.331339936119788
66.979;-0.7359126;-0.6451115;;
66.98;-0.7359601;-0.6451685;;
66.981;-0.7359794;-0.6451917;;
66.982;-0.7359838;-0.645197;;
66.983;-0.7359862;-0.6451998;;
66.984;-0.7359862;-0.6451998;;
67.012;-0.7435793;-0.6540854;;
67.014;-0.7435793;-0.6540854;;
67.016;-0.7480484;-0.6592032;;
67.016;-0.7485185;-0.6597415;;
67.017;-0.7492448;-0.6605732;;
67.018;-0.7497945;-0.6612027;;
67.047;-0.7589788;-0.6714805;;
67.048;-0.7590201;-0.6715267;;
67.05;-0.7590437;-0.671553;;
67.051;-0.7590563;-0.6715671;;
67.052;-0.7590581;-0.6715691;;
67.053;-0.7590586;-0.6715697;;
67.086;-0.7670353;-0.680266;;
67.087;-0.772351;-0.685935;;
67.088;-0.7736758;-0.6873477;;
67.088;-0.7738993;-0.687586;;
67.089;-0.774078;-0.6877766;;
67.09;-0.7741046;-0.6878051;;
67.114;-0.7829543;-0.6970237;;
67.116;-0.7831025;-0.6971781;;
67.118;-0.7831317;-0.6972085;;
67.119;-0.7831372;-0.6972142;;
67.12;-0.7831389;-0.697216;;
67.12;-0.7831389;-0.697216;;
67.148;-0.7967331;-0.7109259;;
67.149;-0.7967331;-0.7109259;;
67.151;-0.7967331;-0.7109259;;
67.152;-0.7967331;-0.7109259;;
67.153;-0.7967331;-0.7109259;;
67.153;-0.7967331;-0.7109259;;
67.183;-0.8080462;-0.7219418;;
67.183;-0.8080462;-0.7219418;;
67.185;-0.8080462;-0.7219418;;
67.187;-0.8080462;-0.7219418;;
67.188;-0.8080462;-0.7219418;;
67.189;-0.8111904;-0.7249379;;
67.216;-0.8165745;-0.7300199;;
67.218;-0.8166094;-0.7300528;;
67.22;-0.8196366;-0.7328701;;
67.221;-0.8206843;-0.7338452;;
67.222;-0.8208358;-0.7339861;;
67.223;-0.8208812;-0.7340285;;
67.251;-0.8335239;-0.7455229;;
67.253;-0.8337001;-0.7456831;;
67.255;-0.8337409;-0.7457201;;
67.256;-0.8337531;-0.7457312;;
67.257;-0.8381981;-0.7496788;;
67.257;-0.8381981;-0.7496788;;
67.2668903;;;-0.470988180414703;-0.328786706861304
67.047;-0.7589788;-0.6714805;;
67.048;-0.7590201;-0.6715267;;
67.05;-0.7590437;-0.671553;;
67.051;-0.7590563;-0.6715671;;
67.052;-0.7590581;-0.6715691;;
67.053;-0.7590586;-0.6715697;;
67.086;-0.7670353;-0.680266;;
67.087;-0.772351;-0.685935;;
67.088;-0.7736758;-0.6873477;;
67.088;-0.7738993;-0.687586;;
67.089;-0.774078;-0.6877766;;
67.09;-0.7741046;-0.6878051;;
67.114;-0.7829543;-0.6970237;;
67.116;-0.7831025;-0.6971781;;
67.118;-0.7831317;-0.6972085;;
67.119;-0.7831372;-0.6972142;;
67.12;-0.7831389;-0.697216;;
67.12;-0.7831389;-0.697216;;
67.148;-0.7967331;-0.7109259;;
67.149;-0.7967331;-0.7109259;;
67.151;-0.7967331;-0.7109259;;
67.152;-0.7967331;-0.7109259;;
67.153;-0.7967331;-0.7109259;;
67.153;-0.7967331;-0.7109259;;
67.183;-0.8080462;-0.7219418;;
67.183;-0.8080462;-0.7219418;;
67.185;-0.8080462;-0.7219418;;
67.187;-0.8080462;-0.7219418;;
67.188;-0.8080462;-0.7219418;;
67.189;-0.8111904;-0.7249379;;
67.216;-0.8165745;-0.7300199;;
67.218;-0.8166094;-0.7300528;;
67.22;-0.8196366;-0.7328701;;
67.221;-0.8206843;-0.7338452;;
67.222;-0.8208358;-0.7339861;;
67.223;-0.8208812;-0.7340285;;
67.251;-0.8335239;-0.7455229;;
67.253;-0.8337001;-0.7456831;;
67.255;-0.8337409;-0.7457201;;
67.256;-0.8337531;-0.7457312;;
67.257;-0.8381981;-0.7496788;;
67.257;-0.8381981;-0.7496788;;
67.285;-0.8426811;-0.7536125;;
67.286;-0.8462404;-0.7566993;;
67.288;-0.8468888;-0.7572615;;
67.289;-0.851334;-0.7610576;;
67.291;-0.854081;-0.7634034;;
67.292;-0.8543113;-0.7636001;;
67.292;-0.8543487;-0.763632;;
67.293;-0.8543924;-0.7636693;;
67.321;-0.8604068;-0.7687135;;
67.322;-0.8604068;-0.7687135;;
67.323;-0.8648313;-0.7723734;;
67.324;-0.8648313;-0.7723734;;
67.3339697;;;-0.352516352267829;-0.310791348181519
67.114;-0.7829543;-0.6970237;;
67.116;-0.7831025;-0.6971781;;
67.118;-0.7831317;-0.6972085;;
67.119;-0.7831372;-0.6972142;;
67.12;-0.7831389;-0.697216;;
67.12;-0.7831389;-0.697216;;
67.148;-0.7967331;-0.7109259;;
67.149;-0.7967331;-0.7109259;;
67.151;-0.7967331;-0.7109259;;
67.152;-0.7967331;-0.7109259;;
67.153;-0.7967331;-0.7109259;;
67.153;-0.7967331;-0.7109259;;
67.183;-0.8080462;-0.7219418;;
67.183;-0.8080462;-0.7219418;;
67.185;-0.8080462;-0.7219418;;
67.187;-0.8080462;-0.7219418;;
67.188;-0.8080462;-0.7219418;;
67.189;-0.8111904;-0.7249379;;
67.216;-0.8165745;-0.7300199;;
67.218;-0.8166094;-0.7300528;;
67.22;-0.8196366;-0.7328701;;
67.221;-0.8206843;-0.7338452;;
67.222;-0.8208358;-0.7339861;;
67.223;-0.8208812;-0.7340285;;
67.251;-0.8335239;-0.7455229;;
67.253;-0.8337001;-0.7456831;;
67.255;-0.8337409;-0.7457201;;
67.256;-0.8337531;-0.7457312;;
67.257;-0.8381981;-0.7496788;;
67.257;-0.8381981;-0.7496788;;
67.285;-0.8426811;-0.7536125;;
67.286;-0.8462404;-0.7566993;;
67.288;-0.8468888;-0.7572615;;
67.289;-0.851334;-0.7610576;;
67.291;-0.854081;-0.7634034;;
67.292;-0.8543113;-0.7636001;;
67.292;-0.8543487;-0.763632;;
67.293;-0.8543924;-0.7636693;;
67.321;-0.8604068;-0.7687135;;
67.322;-0.8604068;-0.7687135;;
67.323;-0.8648313;-0.7723734;;
67.324;-0.8648313;-0.7723734;;
67.354;-0.8739533;-0.7797856;;
67.354;-0.8739533;-0.7797856;;
67.356;-0.8781852;-0.7831551;;
67.359;-0.879684;-0.7843485;;
67.359;-0.8797048;-0.7843651;;
67.361;-0.8802771;-0.7848207;;
67.361;-0.8802771;-0.7848207;;
67.362;-0.8802771;-0.7848207;;
67.387;-0.8877398;-0.7906558;;
67.387;-0.887783;-0.7906896;;
67.39;-0.892017;-0.7939485;;
67.391;-0.8922731;-0.7941455;;
67.392;-0.8923716;-0.7942214;;
67.412016;;;-0.106302629027876;-0.279801533922354
67.183;-0.8080462;-0.7219418;;
67.183;-0.8080462;-0.7219418;;
67.185;-0.8080462;-0.7219418;;
67.187;-0.8080462;-0.7219418;;
67.188;-0.8080462;-0.7219418;;
67.189;-0.8111904;-0.7249379;;
67.216;-0.8165745;-0.7300199;;
67.218;-0.8166094;-0.7300528;;
67.22;-0.8196366;-0.7328701;;
67.221;-0.8206843;-0.7338452;;
67.222;-0.8208358;-0.7339861;;
67.223;-0.8208812;-0.7340285;;
67.251;-0.8335239;-0.7455229;;
67.253;-0.8337001;-0.7456831;;
67.255;-0.8337409;-0.7457201;;
67.256;-0.8337531;-0.7457312;;
67.257;-0.8381981;-0.7496788;;
67.257;-0.8381981;-0.7496788;;
67.285;-0.8426811;-0.7536125;;
67.286;-0.8462404;-0.7566993;;
67.288;-0.8468888;-0.7572615;;
67.289;-0.851334;-0.7610576;;
67.291;-0.854081;-0.7634034;;
67.292;-0.8543113;-0.7636001;;
67.292;-0.8543487;-0.763632;;
67.293;-0.8543924;-0.7636693;;
67.321;-0.8604068;-0.7687135;;
67.322;-0.8604068;-0.7687135;;
67.323;-0.8648313;-0.7723734;;
67.324;-0.8648313;-0.7723734;;
67.354;-0.8739533;-0.7797856;;
67.354;-0.8739533;-0.7797856;;
67.356;-0.8781852;-0.7831551;;
67.359;-0.879684;-0.7843485;;
67.359;-0.8797048;-0.7843651;;
67.361;-0.8802771;-0.7848207;;
67.361;-0.8802771;-0.7848207;;
67.362;-0.8802771;-0.7848207;;
67.387;-0.8877398;-0.7906558;;
67.387;-0.887783;-0.7906896;;
67.39;-0.892017;-0.7939485;;
67.391;-0.8922731;-0.7941455;;
67.392;-0.8923716;-0.7942214;;
67.422;-0.901689;-0.8012632;;
67.422;-0.9017313;-0.8012952;;
67.424;-0.9017526;-0.8013113;;
67.425;-0.9017601;-0.801317;;
67.427;-0.9017667;-0.8013219;;
67.428;-0.9017674;-0.8013225;;
67.429;-0.9017674;-0.8013225;;
67.462;-0.9158996;-0.8116814;;
67.463;-0.9158996;-0.8116814;;
67.463;-0.9180322;-0.8132068;;
67.464;-0.919678;-0.814384;;
67.464;-0.9200884;-0.8146775;;
67.465;-0.9205711;-0.8150228;;
67.4793902;;;-0.117148806277402;-0.248486515330042
67.251;-0.8335239;-0.7455229;;
67.253;-0.8337001;-0.7456831;;
67.255;-0.8337409;-0.7457201;;
67.256;-0.8337531;-0.7457312;;
67.257;-0.8381981;-0.7496788;;
67.257;-0.8381981;-0.7496788;;
67.285;-0.8426811;-0.7536125;;
67.286;-0.8462404;-0.7566993;;
67.288;-0.8468888;-0.7572615;;
67.289;-0.851334;-0.7610576;;
67.291;-0.854081;-0.7634034;;
67.292;-0.8543113;-0.7636001;;
67.292;-0.8543487;-0.763632;;
67.293;-0.8543924;-0.7636693;;
67.321;-0.8604068;-0.7687135;;
67.322;-0.8604068;-0.7687135;;
67.323;-0.8648313;-0.7723734;;
67.324;-0.8648313;-0.7723734;;
67.354;-0.8739533;-0.7797856;;
67.354;-0.8739533;-0.7797856;;
67.356;-0.8781852;-0.7831551;;
67.359;-0.879684;-0.7843485;;
67.359;-0.8797048;-0.7843651;;
67.361;-0.8802771;-0.7848207;;
67.361;-0.8802771;-0.7848207;;
67.362;-0.8802771;-0.7848207;;
67.387;-0.8877398;-0.7906558;;
67.387;-0.887783;-0.7906896;;
67.39;-0.892017;-0.7939485;;
67.391;-0.8922731;-0.7941455;;
67.392;-0.8923716;-0.7942214;;
67.422;-0.901689;-0.8012632;;
67.422;-0.9017313;-0.8012952;;
67.424;-0.9017526;-0.8013113;;
67.425;-0.9017601;-0.801317;;
67.427;-0.9017667;-0.8013219;;
67.428;-0.9017674;-0.8013225;;
67.429;-0.9017674;-0.8013225;;
67.462;-0.9158996;-0.8116814;;
67.463;-0.9158996;-0.8116814;;
67.463;-0.9180322;-0.8132068;;
67.464;-0.919678;-0.814384;;
67.464;-0.9200884;-0.8146775;;
67.465;-0.9205711;-0.8150228;;
67.489;-0.9300933;-0.8217094;;
67.491;-0.9300933;-0.8217094;;
67.493;-0.9300933;-0.8217094;;
67.494;-0.9300933;-0.8217094;;
67.495;-0.9300933;-0.8217094;;
67.496;-0.9300933;-0.8217094;;
67.523;-0.9462334;-0.832666;;
67.524;-0.9482939;-0.8340343;;
67.526;-0.9491405;-0.8345965;;
67.528;-0.9493697;-0.8347487;;
67.529;-0.949488;-0.8348273;;
67.53;-0.949488;-0.8348273;;
67.546489;;;-0.646912009855783;-0.243116185449274
67.321;-0.8604068;-0.7687135;;
67.322;-0.8604068;-0.7687135;;
67.323;-0.8648313;-0.7723734;;
67.324;-0.8648313;-0.7723734;;
67.354;-0.8739533;-0.7797856;;
67.354;-0.8739533;-0.7797856;;
67.356;-0.8781852;-0.7831551;;
67.359;-0.879684;-0.7843485;;
67.359;-0.8797048;-0.7843651;;
67.361;-0.8802771;-0.7848207;;
67.361;-0.8802771;-0.7848207;;
67.362;-0.8802771;-0.7848207;;
67.387;-0.8877398;-0.7906558;;
67.387;-0.887783;-0.7906896;;
67.39;-0.892017;-0.7939485;;
67.391;-0.8922731;-0.7941455;;
67.392;-0.8923716;-0.7942214;;
67.422;-0.901689;-0.8012632;;
67.422;-0.9017313;-0.8012952;;
67.424;-0.9017526;-0.8013113;;
67.425;-0.9017601;-0.801317;;
67.427;-0.9017667;-0.8013219;;
67.428;-0.9017674;-0.8013225;;
67.429;-0.9017674;-0.8013225;;
67.462;-0.9158996;-0.8116814;;
67.463;-0.9158996;-0.8116814;;
67.463;-0.9180322;-0.8132068;;
67.464;-0.919678;-0.814384;;
67.464;-0.9200884;-0.8146775;;
67.465;-0.9205711;-0.8150228;;
67.489;-0.9300933;-0.8217094;;
67.491;-0.9300933;-0.8217094;;
67.493;-0.9300933;-0.8217094;;
67.494;-0.9300933;-0.8217094;;
67.495;-0.9300933;-0.8217094;;
67.496;-0.9300933;-0.8217094;;
67.523;-0.9462334;-0.832666;;
67.524;-0.9482939;-0.8340343;;
67.526;-0.9491405;-0.8345965;;
67.528;-0.9493697;-0.8347487;;
67.529;-0.949488;-0.8348273;;
67.53;-0.949488;-0.8348273;;
67.558;-0.9594139;-0.8412887;;
67.559;-0.9594139;-0.8412887;;
67.561;-0.9594139;-0.8412887;;
67.562;-0.9594139;-0.8412887;;
67.563;-0.9594139;-0.8412887;;
67.563;-0.9594139;-0.8412887;;
67.592;-0.9791242;-0.8536325;;
67.594;-0.9791242;-0.8536325;;
67.595;-0.9791242;-0.8536325;;
67.596;-0.9791242;-0.8536325;;
67.596;-0.9791242;-0.8536325;;
67.597;-0.9791242;-0.8536325;;
67.6129374;;;-0.850085840831172;-0.259828061909924
67.387;-0.8877398;-0.7906558;;
67.387;-0.887783;-0.7906896;;
67.39;-0.892017;-0.7939485;;
67.391;-0.8922731;-0.7941455;;
67.392;-0.8923716;-0.7942214;;
67.422;-0.901689;-0.8012632;;
67.422;-0.9017313;-0.8012952;;
67.424;-0.9017526;-0.8013113;;
67.425;-0.9017601;-0.801317;;
67.427;-0.9017667;-0.8013219;;
67.428;-0.9017674;-0.8013225;;
67.429;-0.9017674;-0.8013225;;
67.462;-0.9158996;-0.8116814;;
67.463;-0.9158996;-0.8116814;;
67.463;-0.9180322;-0.8132068;;
67.464;-0.919678;-0.814384;;
67.464;-0.9200884;-0.8146775;;
67.465;-0.9205711;-0.8150228;;
67.489;-0.9300933;-0.8217094;;
67.491;-0.9300933;-0.8217094;;
67.493;-0.9300933;-0.8217094;;
67.494;-0.9300933;-0.8217094;;
67.495;-0.9300933;-0.8217094;;
67.496;-0.9300933;-0.8217094;;
67.523;-0.9462334;-0.832666;;
67.524;-0.9482939;-0.8340343;;
67.526;-0.9491405;-0.8345965;;
67.528;-0.9493697;-0.8347487;;
67.529;-0.949488;-0.8348273;;
67.53;-0.949488;-0.8348273;;
67.558;-0.9594139;-0.8412887;;
67.559;-0.9594139;-0.8412887;;
67.561;-0.9594139;-0.8412887;;
67.562;-0.9594139;-0.8412887;;
67.563;-0.9594139;-0.8412887;;
67.563;-0.9594139;-0.8412887;;
67.592;-0.9791242;-0.8536325;;
67.594;-0.9791242;-0.8536325;;
67.595;-0.9791242;-0.8536325;;
67.596;-0.9791242;-0.8536325;;
67.596;-0.9791242;-0.8536325;;
67.597;-0.9791242;-0.8536325;;
67.626;-0.9893227;-0.8597725;;
67.627;-0.9893227;-0.8597725;;
67.628;-0.9893227;-0.8597725;;
67.63;-0.9936226;-0.8623099;;
67.66;-1.009269;-0.8713098;;
67.661;-1.009367;-0.871366;;
67.662;-1.009396;-0.8713824;;
67.663;-1.009399;-0.8713844;;
67.664;-1.0094;-0.871385;;
67.665;-1.009401;-0.8713858;;
67.666;-1.009401;-0.8713858;;
67.667;-1.009401;-0.8713858;;
67.6914088;;;-0.436500744307753;-0.271224872392211
67.462;-0.9158996;-0.8116814;;
67.463;-0.9158996;-0.8116814;;
67.463;-0.9180322;-0.8132068;;
67.464;-0.919678;-0.814384;;
67.464;-0.9200884;-0.8146775;;
67.465;-0.9205711;-0.8150228;;
67.489;-0.9300933;-0.8217094;;
67.491;-0.9300933;-0.8217094;;
67.493;-0.9300933;-0.8217094;;
67.494;-0.9300933;-0.8217094;;
67.495;-0.9300933;-0.8217094;;
67.496;-0.9300933;-0.8217094;;
67.523;-0.9462334;-0.832666;;
67.524;-0.9482939;-0.8340343;;
67.526;-0.9491405;-0.8345965;;
67.528;-0.9493697;-0.8347487;;
67.529;-0.949488;-0.8348273;;
67.53;-0.949488;-0.8348273;;
67.558;-0.9594139;-0.8412887;;
67.559;-0.9594139;-0.8412887;;
67.561;-0.9594139;-0.8412887;;
67.562;-0.9594139;-0.8412887;;
67.563;-0.9594139;-0.8412887;;
67.563;-0.9594139;-0.8412887;;
67.592;-0.9791242;-0.8536325;;
67.594;-0.9791242;-0.8536325;;
67.595;-0.9791242;-0.8536325;;
67.596;-0.9791242;-0.8536325;;
67.596;-0.9791242;-0.8536325;;
67.597;-0.9791242;-0.8536325;;
67.626;-0.9893227;-0.8597725;;
67.627;-0.9893227;-0.8597725;;
67.628;-0.9893227;-0.8597725;;
67.63;-0.9936226;-0.8623099;;
67.66;-1.009269;-0.8713098;;
67.661;-1.009367;-0.871366;;
67.662;-1.009396;-0.8713824;;
67.663;-1.009399;-0.8713844;;
67.664;-1.0094;-0.871385;;
67.665;-1.009401;-0.8713858;;
67.666;-1.009401;-0.8713858;;
67.667;-1.009401;-0.8713858;;
67.694;-1.024571;-0.879751;;
67.696;-1.024801;-0.8798779;;
67.698;-1.024835;-0.8798965;;
67.699;-1.024842;-0.8799002;;
67.701;-1.024848;-0.8799037;;
67.702;-1.024849;-0.8799041;;
67.728;-1.043574;-0.8897589;;
67.729;-1.043711;-0.8898313;;
67.73;-1.043749;-0.8898509;;
67.732;-1.043754;-0.8898537;;
67.734;-1.043756;-0.8898548;;
67.735;-1.043756;-0.8898548;;
67.7586014;;;-0.11482529371086;-0.273189348319227
67.523;-0.9462334;-0.832666;;
67.524;-0.9482939;-0.8340343;;
67.526;-0.9491405;-0.8345965;;
67.528;-0.9493697;-0.8347487;;
67.529;-0.949488;-0.8348273;;
67.53;-0.949488;-0.8348273;;
67.558;-0.9594139;-0.8412887;;
67.559;-0.9594139;-0.8412887;;
67.561;-0.9594139;-0.8412887;;
67.562;-0.9594139;-0.8412887;;
67.563;-0.9594139;-0.8412887;;
67.563;-0.9594139;-0.8412887;;
67.592;-0.9791242;-0.8536325;;
67.594;-0.9791242;-0.8536325;;
67.595;-0.9791242;-0.8536325;;
67.596;-0.9791242;-0.8536325;;
67.596;-0.9791242;-0.8536325;;
67.597;-0.9791242;-0.8536325;;
67.626;-0.9893227;-0.8597725;;
67.627;-0.9893227;-0.8597725;;
67.628;-0.9893227;-0.8597725;;
67.63;-0.9936226;-0.8623099;;
67.66;-1.009269;-0.8713098;;
67.661;-1.009367;-0.871366;;
67.662;-1.009396;-0.8713824;;
67.663;-1.009399;-0.8713844;;
67.664;-1.0094;-0.871385;;
67.665;-1.009401;-0.8713858;;
67.666;-1.009401;-0.8713858;;
67.667;-1.009401;-0.8713858;;
67.694;-1.024571;-0.879751;;
67.696;-1.024801;-0.8798779;;
67.698;-1.024835;-0.8798965;;
67.699;-1.024842;-0.8799002;;
67.701;-1.024848;-0.8799037;;
67.702;-1.024849;-0.8799041;;
67.728;-1.043574;-0.8897589;;
67.729;-1.043711;-0.8898313;;
67.73;-1.043749;-0.8898509;;
67.732;-1.043754;-0.8898537;;
67.734;-1.043756;-0.8898548;;
67.735;-1.043756;-0.8898548;;
67.762;-1.055966;-0.89601;;
67.763;-1.055966;-0.89601;;
67.766;-1.055966;-0.89601;;
67.767;-1.055966;-0.89601;;
67.768;-1.055966;-0.89601;;
67.769;-1.055966;-0.89601;;
67.795;-1.072312;-0.9039246;;
67.797;-1.072407;-0.9039707;;
67.799;-1.07245;-0.9039915;;
67.8;-1.072459;-0.9039959;;
67.8;-1.072462;-0.9039972;;
67.802;-1.072467;-0.9039996;;
67.8254688;;;-0.0406536794378182;-0.27754930280962
67.626;-0.9893227;-0.8597725;;
67.627;-0.9893227;-0.8597725;;
67.628;-0.9893227;-0.8597725;;
67.63;-0.9936226;-0.8623099;;
67.66;-1.009269;-0.8713098;;
67.661;-1.009367;-0.871366;;
67.662;-1.009396;-0.8713824;;
67.663;-1.009399;-0.8713844;;
67.664;-1.0094;-0.871385;;
67.665;-1.009401;-0.8713858;;
67.666;-1.009401;-0.8713858;;
67.667;-1.009401;-0.8713858;;
67.694;-1.024571;-0.879751;;
67.696;-1.024801;-0.8798779;;
67.698;-1.024835;-0.8798965;;
67.699;-1.024842;-0.8799002;;
67.701;-1.024848;-0.8799037;;
67.702;-1.024849;-0.8799041;;
67.728;-1.043574;-0.8897589;;
67.729;-1.043711;-0.8898313;;
67.73;-1.043749;-0.8898509;;
67.732;-1.043754;-0.8898537;;
67.734;-1.043756;-0.8898548;;
67.735;-1.043756;-0.8898548;;
67.762;-1.055966;-0.89601;;
67.763;-1.055966;-0.89601;;
67.766;-1.055966;-0.89601;;
67.767;-1.055966;-0.89601;;
67.768;-1.055966;-0.89601;;
67.769;-1.055966;-0.89601;;
67.795;-1.072312;-0.9039246;;
67.797;-1.072407;-0.9039707;;
67.799;-1.07245;-0.9039915;;
67.8;-1.072459;-0.9039959;;
67.8;-1.072462;-0.9039972;;
67.802;-1.072467;-0.9039996;;
67.835;-1.087709;-0.9110512;;
67.836;-1.087826;-0.9111052;;
67.837;-1.087826;-0.9111052;;
67.837;-1.087826;-0.9111052;;
67.838;-1.087826;-0.9111052;;
67.838;-1.087826;-0.9111052;;
67.863;-1.104813;-0.9185972;;
67.865;-1.10508;-0.9187146;;
67.867;-1.105137;-0.91874;;
67.869;-1.105149;-0.9187452;;
67.869;-1.105149;-0.9187452;;
67.87;-1.105149;-0.9187452;;
67.898;-1.114712;-0.9227965;;
67.899;-1.114712;-0.9227965;;
67.901;-1.114712;-0.9227965;;
67.903;-1.114712;-0.9227965;;
67.904;-1.114712;-0.9227965;;
67.904;-1.114712;-0.9227965;;
67.9065508;;;-0.634829313318292;-0.285066494860349
67.694;-1.024571;-0.879751;;
67.696;-1.024801;-0.8798779;;
67.698;-1.024835;-0.8798965;;
67.699;-1.024842;-0.8799002;;
67.701;-1.024848;-0.8799037;;
67.702;-1.024849;-0.8799041;;
67.728;-1.043574;-0.8897589;;
67.729;-1.043711;-0.8898313;;
67.73;-1.043749;-0.8898509;;
67.732;-1.043754;-0.8898537;;
67.734;-1.043756;-0.8898548;;
67.735;-1.043756;-0.8898548;;
67.762;-1.055966;-0.89601;;
67.763;-1.055966;-0.89601;;
67.766;-1.055966;-0.89601;;
67.767;-1.055966;-0.89601;;
67.768;-1.055966;-0.89601;;
67.769;-1.055966;-0.89601;;
67.795;-1.072312;-0.9039246;;
67.797;-1.072407;-0.9039707;;
67.799;-1.07245;-0.9039915;;
67.8;-1.072459;-0.9039959;;
67.8;-1.072462;-0.9039972;;
67.802;-1.072467;-0.9039996;;
67.835;-1.087709;-0.9110512;;
67.836;-1.087826;-0.9111052;;
67.837;-1.087826;-0.9111052;;
67.837;-1.087826;-0.9111052;;
67.838;-1.087826;-0.9111052;;
67.838;-1.087826;-0.9111052;;
67.863;-1.104813;-0.9185972;;
67.865;-1.10508;-0.9187146;;
67.867;-1.105137;-0.91874;;
67.869;-1.105149;-0.9187452;;
67.869;-1.105149;-0.9187452;;
67.87;-1.105149;-0.9187452;;
67.898;-1.114712;-0.9227965;;
67.899;-1.114712;-0.9227965;;
67.901;-1.114712;-0.9227965;;
67.903;-1.114712;-0.9227965;;
67.904;-1.114712;-0.9227965;;
67.904;-1.114712;-0.9227965;;
67.932;-1.132348;-0.9299634;;
67.932;-1.132348;-0.9299634;;
67.935;-1.132348;-0.9299634;;
67.936;-1.132348;-0.9299634;;
67.937;-1.132348;-0.9299634;;
67.937;-1.132348;-0.9299634;;
67.966;-1.143342;-0.9342349;;
67.967;-1.143342;-0.9342349;;
67.97;-1.143342;-0.9342349;;
67.97;-1.146782;-0.9355254;;
67.971;-1.151212;-0.9371871;;
67.973;-1.153748;-0.9381382;;
67.9822108;;;-0.558562712228896;-0.293512260934172
67.762;-1.055966;-0.89601;;
67.763;-1.055966;-0.89601;;
67.766;-1.055966;-0.89601;;
67.767;-1.055966;-0.89601;;
67.768;-1.055966;-0.89601;;
67.769;-1.055966;-0.89601;;
67.795;-1.072312;-0.9039246;;
67.797;-1.072407;-0.9039707;;
67.799;-1.07245;-0.9039915;;
67.8;-1.072459;-0.9039959;;
67.8;-1.072462;-0.9039972;;
67.802;-1.072467;-0.9039996;;
67.835;-1.087709;-0.9110512;;
67.836;-1.087826;-0.9111052;;
67.837;-1.087826;-0.9111052;;
67.837;-1.087826;-0.9111052;;
67.838;-1.087826;-0.9111052;;
67.838;-1.087826;-0.9111052;;
67.863;-1.104813;-0.9185972;;
67.865;-1.10508;-0.9187146;;
67.867;-1.105137;-0.91874;;
67.869;-1.105149;-0.9187452;;
67.869;-1.105149;-0.9187452;;
67.87;-1.105149;-0.9187452;;
67.898;-1.114712;-0.9227965;;
67.899;-1.114712;-0.9227965;;
67.901;-1.114712;-0.9227965;;
67.903;-1.114712;-0.9227965;;
67.904;-1.114712;-0.9227965;;
67.904;-1.114712;-0.9227965;;
67.932;-1.132348;-0.9299634;;
67.932;-1.132348;-0.9299634;;
67.935;-1.132348;-0.9299634;;
67.936;-1.132348;-0.9299634;;
67.937;-1.132348;-0.9299634;;
67.937;-1.132348;-0.9299634;;
67.966;-1.143342;-0.9342349;;
67.967;-1.143342;-0.9342349;;
67.97;-1.143342;-0.9342349;;
67.97;-1.146782;-0.9355254;;
67.971;-1.151212;-0.9371871;;
67.973;-1.153748;-0.9381382;;
67.999;-1.163702;-0.9417548;;
68;-1.163816;-0.9417963;;
68.002;-1.168696;-0.9435224;;
68.005;-1.169075;-0.9436566;;
68.005;-1.169086;-0.9436604;;
68.007;-1.169222;-0.9437087;;
68.033;-1.185919;-0.9493962;;
68.035;-1.185919;-0.9493962;;
68.038;-1.185919;-0.9493962;;
68.038;-1.191389;-0.9511882;;
68.039;-1.191389;-0.9511882;;
68.04;-1.191389;-0.9511882;;
68.0489617;;;-0.270403283639546;-0.302733158299711
67.835;-1.087709;-0.9110512;;
67.836;-1.087826;-0.9111052;;
67.837;-1.087826;-0.9111052;;
67.837;-1.087826;-0.9111052;;
67.838;-1.087826;-0.9111052;;
67.838;-1.087826;-0.9111052;;
67.863;-1.104813;-0.9185972;;
67.865;-1.10508;-0.9187146;;
67.867;-1.105137;-0.91874;;
67.869;-1.105149;-0.9187452;;
67.869;-1.105149;-0.9187452;;
67.87;-1.105149;-0.9187452;;
67.898;-1.114712;-0.9227965;;
67.899;-1.114712;-0.9227965;;
67.901;-1.114712;-0.9227965;;
67.903;-1.114712;-0.9227965;;
67.904;-1.114712;-0.9227965;;
67.904;-1.114712;-0.9227965;;
67.932;-1.132348;-0.9299634;;
67.932;-1.132348;-0.9299634;;
67.935;-1.132348;-0.9299634;;
67.936;-1.132348;-0.9299634;;
67.937;-1.132348;-0.9299634;;
67.937;-1.132348;-0.9299634;;
67.966;-1.143342;-0.9342349;;
67.967;-1.143342;-0.9342349;;
67.97;-1.143342;-0.9342349;;
67.97;-1.146782;-0.9355254;;
67.971;-1.151212;-0.9371871;;
67.973;-1.153748;-0.9381382;;
67.999;-1.163702;-0.9417548;;
68;-1.163816;-0.9417963;;
68.002;-1.168696;-0.9435224;;
68.005;-1.169075;-0.9436566;;
68.005;-1.169086;-0.9436604;;
68.007;-1.169222;-0.9437087;;
68.033;-1.185919;-0.9493962;;
68.035;-1.185919;-0.9493962;;
68.038;-1.185919;-0.9493962;;
68.038;-1.191389;-0.9511882;;
68.039;-1.191389;-0.9511882;;
68.04;-1.191389;-0.9511882;;
68.067;-1.19698;-0.952984;;
68.068;-1.197032;-0.9530008;;
68.07;-1.197032;-0.9530008;;
68.071;-1.197032;-0.9530008;;
68.072;-1.197032;-0.9530008;;
68.073;-1.201616;-0.9544435;;
68.1;-1.219195;-0.9597632;;
68.102;-1.2193;-0.9597951;;
68.104;-1.219337;-0.9598061;;
68.106;-1.219354;-0.9598114;;
68.108;-1.219356;-0.9598119;;
68.109;-1.223738;-0.9610792;;
68.1301827;;;-0.0224094640891632;-0.302159187142132
67.932;-1.132348;-0.9299634;;
67.932;-1.132348;-0.9299634;;
67.935;-1.132348;-0.9299634;;
67.936;-1.132348;-0.9299634;;
67.937;-1.132348;-0.9299634;;
67.937;-1.132348;-0.9299634;;
67.966;-1.143342;-0.9342349;;
67.967;-1.143342;-0.9342349;;
67.97;-1.143342;-0.9342349;;
67.97;-1.146782;-0.9355254;;
67.971;-1.151212;-0.9371871;;
67.973;-1.153748;-0.9381382;;
67.999;-1.163702;-0.9417548;;
68;-1.163816;-0.9417963;;
68.002;-1.168696;-0.9435224;;
68.005;-1.169075;-0.9436566;;
68.005;-1.169086;-0.9436604;;
68.007;-1.169222;-0.9437087;;
68.033;-1.185919;-0.9493962;;
68.035;-1.185919;-0.9493962;;
68.038;-1.185919;-0.9493962;;
68.038;-1.191389;-0.9511882;;
68.039;-1.191389;-0.9511882;;
68.04;-1.191389;-0.9511882;;
68.067;-1.19698;-0.952984;;
68.068;-1.197032;-0.9530008;;
68.07;-1.197032;-0.9530008;;
68.071;-1.197032;-0.9530008;;
68.072;-1.197032;-0.9530008;;
68.073;-1.201616;-0.9544435;;
68.1;-1.219195;-0.9597632;;
68.102;-1.2193;-0.9597951;;
68.104;-1.219337;-0.9598061;;
68.106;-1.219354;-0.9598114;;
68.108;-1.219356;-0.9598119;;
68.109;-1.223738;-0.9610792;;
68.134;-1.232378;-0.9635236;;
68.135;-1.232422;-0.9635358;;
68.138;-1.232458;-0.963546;;
68.139;-1.232463;-0.9635475;;
68.14;-1.232464;-0.9635479;;
68.141;-1.232466;-0.9635484;;
68.169;-1.243398;-0.9665172;;
68.17;-1.243398;-0.9665172;;
68.171;-1.243398;-0.9665172;;
68.173;-1.243398;-0.9665172;;
68.174;-1.243398;-0.9665172;;
68.176;-1.253413;-0.9691125;;
68.176;-1.254048;-0.9692771;;
68.203;-1.266187;-0.9722807;;
68.204;-1.266273;-0.972302;;
68.2060251;;;-0.125123358340148;-0.31461152687662
67.999;-1.163702;-0.9417548;;
68;-1.163816;-0.9417963;;
68.002;-1.168696;-0.9435224;;
68.005;-1.169075;-0.9436566;;
68.005;-1.169086;-0.9436604;;
68.007;-1.169222;-0.9437087;;
68.033;-1.185919;-0.9493962;;
68.035;-1.185919;-0.9493962;;
68.038;-1.185919;-0.9493962;;
68.038;-1.191389;-0.9511882;;
68.039;-1.191389;-0.9511882;;
68.04;-1.191389;-0.9511882;;
68.067;-1.19698;-0.952984;;
68.068;-1.197032;-0.9530008;;
68.07;-1.197032;-0.9530008;;
68.071;-1.197032;-0.9530008;;
68.072;-1.197032;-0.9530008;;
68.073;-1.201616;-0.9544435;;
68.1;-1.219195;-0.9597632;;
68.102;-1.2193;-0.9597951;;
68.104;-1.219337;-0.9598061;;
68.106;-1.219354;-0.9598114;;
68.108;-1.219356;-0.9598119;;
68.109;-1.223738;-0.9610792;;
68.134;-1.232378;-0.9635236;;
68.135;-1.232422;-0.9635358;;
68.138;-1.232458;-0.963546;;
68.139;-1.232463;-0.9635475;;
68.14;-1.232464;-0.9635479;;
68.141;-1.232466;-0.9635484;;
68.169;-1.243398;-0.9665172;;
68.17;-1.243398;-0.9665172;;
68.171;-1.243398;-0.9665172;;
68.173;-1.243398;-0.9665172;;
68.174;-1.243398;-0.9665172;;
68.176;-1.253413;-0.9691125;;
68.176;-1.254048;-0.9692771;;
68.203;-1.266187;-0.9722807;;
68.204;-1.266273;-0.972302;;
68.205;-1.272354;-0.973732;;
68.213;-1.275212;-0.974404;;
68.215;-1.27552;-0.9744766;;
68.215;-1.275538;-0.9744808;;
68.238;-1.281733;-0.9758889;;
68.238;-1.281767;-0.9758966;;
68.24;-1.291395;-0.9779834;;
68.241;-1.293541;-0.9784485;;
68.243;-1.294345;-0.9786228;;
68.244;-1.29448;-0.9786521;;
68.244;-1.294548;-0.9786667;;
68.272;-1.304303;-0.980664;;
68.273;-1.304357;-0.980675;;
68.275;-1.304383;-0.9806803;;
68.276;-1.304392;-0.9806821;;
68.2869702;;;-0.691926839885361;-0.347280421191627
68.067;-1.19698;-0.952984;;
68.068;-1.197032;-0.9530008;;
68.07;-1.197032;-0.9530008;;
68.071;-1.197032;-0.9530008;;
68.072;-1.197032;-0.9530008;;
68.073;-1.201616;-0.9544435;;
68.1;-1.219195;-0.9597632;;
68.102;-1.2193;-0.9597951;;
68.104;-1.219337;-0.9598061;;
68.106;-1.219354;-0.9598114;;
68.108;-1.219356;-0.9598119;;
68.109;-1.223738;-0.9610792;;
68.134;-1.232378;-0.9635236;;
68.135;-1.232422;-0.9635358;;
68.138;-1.232458;-0.963546;;
68.139;-1.232463;-0.9635475;;
68.14;-1.232464;-0.9635479;;
68.141;-1.232466;-0.9635484;;
68.169;-1.243398;-0.9665172;;
68.17;-1.243398;-0.9665172;;
68.171;-1.243398;-0.9665172;;
68.173;-1.243398;-0.9665172;;
68.174;-1.243398;-0.9665172;;
68.176;-1.253413;-0.9691125;;
68.176;-1.254048;-0.9692771;;
68.203;-1.266187;-0.9722807;;
68.204;-1.266273;-0.972302;;
68.205;-1.272354;-0.973732;;
68.213;-1.275212;-0.974404;;
68.215;-1.27552;-0.9744766;;
68.215;-1.275538;-0.9744808;;
68.238;-1.281733;-0.9758889;;
68.238;-1.281767;-0.9758966;;
68.24;-1.291395;-0.9779834;;
68.241;-1.293541;-0.9784485;;
68.243;-1.294345;-0.9786228;;
68.244;-1.29448;-0.9786521;;
68.244;-1.294548;-0.9786667;;
68.272;-1.304303;-0.980664;;
68.273;-1.304357;-0.980675;;
68.275;-1.304383;-0.9806803;;
68.276;-1.304392;-0.9806821;;
68.306;-1.311925;-0.9821546;;
68.307;-1.311925;-0.9821546;;
68.308;-1.311925;-0.9821546;;
68.31;-1.320542;-0.9837527;;
68.311;-1.321992;-0.9840217;;
68.312;-1.323373;-0.9842778;;
68.313;-1.323373;-0.9842778;;
68.313;-1.323373;-0.9842778;;
68.34;-1.334977;-0.9862897;;
68.342;-1.334977;-0.9862897;;
68.344;-1.334977;-0.9862897;;
68.345;-1.334977;-0.9862897;;
68.345;-1.334977;-0.9862897;;
68.3616749;;;-0.616763732964634;-0.363441346959856
68.134;-1.232378;-0.9635236;;
68.135;-1.232422;-0.9635358;;
68.138;-1.232458;-0.963546;;
68.139;-1.232463;-0.9635475;;
68.14;-1.232464;-0.9635479;;
68.141;-1.232466;-0.9635484;;
68.169;-1.243398;-0.9665172;;
68.17;-1.243398;-0.9665172;;
68.171;-1.243398;-0.9665172;;
68.173;-1.243398;-0.9665172;;
68.174;-1.243398;-0.9665172;;
68.176;-1.253413;-0.9691125;;
68.176;-1.254048;-0.9692771;;
68.203;-1.266187;-0.9722807;;
68.204;-1.266273;-0.972302;;
68.205;-1.272354;-0.973732;;
68.213;-1.275212;-0.974404;;
68.215;-1.27552;-0.9744766;;
68.215;-1.275538;-0.9744808;;
68.238;-1.281733;-0.9758889;;
68.238;-1.281767;-0.9758966;;
68.24;-1.291395;-0.9779834;;
68.241;-1.293541;-0.9784485;;
68.243;-1.294345;-0.9786228;;
68.244;-1.29448;-0.9786521;;
68.244;-1.294548;-0.9786667;;
68.272;-1.304303;-0.980664;;
68.273;-1.304357;-0.980675;;
68.275;-1.304383;-0.9806803;;
68.276;-1.304392;-0.9806821;;
68.306;-1.311925;-0.9821546;;
68.307;-1.311925;-0.9821546;;
68.308;-1.311925;-0.9821546;;
68.31;-1.320542;-0.9837527;;
68.311;-1.321992;-0.9840217;;
68.312;-1.323373;-0.9842778;;
68.313;-1.323373;-0.9842778;;
68.313;-1.323373;-0.9842778;;
68.34;-1.334977;-0.9862897;;
68.342;-1.334977;-0.9862897;;
68.344;-1.334977;-0.9862897;;
68.345;-1.334977;-0.9862897;;
68.345;-1.334977;-0.9862897;;
68.374;-1.356256;-0.9896128;;
68.376;-1.356419;-0.9896383;;
68.377;-1.356433;-0.9896405;;
68.378;-1.356437;-0.9896411;;
68.379;-1.356439;-0.9896415;;
68.38;-1.360914;-0.9902776;;
68.381;-1.362063;-0.990441;;
68.409;-1.379541;-0.9927183;;
68.41;-1.379541;-0.9927183;;
68.412;-1.379541;-0.9927183;;
68.412;-1.379541;-0.9927183;;
68.414;-1.379541;-0.9927183;;
68.415;-1.379541;-0.9927183;;
68.4289127;;;-0.862699307358066;-0.390212995824702
68.203;-1.266187;-0.9722807;;
68.204;-1.266273;-0.972302;;
68.205;-1.272354;-0.973732;;
68.213;-1.275212;-0.974404;;
68.215;-1.27552;-0.9744766;;
68.215;-1.275538;-0.9744808;;
68.238;-1.281733;-0.9758889;;
68.238;-1.281767;-0.9758966;;
68.24;-1.291395;-0.9779834;;
68.241;-1.293541;-0.9784485;;
68.243;-1.294345;-0.9786228;;
68.244;-1.29448;-0.9786521;;
68.244;-1.294548;-0.9786667;;
68.272;-1.304303;-0.980664;;
68.273;-1.304357;-0.980675;;
68.275;-1.304383;-0.9806803;;
68.276;-1.304392;-0.9806821;;
68.306;-1.311925;-0.9821546;;
68.307;-1.311925;-0.9821546;;
68.308;-1.311925;-0.9821546;;
68.31;-1.320542;-0.9837527;;
68.311;-1.321992;-0.9840217;;
68.312;-1.323373;-0.9842778;;
68.313;-1.323373;-0.9842778;;
68.313;-1.323373;-0.9842778;;
68.34;-1.334977;-0.9862897;;
68.342;-1.334977;-0.9862897;;
68.344;-1.334977;-0.9862897;;
68.345;-1.334977;-0.9862897;;
68.345;-1.334977;-0.9862897;;
68.374;-1.356256;-0.9896128;;
68.376;-1.356419;-0.9896383;;
68.377;-1.356433;-0.9896405;;
68.378;-1.356437;-0.9896411;;
68.379;-1.356439;-0.9896415;;
68.38;-1.360914;-0.9902776;;
68.381;-1.362063;-0.990441;;
68.409;-1.379541;-0.9927183;;
68.41;-1.379541;-0.9927183;;
68.412;-1.379541;-0.9927183;;
68.412;-1.379541;-0.9927183;;
68.414;-1.379541;-0.9927183;;
68.415;-1.379541;-0.9927183;;
68.443;-1.391207;-0.9940645;;
68.444;-1.391207;-0.9940645;;
68.446;-1.391207;-0.9940645;;
68.447;-1.391207;-0.9940645;;
68.448;-1.396969;-0.9946782;;
68.449;-1.396969;-0.9946782;;
68.476;-1.414316;-0.996321;;
68.478;-1.414456;-0.9963342;;
68.479;-1.414473;-0.9963358;;
68.48;-1.414476;-0.9963361;;
68.48;-1.414476;-0.9963361;;
68.481;-1.414476;-0.9963361;;
68.4959096;;;-0.928983394623367;-0.425316495681456
68.272;-1.304303;-0.980664;;
68.273;-1.304357;-0.980675;;
68.275;-1.304383;-0.9806803;;
68.276;-1.304392;-0.9806821;;
68.306;-1.311925;-0.9821546;;
68.307;-1.311925;-0.9821546;;
68.308;-1.311925;-0.9821546;;
68.31;-1.320542;-0.9837527;;
68.311;-1.321992;-0.9840217;;
68.312;-1.323373;-0.9842778;;
68.313;-1.323373;-0.9842778;;
68.313;-1.323373;-0.9842778;;
68.34;-1.334977;-0.9862897;;
68.342;-1.334977;-0.9862897;;
68.344;-1.334977;-0.9862897;;
68.345;-1.334977;-0.9862897;;
68.345;-1.334977;-0.9862897;;
68.374;-1.356256;-0.9896128;;
68.376;-1.356419;-0.9896383;;
68.377;-1.356433;-0.9896405;;
68.378;-1.356437;-0.9896411;;
68.379;-1.356439;-0.9896415;;
68.38;-1.360914;-0.9902776;;
68.381;-1.362063;-0.990441;;
68.409;-1.379541;-0.9927183;;
68.41;-1.379541;-0.9927183;;
68.412;-1.379541;-0.9927183;;
68.412;-1.379541;-0.9927183;;
68.414;-1.379541;-0.9927183;;
68.415;-1.379541;-0.9927183;;
68.443;-1.391207;-0.9940645;;
68.444;-1.391207;-0.9940645;;
68.446;-1.391207;-0.9940645;;
68.447;-1.391207;-0.9940645;;
68.448;-1.396969;-0.9946782;;
68.449;-1.396969;-0.9946782;;
68.476;-1.414316;-0.996321;;
68.478;-1.414456;-0.9963342;;
68.479;-1.414473;-0.9963358;;
68.48;-1.414476;-0.9963361;;
68.48;-1.414476;-0.9963361;;
68.481;-1.414476;-0.9963361;;
68.51;-1.426063;-0.9972629;;
68.512;-1.426063;-0.9972629;;
68.514;-1.43042;-0.9975731;;
68.516;-1.431713;-0.9976652;;
68.517;-1.431853;-0.9976751;;
68.518;-1.431889;-0.9976777;;
68.544;-1.449381;-0.9987165;;
68.545;-1.449505;-0.9987239;;
68.546;-1.449537;-0.9987258;;
68.548;-1.449547;-0.9987264;;
68.548;-1.449548;-0.9987264;;
68.549;-1.449548;-0.9987265;;
68.5740221;;;-0.92222246621301;-0.460019528477973
68.34;-1.334977;-0.9862897;;
68.342;-1.334977;-0.9862897;;
68.344;-1.334977;-0.9862897;;
68.345;-1.334977;-0.9862897;;
68.345;-1.334977;-0.9862897;;
68.374;-1.356256;-0.9896128;;
68.376;-1.356419;-0.9896383;;
68.377;-1.356433;-0.9896405;;
68.378;-1.356437;-0.9896411;;
68.379;-1.356439;-0.9896415;;
68.38;-1.360914;-0.9902776;;
68.381;-1.362063;-0.990441;;
68.409;-1.379541;-0.9927183;;
68.41;-1.379541;-0.9927183;;
68.412;-1.379541;-0.9927183;;
68.412;-1.379541;-0.9927183;;
68.414;-1.379541;-0.9927183;;
68.415;-1.379541;-0.9927183;;
68.443;-1.391207;-0.9940645;;
68.444;-1.391207;-0.9940645;;
68.446;-1.391207;-0.9940645;;
68.447;-1.391207;-0.9940645;;
68.448;-1.396969;-0.9946782;;
68.449;-1.396969;-0.9946782;;
68.476;-1.414316;-0.996321;;
68.478;-1.414456;-0.9963342;;
68.479;-1.414473;-0.9963358;;
68.48;-1.414476;-0.9963361;;
68.48;-1.414476;-0.9963361;;
68.481;-1.414476;-0.9963361;;
68.51;-1.426063;-0.9972629;;
68.512;-1.426063;-0.9972629;;
68.514;-1.43042;-0.9975731;;
68.516;-1.431713;-0.9976652;;
68.517;-1.431853;-0.9976751;;
68.518;-1.431889;-0.9976777;;
68.544;-1.449381;-0.9987165;;
68.545;-1.449505;-0.9987239;;
68.546;-1.449537;-0.9987258;;
68.548;-1.449547;-0.9987264;;
68.548;-1.449548;-0.9987264;;
68.549;-1.449548;-0.9987265;;
68.578;-1.466712;-0.9994445;;
68.58;-1.466823;-0.9994492;;
68.582;-1.466845;-0.9994501;;
68.589;-1.466857;-0.9994506;;
68.589;-1.466857;-0.9994506;;
68.59;-1.466859;-0.9994507;;
68.612;-1.486616;-0.9999082;;
68.613;-1.486783;-0.9999121;;
68.616;-1.486831;-0.9999132;;
68.617;-1.486837;-0.9999133;;
68.617;-1.486838;-0.9999133;;
68.618;-1.486839;-0.9999134;;
68.6439333;;;-0.918315750524288;-0.49320425891748
68.443;-1.391207;-0.9940645;;
68.444;-1.391207;-0.9940645;;
68.446;-1.391207;-0.9940645;;
68.447;-1.391207;-0.9940645;;
68.448;-1.396969;-0.9946782;;
68.449;-1.396969;-0.9946782;;
68.476;-1.414316;-0.996321;;
68.478;-1.414456;-0.9963342;;
68.479;-1.414473;-0.9963358;;
68.48;-1.414476;-0.9963361;;
68.48;-1.414476;-0.9963361;;
68.481;-1.414476;-0.9963361;;
68.51;-1.426063;-0.9972629;;
68.512;-1.426063;-0.9972629;;
68.514;-1.43042;-0.9975731;;
68.516;-1.431713;-0.9976652;;
68.517;-1.431853;-0.9976751;;
68.518;-1.431889;-0.9976777;;
68.544;-1.449381;-0.9987165;;
68.545;-1.449505;-0.9987239;;
68.546;-1.449537;-0.9987258;;
68.548;-1.449547;-0.9987264;;
68.548;-1.449548;-0.9987264;;
68.549;-1.449548;-0.9987265;;
68.578;-1.466712;-0.9994445;;
68.58;-1.466823;-0.9994492;;
68.582;-1.466845;-0.9994501;;
68.589;-1.466857;-0.9994506;;
68.589;-1.466857;-0.9994506;;
68.59;-1.466859;-0.9994507;;
68.612;-1.486616;-0.9999082;;
68.613;-1.486783;-0.9999121;;
68.616;-1.486831;-0.9999132;;
68.617;-1.486837;-0.9999133;;
68.617;-1.486838;-0.9999133;;
68.618;-1.486839;-0.9999134;;
68.646;-1.497815;-0.9999965;;
68.648;-1.497825;-0.9999967;;
68.65;-1.497971;-0.9999977;;
68.651;-1.498002;-0.999998;;
68.652;-1.498007;-0.999998;;
68.652;-1.498008;-0.999998;;
68.68;-1.509557;-0.9999543;;
68.681;-1.509557;-0.9999543;;
68.683;-1.509557;-0.9999543;;
68.683;-1.509557;-0.9999543;;
68.685;-1.509557;-0.9999543;;
68.686;-1.509557;-0.9999543;;
68.713;-1.53291;-0.9994583;;
68.715;-1.53291;-0.9994583;;
68.717;-1.53291;-0.9994583;;
68.718;-1.53291;-0.9994583;;
68.718;-1.53291;-0.9994583;;
68.7195152;;;-0.575882481299641;-0.509229855244996
68.51;-1.426063;-0.9972629;;
68.512;-1.426063;-0.9972629;;
68.514;-1.43042;-0.9975731;;
68.516;-1.431713;-0.9976652;;
68.517;-1.431853;-0.9976751;;
68.518;-1.431889;-0.9976777;;
68.544;-1.449381;-0.9987165;;
68.545;-1.449505;-0.9987239;;
68.546;-1.449537;-0.9987258;;
68.548;-1.449547;-0.9987264;;
68.548;-1.449548;-0.9987264;;
68.549;-1.449548;-0.9987265;;
68.578;-1.466712;-0.9994445;;
68.58;-1.466823;-0.9994492;;
68.582;-1.466845;-0.9994501;;
68.589;-1.466857;-0.9994506;;
68.589;-1.466857;-0.9994506;;
68.59;-1.466859;-0.9994507;;
68.612;-1.486616;-0.9999082;;
68.613;-1.486783;-0.9999121;;
68.616;-1.486831;-0.9999132;;
68.617;-1.486837;-0.9999133;;
68.617;-1.486838;-0.9999133;;
68.618;-1.486839;-0.9999134;;
68.646;-1.497815;-0.9999965;;
68.648;-1.497825;-0.9999967;;
68.65;-1.497971;-0.9999977;;
68.651;-1.498002;-0.999998;;
68.652;-1.498007;-0.999998;;
68.652;-1.498008;-0.999998;;
68.68;-1.509557;-0.9999543;;
68.681;-1.509557;-0.9999543;;
68.683;-1.509557;-0.9999543;;
68.683;-1.509557;-0.9999543;;
68.685;-1.509557;-0.9999543;;
68.686;-1.509557;-0.9999543;;
68.713;-1.53291;-0.9994583;;
68.715;-1.53291;-0.9994583;;
68.717;-1.53291;-0.9994583;;
68.718;-1.53291;-0.9994583;;
68.718;-1.53291;-0.9994583;;
68.719;-1.541324;-0.9991388;;
68.748;-1.557955;-0.9983166;;
68.749;-1.558085;-0.9983106;;
68.751;-1.558143;-0.998308;;
68.752;-1.55951;-0.9982269;;
68.753;-1.559969;-0.9981997;;
68.755;-1.560386;-0.998175;;
68.782;-1.572028;-0.997402;;
68.783;-1.572083;-0.9973983;;
68.785;-1.572119;-0.9973959;;
68.7865632;;;0.175274638305218;-0.481899486791954
68.578;-1.466712;-0.9994445;;
68.58;-1.466823;-0.9994492;;
68.582;-1.466845;-0.9994501;;
68.589;-1.466857;-0.9994506;;
68.589;-1.466857;-0.9994506;;
68.59;-1.466859;-0.9994507;;
68.612;-1.486616;-0.9999082;;
68.613;-1.486783;-0.9999121;;
68.616;-1.486831;-0.9999132;;
68.617;-1.486837;-0.9999133;;
68.617;-1.486838;-0.9999133;;
68.618;-1.486839;-0.9999134;;
68.646;-1.497815;-0.9999965;;
68.648;-1.497825;-0.9999967;;
68.65;-1.497971;-0.9999977;;
68.651;-1.498002;-0.999998;;
68.652;-1.498007;-0.999998;;
68.652;-1.498008;-0.999998;;
68.68;-1.509557;-0.9999543;;
68.681;-1.509557;-0.9999543;;
68.683;-1.509557;-0.9999543;;
68.683;-1.509557;-0.9999543;;
68.685;-1.509557;-0.9999543;;
68.686;-1.509557;-0.9999543;;
68.713;-1.53291;-0.9994583;;
68.715;-1.53291;-0.9994583;;
68.717;-1.53291;-0.9994583;;
68.718;-1.53291;-0.9994583;;
68.718;-1.53291;-0.9994583;;
68.719;-1.541324;-0.9991388;;
68.748;-1.557955;-0.9983166;;
68.749;-1.558085;-0.9983106;;
68.751;-1.558143;-0.998308;;
68.752;-1.55951;-0.9982269;;
68.753;-1.559969;-0.9981997;;
68.755;-1.560386;-0.998175;;
68.782;-1.572028;-0.997402;;
68.783;-1.572083;-0.9973983;;
68.785;-1.572119;-0.9973959;;
68.787;-1.577288;-0.997007;;
68.788;-1.577521;-0.9969894;;
68.788;-1.577589;-0.9969843;;
68.815;-1.591994;-0.9957562;;
68.817;-1.592262;-0.9957341;;
68.82;-1.594883;-0.9954877;;
68.821;-1.59527;-0.9954513;;
68.822;-1.595354;-0.9954434;;
68.822;-1.595368;-0.9954421;;
68.848;-1.607036;-0.9942544;;
68.851;-1.607101;-0.9942478;;
68.851;-1.607107;-0.9942473;;
68.855;-1.612927;-0.9936032;;
68.855;-1.612927;-0.9936032;;
68.856;-1.612927;-0.9936032;;
68.8645566;;;0.536053429460011;-0.435765495279491
68.646;-1.497815;-0.9999965;;
68.648;-1.497825;-0.9999967;;
68.65;-1.497971;-0.9999977;;
68.651;-1.498002;-0.999998;;
68.652;-1.498007;-0.999998;;
68.652;-1.498008;-0.999998;;
68.68;-1.509557;-0.9999543;;
68.681;-1.509557;-0.9999543;;
68.683;-1.509557;-0.9999543;;
68.683;-1.509557;-0.9999543;;
68.685;-1.509557;-0.9999543;;
68.686;-1.509557;-0.9999543;;
68.713;-1.53291;-0.9994583;;
68.715;-1.53291;-0.9994583;;
68.717;-1.53291;-0.9994583;;
68.718;-1.53291;-0.9994583;;
68.718;-1.53291;-0.9994583;;
68.719;-1.541324;-0.9991388;;
68.748;-1.557955;-0.9983166;;
68.749;-1.558085;-0.9983106;;
68.751;-1.558143;-0.998308;;
68.752;-1.55951;-0.9982269;;
68.753;-1.559969;-0.9981997;;
68.755;-1.560386;-0.998175;;
68.782;-1.572028;-0.997402;;
68.783;-1.572083;-0.9973983;;
68.785;-1.572119;-0.9973959;;
68.787;-1.577288;-0.997007;;
68.788;-1.577521;-0.9969894;;
68.788;-1.577589;-0.9969843;;
68.815;-1.591994;-0.9957562;;
68.817;-1.592262;-0.9957341;;
68.82;-1.594883;-0.9954877;;
68.821;-1.59527;-0.9954513;;
68.822;-1.595354;-0.9954434;;
68.822;-1.595368;-0.9954421;;
68.848;-1.607036;-0.9942544;;
68.851;-1.607101;-0.9942478;;
68.851;-1.607107;-0.9942473;;
68.855;-1.612927;-0.9936032;;
68.855;-1.612927;-0.9936032;;
68.856;-1.612927;-0.9936032;;
68.883;-1.624366;-0.9922358;;
68.885;-1.624446;-0.9922263;;
68.887;-1.631866;-0.9912608;;
68.888;-1.633352;-0.9910675;;
68.889;-1.633564;-0.99104;;
68.89;-1.633611;-0.9910339;;
68.917;-1.641759;-0.9899009;;
68.919;-1.641811;-0.9898937;;
68.921;-1.645965;-0.9892858;;
68.922;-1.646857;-0.9891554;;
68.922;-1.647077;-0.9891232;;
68.923;-1.647763;-0.9890229;;
68.9314206;;;0.024269923535145;-0.416589228826457
68.713;-1.53291;-0.9994583;;
68.715;-1.53291;-0.9994583;;
68.717;-1.53291;-0.9994583;;
68.718;-1.53291;-0.9994583;;
68.718;-1.53291;-0.9994583;;
68.719;-1.541324;-0.9991388;;
68.748;-1.557955;-0.9983166;;
68.749;-1.558085;-0.9983106;;
68.751;-1.558143;-0.998308;;
68.752;-1.55951;-0.9982269;;
68.753;-1.559969;-0.9981997;;
68.755;-1.560386;-0.998175;;
68.782;-1.572028;-0.997402;;
68.783;-1.572083;-0.9973983;;
68.785;-1.572119;-0.9973959;;
68.787;-1.577288;-0.997007;;
68.788;-1.577521;-0.9969894;;
68.788;-1.577589;-0.9969843;;
68.815;-1.591994;-0.9957562;;
68.817;-1.592262;-0.9957341;;
68.82;-1.594883;-0.9954877;;
68.821;-1.59527;-0.9954513;;
68.822;-1.595354;-0.9954434;;
68.822;-1.595368;-0.9954421;;
68.848;-1.607036;-0.9942544;;
68.851;-1.607101;-0.9942478;;
68.851;-1.607107;-0.9942473;;
68.855;-1.612927;-0.9936032;;
68.855;-1.612927;-0.9936032;;
68.856;-1.612927;-0.9936032;;
68.883;-1.624366;-0.9922358;;
68.885;-1.624446;-0.9922263;;
68.887;-1.631866;-0.9912608;;
68.888;-1.633352;-0.9910675;;
68.889;-1.633564;-0.99104;;
68.89;-1.633611;-0.9910339;;
68.917;-1.641759;-0.9899009;;
68.919;-1.641811;-0.9898937;;
68.921;-1.645965;-0.9892858;;
68.922;-1.646857;-0.9891554;;
68.922;-1.647077;-0.9891232;;
68.923;-1.647763;-0.9890229;;
68.952;-1.659348;-0.9872225;;
68.953;-1.659348;-0.9872225;;
68.955;-1.667186;-0.9859212;;
68.956;-1.667898;-0.9858031;;
68.957;-1.668107;-0.9857684;;
68.958;-1.668175;-0.9857571;;
68.992;-1.676579;-0.9842862;;
68.993;-1.676631;-0.9842772;;
68.994;-1.68094;-0.9834911;;
68.995;-1.682254;-0.9832514;;
68.995;-1.682254;-0.9832514;;
68.996;-1.682254;-0.9832514;;
68.9980823;;;-0.622249691425679;-0.417552420278817
68.782;-1.572028;-0.997402;;
68.783;-1.572083;-0.9973983;;
68.785;-1.572119;-0.9973959;;
68.787;-1.577288;-0.997007;;
68.788;-1.577521;-0.9969894;;
68.788;-1.577589;-0.9969843;;
68.815;-1.591994;-0.9957562;;
68.817;-1.592262;-0.9957341;;
68.82;-1.594883;-0.9954877;;
68.821;-1.59527;-0.9954513;;
68.822;-1.595354;-0.9954434;;
68.822;-1.595368;-0.9954421;;
68.848;-1.607036;-0.9942544;;
68.851;-1.607101;-0.9942478;;
68.851;-1.607107;-0.9942473;;
68.855;-1.612927;-0.9936032;;
68.855;-1.612927;-0.9936032;;
68.856;-1.612927;-0.9936032;;
68.883;-1.624366;-0.9922358;;
68.885;-1.624446;-0.9922263;;
68.887;-1.631866;-0.9912608;;
68.888;-1.633352;-0.9910675;;
68.889;-1.633564;-0.99104;;
68.89;-1.633611;-0.9910339;;
68.917;-1.641759;-0.9899009;;
68.919;-1.641811;-0.9898937;;
68.921;-1.645965;-0.9892858;;
68.922;-1.646857;-0.9891554;;
68.922;-1.647077;-0.9891232;;
68.923;-1.647763;-0.9890229;;
68.952;-1.659348;-0.9872225;;
68.953;-1.659348;-0.9872225;;
68.955;-1.667186;-0.9859212;;
68.956;-1.667898;-0.9858031;;
68.957;-1.668107;-0.9857684;;
68.958;-1.668175;-0.9857571;;
68.992;-1.676579;-0.9842862;;
68.993;-1.676631;-0.9842772;;
68.994;-1.68094;-0.9834911;;
68.995;-1.682254;-0.9832514;;
68.995;-1.682254;-0.9832514;;
68.996;-1.682254;-0.9832514;;
69.022;-1.703344;-0.9791073;;
69.023;-1.703344;-0.9791073;;
69.025;-1.703344;-0.9791073;;
69.026;-1.703344;-0.9791073;;
69.028;-1.703344;-0.9791073;;
69.028;-1.703344;-0.9791073;;
69.029;-1.703344;-0.9791073;;
69.029;-1.703344;-0.9791073;;
69.055;-1.716662;-0.9762467;;
69.055;-1.716662;-0.9762467;;
69.056;-1.716662;-0.9762467;;
69.058;-1.716662;-0.9762467;;
69.065258;;;-0.144889046968044;-0.395984476450344
68.848;-1.607036;-0.9942544;;
68.851;-1.607101;-0.9942478;;
68.851;-1.607107;-0.9942473;;
68.855;-1.612927;-0.9936032;;
68.855;-1.612927;-0.9936032;;
68.856;-1.612927;-0.9936032;;
68.883;-1.624366;-0.9922358;;
68.885;-1.624446;-0.9922263;;
68.887;-1.631866;-0.9912608;;
68.888;-1.633352;-0.9910675;;
68.889;-1.633564;-0.99104;;
68.89;-1.633611;-0.9910339;;
68.917;-1.641759;-0.9899009;;
68.919;-1.641811;-0.9898937;;
68.921;-1.645965;-0.9892858;;
68.922;-1.646857;-0.9891554;;
68.922;-1.647077;-0.9891232;;
68.923;-1.647763;-0.9890229;;
68.952;-1.659348;-0.9872225;;
68.953;-1.659348;-0.9872225;;
68.955;-1.667186;-0.9859212;;
68.956;-1.667898;-0.9858031;;
68.957;-1.668107;-0.9857684;;
68.958;-1.668175;-0.9857571;;
68.992;-1.676579;-0.9842862;;
68.993;-1.676631;-0.9842772;;
68.994;-1.68094;-0.9834911;;
68.995;-1.682254;-0.9832514;;
68.995;-1.682254;-0.9832514;;
68.996;-1.682254;-0.9832514;;
69.022;-1.703344;-0.9791073;;
69.023;-1.703344;-0.9791073;;
69.025;-1.703344;-0.9791073;;
69.026;-1.703344;-0.9791073;;
69.028;-1.703344;-0.9791073;;
69.028;-1.703344;-0.9791073;;
69.029;-1.703344;-0.9791073;;
69.029;-1.703344;-0.9791073;;
69.055;-1.716662;-0.9762467;;
69.055;-1.716662;-0.9762467;;
69.056;-1.716662;-0.9762467;;
69.058;-1.716662;-0.9762467;;
69.088;-1.73627;-0.9716823;;
69.09;-1.736697;-0.9715829;;
69.091;-1.736743;-0.9715723;;
69.093;-1.736756;-0.9715692;;
69.094;-1.736757;-0.9715689;;
69.095;-1.736758;-0.9715688;;
69.095;-1.736758;-0.9715688;;
69.123;-1.750766;-0.9680468;;
69.124;-1.750862;-0.9680226;;
69.125;-1.750883;-0.9680175;;
69.127;-1.75089;-0.9680156;;
69.128;-1.750892;-0.968015;;
69.128;-1.750892;-0.968015;;
69.1320659;;;0.0852586243646534;-0.374590368574215
68.917;-1.641759;-0.9899009;;
68.919;-1.641811;-0.9898937;;
68.921;-1.645965;-0.9892858;;
68.922;-1.646857;-0.9891554;;
68.922;-1.647077;-0.9891232;;
68.923;-1.647763;-0.9890229;;
68.952;-1.659348;-0.9872225;;
68.953;-1.659348;-0.9872225;;
68.955;-1.667186;-0.9859212;;
68.956;-1.667898;-0.9858031;;
68.957;-1.668107;-0.9857684;;
68.958;-1.668175;-0.9857571;;
68.992;-1.676579;-0.9842862;;
68.993;-1.676631;-0.9842772;;
68.994;-1.68094;-0.9834911;;
68.995;-1.682254;-0.9832514;;
68.995;-1.682254;-0.9832514;;
68.996;-1.682254;-0.9832514;;
69.022;-1.703344;-0.9791073;;
69.023;-1.703344;-0.9791073;;
69.025;-1.703344;-0.9791073;;
69.026;-1.703344;-0.9791073;;
69.028;-1.703344;-0.9791073;;
69.028;-1.703344;-0.9791073;;
69.029;-1.703344;-0.9791073;;
69.029;-1.703344;-0.9791073;;
69.055;-1.716662;-0.9762467;;
69.055;-1.716662;-0.9762467;;
69.056;-1.716662;-0.9762467;;
69.058;-1.716662;-0.9762467;;
69.088;-1.73627;-0.9716823;;
69.09;-1.736697;-0.9715829;;
69.091;-1.736743;-0.9715723;;
69.093;-1.736756;-0.9715692;;
69.094;-1.736757;-0.9715689;;
69.095;-1.736758;-0.9715688;;
69.095;-1.736758;-0.9715688;;
69.123;-1.750766;-0.9680468;;
69.124;-1.750862;-0.9680226;;
69.125;-1.750883;-0.9680175;;
69.127;-1.75089;-0.9680156;;
69.128;-1.750892;-0.968015;;
69.128;-1.750892;-0.968015;;
69.157;-1.770912;-0.9626042;;
69.158;-1.770912;-0.9626042;;
69.159;-1.770912;-0.9626042;;
69.16;-1.770912;-0.9626042;;
69.161;-1.770912;-0.9626042;;
69.162;-1.770912;-0.9626042;;
69.19;-1.784499;-0.9586753;;
69.191;-1.784596;-0.9586473;;
69.192;-1.78461;-0.9586433;;
69.193;-1.784621;-0.9586401;;
69.195;-1.784621;-0.9586401;;
69.195;-1.784621;-0.9586401;;
69.195;-1.784621;-0.9586401;;
69.1991468;;;-0.105209056396645;-0.365078549502247
68.992;-1.676579;-0.9842862;;
68.993;-1.676631;-0.9842772;;
68.994;-1.68094;-0.9834911;;
68.995;-1.682254;-0.9832514;;
68.995;-1.682254;-0.9832514;;
68.996;-1.682254;-0.9832514;;
69.022;-1.703344;-0.9791073;;
69.023;-1.703344;-0.9791073;;
69.025;-1.703344;-0.9791073;;
69.026;-1.703344;-0.9791073;;
69.028;-1.703344;-0.9791073;;
69.028;-1.703344;-0.9791073;;
69.029;-1.703344;-0.9791073;;
69.029;-1.703344;-0.9791073;;
69.055;-1.716662;-0.9762467;;
69.055;-1.716662;-0.9762467;;
69.056;-1.716662;-0.9762467;;
69.058;-1.716662;-0.9762467;;
69.088;-1.73627;-0.9716823;;
69.09;-1.736697;-0.9715829;;
69.091;-1.736743;-0.9715723;;
69.093;-1.736756;-0.9715692;;
69.094;-1.736757;-0.9715689;;
69.095;-1.736758;-0.9715688;;
69.095;-1.736758;-0.9715688;;
69.123;-1.750766;-0.9680468;;
69.124;-1.750862;-0.9680226;;
69.125;-1.750883;-0.9680175;;
69.127;-1.75089;-0.9680156;;
69.128;-1.750892;-0.968015;;
69.128;-1.750892;-0.968015;;
69.157;-1.770912;-0.9626042;;
69.158;-1.770912;-0.9626042;;
69.159;-1.770912;-0.9626042;;
69.16;-1.770912;-0.9626042;;
69.161;-1.770912;-0.9626042;;
69.162;-1.770912;-0.9626042;;
69.19;-1.784499;-0.9586753;;
69.191;-1.784596;-0.9586473;;
69.192;-1.78461;-0.9586433;;
69.193;-1.784621;-0.9586401;;
69.195;-1.784621;-0.9586401;;
69.195;-1.784621;-0.9586401;;
69.195;-1.784621;-0.9586401;;
69.225;-1.804028;-0.9526632;;
69.226;-1.804028;-0.9526632;;
69.227;-1.804028;-0.9526632;;
69.229;-1.804028;-0.9526632;;
69.229;-1.804028;-0.9526632;;
69.258;-1.817886;-0.9481272;;
69.26;-1.818074;-0.9480655;;
69.262;-1.818112;-0.9480531;;
69.262;-1.818112;-0.9480531;;
69.264;-1.818121;-0.94805;;
69.264;-1.818121;-0.94805;;
69.265;-1.818121;-0.94805;;
69.2774764;;;-0.803445495188037;-0.391891736662253
69.055;-1.716662;-0.9762467;;
69.055;-1.716662;-0.9762467;;
69.056;-1.716662;-0.9762467;;
69.058;-1.716662;-0.9762467;;
69.088;-1.73627;-0.9716823;;
69.09;-1.736697;-0.9715829;;
69.091;-1.736743;-0.9715723;;
69.093;-1.736756;-0.9715692;;
69.094;-1.736757;-0.9715689;;
69.095;-1.736758;-0.9715688;;
69.095;-1.736758;-0.9715688;;
69.123;-1.750766;-0.9680468;;
69.124;-1.750862;-0.9680226;;
69.125;-1.750883;-0.9680175;;
69.127;-1.75089;-0.9680156;;
69.128;-1.750892;-0.968015;;
69.128;-1.750892;-0.968015;;
69.157;-1.770912;-0.9626042;;
69.158;-1.770912;-0.9626042;;
69.159;-1.770912;-0.9626042;;
69.16;-1.770912;-0.9626042;;
69.161;-1.770912;-0.9626042;;
69.162;-1.770912;-0.9626042;;
69.19;-1.784499;-0.9586753;;
69.191;-1.784596;-0.9586473;;
69.192;-1.78461;-0.9586433;;
69.193;-1.784621;-0.9586401;;
69.195;-1.784621;-0.9586401;;
69.195;-1.784621;-0.9586401;;
69.195;-1.784621;-0.9586401;;
69.225;-1.804028;-0.9526632;;
69.226;-1.804028;-0.9526632;;
69.227;-1.804028;-0.9526632;;
69.229;-1.804028;-0.9526632;;
69.229;-1.804028;-0.9526632;;
69.258;-1.817886;-0.9481272;;
69.26;-1.818074;-0.9480655;;
69.262;-1.818112;-0.9480531;;
69.262;-1.818112;-0.9480531;;
69.264;-1.818121;-0.94805;;
69.264;-1.818121;-0.94805;;
69.265;-1.818121;-0.94805;;
69.292;-1.829048;-0.9443126;;
69.294;-1.829108;-0.9442919;;
69.296;-1.832781;-0.9429999;;
69.297;-1.834303;-0.9424645;;
69.298;-1.8346;-0.9423602;;
69.327;-1.851071;-0.9363488;;
69.328;-1.851071;-0.9363488;;
69.329;-1.851071;-0.9363488;;
69.33;-1.851071;-0.9363488;;
69.33;-1.851071;-0.9363488;;
69.331;-1.851071;-0.9363488;;
69.331;-1.851071;-0.9363488;;
69.3501817;;;-0.787040069160519;-0.41765678523468
69.123;-1.750766;-0.9680468;;
69.124;-1.750862;-0.9680226;;
69.125;-1.750883;-0.9680175;;
69.127;-1.75089;-0.9680156;;
69.128;-1.750892;-0.968015;;
69.128;-1.750892;-0.968015;;
69.157;-1.770912;-0.9626042;;
69.158;-1.770912;-0.9626042;;
69.159;-1.770912;-0.9626042;;
69.16;-1.770912;-0.9626042;;
69.161;-1.770912;-0.9626042;;
69.162;-1.770912;-0.9626042;;
69.19;-1.784499;-0.9586753;;
69.191;-1.784596;-0.9586473;;
69.192;-1.78461;-0.9586433;;
69.193;-1.784621;-0.9586401;;
69.195;-1.784621;-0.9586401;;
69.195;-1.784621;-0.9586401;;
69.195;-1.784621;-0.9586401;;
69.225;-1.804028;-0.9526632;;
69.226;-1.804028;-0.9526632;;
69.227;-1.804028;-0.9526632;;
69.229;-1.804028;-0.9526632;;
69.229;-1.804028;-0.9526632;;
69.258;-1.817886;-0.9481272;;
69.26;-1.818074;-0.9480655;;
69.262;-1.818112;-0.9480531;;
69.262;-1.818112;-0.9480531;;
69.264;-1.818121;-0.94805;;
69.264;-1.818121;-0.94805;;
69.265;-1.818121;-0.94805;;
69.292;-1.829048;-0.9443126;;
69.294;-1.829108;-0.9442919;;
69.296;-1.832781;-0.9429999;;
69.297;-1.834303;-0.9424645;;
69.298;-1.8346;-0.9423602;;
69.327;-1.851071;-0.9363488;;
69.328;-1.851071;-0.9363488;;
69.329;-1.851071;-0.9363488;;
69.33;-1.851071;-0.9363488;;
69.33;-1.851071;-0.9363488;;
69.331;-1.851071;-0.9363488;;
69.331;-1.851071;-0.9363488;;
69.36;-1.8619;-0.9322163;;
69.362;-1.861971;-0.9321892;;
69.364;-1.861984;-0.9321841;;
69.365;-1.861987;-0.9321829;;
69.365;-1.861988;-0.9321826;;
69.367;-1.861992;-0.9321812;;
69.394;-1.883712;-0.9234527;;
69.396;-1.883712;-0.9234527;;
69.397;-1.883712;-0.9234527;;
69.398;-1.883712;-0.9234527;;
69.399;-1.883712;-0.9234527;;
69.4264465;;;-0.524428375725105;-0.412945876229654
69.225;-1.804028;-0.9526632;;
69.226;-1.804028;-0.9526632;;
69.227;-1.804028;-0.9526632;;
69.229;-1.804028;-0.9526632;;
69.229;-1.804028;-0.9526632;;
69.258;-1.817886;-0.9481272;;
69.26;-1.818074;-0.9480655;;
69.262;-1.818112;-0.9480531;;
69.262;-1.818112;-0.9480531;;
69.264;-1.818121;-0.94805;;
69.264;-1.818121;-0.94805;;
69.265;-1.818121;-0.94805;;
69.292;-1.829048;-0.9443126;;
69.294;-1.829108;-0.9442919;;
69.296;-1.832781;-0.9429999;;
69.297;-1.834303;-0.9424645;;
69.298;-1.8346;-0.9423602;;
69.327;-1.851071;-0.9363488;;
69.328;-1.851071;-0.9363488;;
69.329;-1.851071;-0.9363488;;
69.33;-1.851071;-0.9363488;;
69.33;-1.851071;-0.9363488;;
69.331;-1.851071;-0.9363488;;
69.331;-1.851071;-0.9363488;;
69.36;-1.8619;-0.9322163;;
69.362;-1.861971;-0.9321892;;
69.364;-1.861984;-0.9321841;;
69.365;-1.861987;-0.9321829;;
69.365;-1.861988;-0.9321826;;
69.367;-1.861992;-0.9321812;;
69.394;-1.883712;-0.9234527;;
69.396;-1.883712;-0.9234527;;
69.397;-1.883712;-0.9234527;;
69.398;-1.883712;-0.9234527;;
69.399;-1.883712;-0.9234527;;
69.427;-1.896273;-0.9181328;;
69.428;-1.896166;-0.9181781;;
69.43;-1.896173;-0.9181752;;
69.432;-1.896179;-0.9181727;;
69.433;-1.896273;-0.9181328;;
69.434;-1.896273;-0.9181328;;
69.434;-1.896273;-0.9181328;;
69.461;-1.906962;-0.9134453;;
69.462;-1.906962;-0.9134453;;
69.464;-1.906962;-0.9134453;;
69.464;-1.906962;-0.9134453;;
69.465;-1.906962;-0.9134453;;
69.466;-1.906962;-0.9134453;;
69.495;-1.928239;-0.9036655;;
69.496;-1.928239;-0.9036655;;
69.498;-1.928239;-0.9036655;;
69.5;-1.928239;-0.9036655;;
69.5;-1.928239;-0.9036655;;
69.5010843;;;-0.420190351280768;-0.39641143432387
69.292;-1.829048;-0.9443126;;
69.294;-1.829108;-0.9442919;;
69.296;-1.832781;-0.9429999;;
69.297;-1.834303;-0.9424645;;
69.298;-1.8346;-0.9423602;;
69.327;-1.851071;-0.9363488;;
69.328;-1.851071;-0.9363488;;
69.329;-1.851071;-0.9363488;;
69.33;-1.851071;-0.9363488;;
69.33;-1.851071;-0.9363488;;
69.331;-1.851071;-0.9363488;;
69.331;-1.851071;-0.9363488;;
69.36;-1.8619;-0.9322163;;
69.362;-1.861971;-0.9321892;;
69.364;-1.861984;-0.9321841;;
69.365;-1.861987;-0.9321829;;
69.365;-1.861988;-0.9321826;;
69.367;-1.861992;-0.9321812;;
69.394;-1.883712;-0.9234527;;
69.396;-1.883712;-0.9234527;;
69.397;-1.883712;-0.9234527;;
69.398;-1.883712;-0.9234527;;
69.399;-1.883712;-0.9234527;;
69.427;-1.896273;-0.9181328;;
69.428;-1.896166;-0.9181781;;
69.43;-1.896173;-0.9181752;;
69.432;-1.896179;-0.9181727;;
69.433;-1.896273;-0.9181328;;
69.434;-1.896273;-0.9181328;;
69.434;-1.896273;-0.9181328;;
69.461;-1.906962;-0.9134453;;
69.462;-1.906962;-0.9134453;;
69.464;-1.906962;-0.9134453;;
69.464;-1.906962;-0.9134453;;
69.465;-1.906962;-0.9134453;;
69.466;-1.906962;-0.9134453;;
69.495;-1.928239;-0.9036655;;
69.496;-1.928239;-0.9036655;;
69.498;-1.928239;-0.9036655;;
69.5;-1.928239;-0.9036655;;
69.5;-1.928239;-0.9036655;;
69.528;-1.951692;-0.8921703;;
69.529;-1.951858;-0.8920894;;
69.53;-1.951887;-0.8920748;;
69.532;-1.951898;-0.8920695;;
69.533;-1.951901;-0.8920681;;
69.534;-1.952908;-0.891556;;
69.535;-1.95419;-0.8909045;;
69.562;-1.963134;-0.8862879;;
69.562;-1.963189;-0.8862595;;
69.564;-1.963214;-0.8862465;;
69.566;-1.963216;-0.8862454;;
69.567;-1.963216;-0.8862453;;
69.568;-1.963217;-0.8862451;;
69.5680825;;;-0.439634953256692;-0.396531980821906
69.36;-1.8619;-0.9322163;;
69.362;-1.861971;-0.9321892;;
69.364;-1.861984;-0.9321841;;
69.365;-1.861987;-0.9321829;;
69.365;-1.861988;-0.9321826;;
69.367;-1.861992;-0.9321812;;
69.394;-1.883712;-0.9234527;;
69.396;-1.883712;-0.9234527;;
69.397;-1.883712;-0.9234527;;
69.398;-1.883712;-0.9234527;;
69.399;-1.883712;-0.9234527;;
69.427;-1.896273;-0.9181328;;
69.428;-1.896166;-0.9181781;;
69.43;-1.896173;-0.9181752;;
69.432;-1.896179;-0.9181727;;
69.433;-1.896273;-0.9181328;;
69.434;-1.896273;-0.9181328;;
69.434;-1.896273;-0.9181328;;
69.461;-1.906962;-0.9134453;;
69.462;-1.906962;-0.9134453;;
69.464;-1.906962;-0.9134453;;
69.464;-1.906962;-0.9134453;;
69.465;-1.906962;-0.9134453;;
69.466;-1.906962;-0.9134453;;
69.495;-1.928239;-0.9036655;;
69.496;-1.928239;-0.9036655;;
69.498;-1.928239;-0.9036655;;
69.5;-1.928239;-0.9036655;;
69.5;-1.928239;-0.9036655;;
69.528;-1.951692;-0.8921703;;
69.529;-1.951858;-0.8920894;;
69.53;-1.951887;-0.8920748;;
69.532;-1.951898;-0.8920695;;
69.533;-1.951901;-0.8920681;;
69.534;-1.952908;-0.891556;;
69.535;-1.95419;-0.8909045;;
69.562;-1.963134;-0.8862879;;
69.562;-1.963189;-0.8862595;;
69.564;-1.963214;-0.8862465;;
69.566;-1.963216;-0.8862454;;
69.567;-1.963216;-0.8862453;;
69.568;-1.963217;-0.8862451;;
69.595;-1.983314;-0.8754443;;
69.596;-1.98347;-0.8753604;;
69.598;-1.983495;-0.875347;;
69.6;-1.983497;-0.8753459;;
69.601;-1.983498;-0.8753457;;
69.602;-1.985413;-0.8742847;;
69.63;-1.993928;-0.8695021;;
69.631;-1.993971;-0.8694784;;
69.634;-1.993995;-0.8694646;;
69.635146;;;-0.154344253106025;-0.398051940798643
69.427;-1.896273;-0.9181328;;
69.428;-1.896166;-0.9181781;;
69.43;-1.896173;-0.9181752;;
69.432;-1.896179;-0.9181727;;
69.433;-1.896273;-0.9181328;;
69.434;-1.896273;-0.9181328;;
69.434;-1.896273;-0.9181328;;
69.461;-1.906962;-0.9134453;;
69.462;-1.906962;-0.9134453;;
69.464;-1.906962;-0.9134453;;
69.464;-1.906962;-0.9134453;;
69.465;-1.906962;-0.9134453;;
69.466;-1.906962;-0.9134453;;
69.495;-1.928239;-0.9036655;;
69.496;-1.928239;-0.9036655;;
69.498;-1.928239;-0.9036655;;
69.5;-1.928239;-0.9036655;;
69.5;-1.928239;-0.9036655;;
69.528;-1.951692;-0.8921703;;
69.529;-1.951858;-0.8920894;;
69.53;-1.951887;-0.8920748;;
69.532;-1.951898;-0.8920695;;
69.533;-1.951901;-0.8920681;;
69.534;-1.952908;-0.891556;;
69.535;-1.95419;-0.8909045;;
69.562;-1.963134;-0.8862879;;
69.562;-1.963189;-0.8862595;;
69.564;-1.963214;-0.8862465;;
69.566;-1.963216;-0.8862454;;
69.567;-1.963216;-0.8862453;;
69.568;-1.963217;-0.8862451;;
69.595;-1.983314;-0.8754443;;
69.596;-1.98347;-0.8753604;;
69.598;-1.983495;-0.875347;;
69.6;-1.983497;-0.8753459;;
69.601;-1.983498;-0.8753457;;
69.602;-1.985413;-0.8742847;;
69.63;-1.993928;-0.8695021;;
69.631;-1.993971;-0.8694784;;
69.634;-1.993995;-0.8694646;;
69.635;-1.999136;-0.8665239;;
69.636;-1.998535;-0.8668674;;
69.636;-1.998649;-0.8668025;;
69.662;-2.012739;-0.8585424;;
69.665;-2.012868;-0.8584672;;
69.667;-2.012893;-0.8584526;;
69.668;-2.012902;-0.8584472;;
69.669;-2.014228;-0.8576528;;
69.669;-2.014439;-0.8575265;;
69.697;-2.024128;-0.8516386;;
69.698;-2.024173;-0.8516116;;
69.701;-2.024204;-0.8515929;;
69.7025484;;;-0.0508416718596437;-0.398443786661021
